2 0.17078125 0 0.17078125 0.5622916671875 0.73609375 0.5622916671875 0.73609375 0 0.17078125 0
1 1 0.4452083328125 0.89375 0.4452083328125 0.89375 0.5175 1 0.5175 1 0.4452083328125
1 0.67421875 0.1833333328125 0.67421875 0.48520833281250003 0.85703125 0.48520833281250003 0.85703125 0.1833333328125 0.67421875 0.1833333328125
1 0.62 0.44125 0.62 0.48645833281249995 0.754375 0.48645833281249995 0.754375 0.44125 0.62 0.44125
1 0.6837500000000001 0.19875 0.6837500000000001 0.11750000000000001 0.5821875000000001 0.11750000000000001 0.5821875000000001 0.19875 0.6837500000000001 0.19875
1 0.1990625 0.45541666718749996 0.1990625 0.5058333328125 0.38296874999999997 0.5058333328125 0.38296874999999997 0.45541666718749996 0.1990625 0.45541666718749996
1 0 0.1485416671875 0.40031249999999996 0.1485416671875 0.40031249999999996 0.0258333328125 0 0.0258333328125 0 0.1485416671875
1 0 0 0 0.0322916671875 0.40125 0.0322916671875 0.40125 0 0 0
1 0.22171875000000002 0.2158333328125 0.22171875000000002 0.1727083328125 0.1025 0.1727083328125 0.1025 0.2158333328125 0.22171875000000002 0.2158333328125
1 0.22000000000000003 0.23479166718750002 0.22000000000000003 0.20187499999999997 0.10671875 0.20187499999999997 0.10671875 0.23479166718750002 0.22000000000000003 0.23479166718750002
1 0.19343749999999998 0.39958333281249997 0.19343749999999998 0.4702083328125 0.38390625 0.4702083328125 0.38390625 0.39958333281249997 0.19343749999999998 0.39958333281249997
1 0.22171875000000002 0.2577083328125 0.22171875000000002 0.22374999999999998 0.1125 0.22374999999999998 0.1125 0.2577083328125 0.22171875000000002 0.2577083328125
4 0.60671875 0.25833333281250004 0.60671875 0.025 0.43656249999999996 0.025 0.43656249999999996 0.25833333281250004 0.60671875 0.25833333281250004
1 0.20890625 0.27749999999999997 0.20890625 0.2475 0.14390624999999999 0.2475 0.14390624999999999 0.27749999999999997 0.20890625 0.27749999999999997
1 0.21203124999999998 0.2979166671875 0.21203124999999998 0.27375 0.15609375 0.27375 0.15609375 0.2979166671875 0.21203124999999998 0.2979166671875
1 0.21171875 0.3183333328125 0.21171875 0.291875 0.15953124999999999 0.291875 0.15953124999999999 0.3183333328125 0.21171875 0.3183333328125
1 0.2109375 0.3391666671875 0.2109375 0.3127083328125 0.15296875000000001 0.3127083328125 0.15296875000000001 0.3391666671875 0.2109375 0.3391666671875
1 0.20921875 0.36062500000000003 0.20921875 0.33645833281250004 0.15078125 0.33645833281250004 0.15078125 0.36062500000000003 0.20921875 0.36062500000000003
1 0.21203124999999998 0.3772916671875 0.21203124999999998 0.35625 0.15609375 0.35625 0.15609375 0.3772916671875 0.21203124999999998 0.3772916671875
1 0.20812499999999998 0.3985416671875 0.20812499999999998 0.37625000000000003 0.1615625 0.37625000000000003 0.1615625 0.3985416671875 0.20812499999999998 0.3985416671875
1 0.20187499999999997 0.42270833281250003 0.20187499999999997 0.399375 0.16890624999999998 0.399375 0.16890624999999998 0.42270833281250003 0.20187499999999997 0.42270833281250003
1 0.0003125 0.2260416671875 0.0003125 0.2770833328125 0.1575 0.2770833328125 0.1575 0.2260416671875 0.0003125 0.2260416671875
1 0.0009375 0.2622916671875 0.0009375 0.31083333281250003 0.16578125 0.31083333281250003 0.16578125 0.2622916671875 0.0009375 0.2622916671875
1 0.0003125 0.3020833328125 0.0003125 0.3447916671875 0.173125 0.3447916671875 0.173125 0.3020833328125 0.0003125 0.3020833328125
1 0.0009375 0.33187500000000003 0.0009375 0.3739583328125 0.17765625000000002 0.3739583328125 0.17765625000000002 0.33187500000000003 0.0009375 0.33187500000000003
1 0.00203125 0.3641666671875 0.00203125 0.40458333281250003 0.17140625 0.40458333281250003 0.17140625 0.3641666671875 0.00203125 0.3641666671875
1 0.0003125 0.3958333328125 0.0003125 0.44770833281250005 0.16921875 0.44770833281250005 0.16921875 0.3958333328125 0.0003125 0.3958333328125
1 0.0009375 0.42770833281250004 0.0009375 0.4814583328125 0.17171875 0.4814583328125 0.17171875 0.42770833281250004 0.0009375 0.42770833281250004