1 0.7646875 0.14805555625 0.7646875 0.235277778125 0.9910937499999999 0.235277778125 0.9910937499999999 0.14805555625 0.7646875 0.14805555625
1 0.9730729171875 0.15064814843750002 0.9730729171875 0.04805555625 0.7653645828125 0.04805555625 0.7653645828125 0.15064814843750002 0.9730729171875 0.15064814843750002
1 0.7690104171875001 0.1916666671875 0.7690104171875001 0.13138888906249999 0.7163541671875 0.13138888906249999 0.7163541671875 0.1916666671875 0.7690104171875001 0.1916666671875
1 0.7675520828125 0.26601851875000004 0.7675520828125 0.2006481484375 0.7170833328125 0.2006481484375 0.7170833328125 0.26601851875000004 0.7675520828125 0.26601851875000004
1 0.7141666671875 0.3109259265625 0.7141666671875 0.2686111109375 0.6521874999999999 0.2686111109375 0.6521874999999999 0.3109259265625 0.7141666671875 0.3109259265625
1 0.6521874999999999 0.29555555624999996 0.6521874999999999 0.26342592656249997 0.6110416671875 0.26342592656249997 0.6110416671875 0.29555555624999996 0.6521874999999999 0.29555555624999996
1 0.6571875 0.337777778125 0.6571875 0.3109259265625 0.61609375 0.3109259265625 0.61609375 0.337777778125 0.6571875 0.337777778125
1 0.6168229171874999 0.3583333328125 0.6168229171874999 0.3326851859375 0.5908854171875 0.3326851859375 0.5908854171875 0.3583333328125 0.6168229171874999 0.3583333328125
1 0.0016666671875 0.1390740734375 0.0016666671875 0.25444444375 0.21729166718749998 0.25444444375 0.21729166718749998 0.1390740734375 0.0016666671875 0.1390740734375
1 0.0824479171875 0.21342592656249998 0.0824479171875 0.3006481484375 0.2721354171875 0.3006481484375 0.2721354171875 0.21342592656249998 0.0824479171875 0.21342592656249998
1 0.2623958328125 0.25833333281250004 0.2623958328125 0.3206481484375 0.29703124999999997 0.3206481484375 0.29703124999999997 0.25833333281250004 0.2623958328125 0.25833333281250004
1 0.2848958328125 0.281296296875 0.2848958328125 0.334722221875 0.3136979171875 0.334722221875 0.3136979171875 0.281296296875 0.2848958328125 0.281296296875
1 0.31328125 0.3228703703125 0.31328125 0.35398148125 0.33375 0.35398148125 0.33375 0.3228703703125 0.31328125 0.3228703703125
1 0.33125 0.3325 0.33125 0.3591666671875 0.3466666671875 0.3591666671875 0.3466666671875 0.3325 0.33125 0.3325
1 0.3036979171875 0.28055555625 0.3036979171875 0.3228703703125 0.32999999999999996 0.3228703703125 0.32999999999999996 0.28055555625 0.3036979171875 0.28055555625
1 0.3061979171875 0.37101851875 0.3061979171875 0.4096296296875 0.33375 0.4096296296875 0.33375 0.37101851875 0.3061979171875 0.37101851875
1 0.3329166671875 0.3859259265625 0.3329166671875 0.41185185156250004 0.34750000000000003 0.41185185156250004 0.34750000000000003 0.3859259265625 0.3329166671875 0.3859259265625
1 0.32458333281249996 0.2820370375 0.32458333281249996 0.3124074078125 0.36296875 0.3124074078125 0.36296875 0.2820370375 0.32458333281249996 0.2820370375
1 0.3429166671875 0.33398148125 0.3429166671875 0.3591666671875 0.3608854171875 0.3591666671875 0.3608854171875 0.33398148125 0.3429166671875 0.33398148125
1 0.3613020828125 0.34805555625 0.3613020828125 0.3665740734375 0.36921875000000004 0.3665740734375 0.36921875000000004 0.34805555625 0.3613020828125 0.34805555625
1 0.3066145828125 0.24268518593750002 0.3066145828125 0.26944444375 0.3600520828125 0.26944444375 0.3600520828125 0.24268518593750002 0.3066145828125 0.24268518593750002
1 0.2811458328125 0.0038888890625 0.2811458328125 0.0736111109375 0.3078125 0.0736111109375 0.3078125 0.0038888890625 0.2811458328125 0.0038888890625
1 0.3040625 0.0506481484375 0.3040625 0.11074074062499999 0.32536458281249997 0.11074074062499999 0.32536458281249997 0.0506481484375 0.3040625 0.0506481484375
1 0.31286458281249996 0.09444444375 0.31286458281249996 0.1523148140625 0.33578125000000003 0.1523148140625 0.33578125000000003 0.09444444375 0.31286458281249996 0.09444444375
1 0.32536458281249997 0.1225925921875 0.32536458281249997 0.17601851875000002 0.34500000000000003 0.17601851875000002 0.34500000000000003 0.1225925921875 0.32536458281249997 0.1225925921875
1 0.4663020828125 0.6565740734375 0.4663020828125 0.5999074078125 0.3040104171875 0.5999074078125 0.3040104171875 0.6565740734375 0.4663020828125 0.6565740734375
1 0.46749999999999997 0.7302777781249999 0.46749999999999997 0.674722221875 0.3358854171875 0.674722221875 0.3358854171875 0.7302777781249999 0.46749999999999997 0.7302777781249999
1 0.6369791671875 0.0871296296875 0.6369791671875 0.15018518593750002 0.7222916671874999 0.15018518593750002 0.7222916671874999 0.0871296296875 0.6369791671875 0.0871296296875
1 0.6291666671875 0.2003703703125 0.6291666671875 0.1608333328125 0.60328125 0.1608333328125 0.60328125 0.2003703703125 0.6291666671875 0.2003703703125
1 0.60390625 0.22175925937500002 0.60390625 0.1886111109375 0.5852604171875 0.1886111109375 0.5852604171875 0.22175925937500002 0.60390625 0.22175925937500002
1 0.61953125 0.0561111109375 0.61953125 0.011296296875 0.6015104171875 0.011296296875 0.6015104171875 0.0561111109375 0.61953125 0.0561111109375
2 0.5035937500000001 0.5377777781249999 0.5035937500000001 0.375 0.45890624999999996 0.375 0.45890624999999996 0.5377777781249999 0.5035937500000001 0.5377777781249999
2 0.44447916718749997 0.5377777781249999 0.44447916718749997 0.3596296296875 0.3954166671875 0.3596296296875 0.3954166671875 0.5377777781249999 0.44447916718749997 0.5377777781249999
3 0.9070833328125 0.5421296296875 0.9070833328125 0.40259259218750004 0.7886458328125 0.40259259218750004 0.7886458328125 0.5421296296875 0.9070833328125 0.5421296296875
3 0.8885937500000001 0.5328703703125 0.8885937500000001 0.4934259265625 0.8338020828125 0.4934259265625 0.8338020828125 0.5328703703125 0.8885937500000001 0.5328703703125
3 0.96953125 0.5590740734375 0.96953125 0.476296296875 0.8907812500000001 0.476296296875 0.8907812500000001 0.5590740734375 0.96953125 0.5590740734375
3 0.999375 0.8111111109375001 0.999375 0.7031481484375 0.9311458328125 0.7031481484375 0.9311458328125 0.8111111109375001 0.999375 0.8111111109375001
3 0.999375 0.56101851875 0.999375 0.47574074062499994 0.9738020828125 0.47574074062499994 0.9738020828125 0.56101851875 0.999375 0.56101851875
3 0.7926041671874999 0.4454629625 0.7926041671874999 0.4056481484375 0.77234375 0.4056481484375 0.77234375 0.4454629625 0.7926041671874999 0.4454629625
3 0.7936979171874999 0.4681481484375 0.7936979171874999 0.44351851875000003 0.7691666671874999 0.44351851875000003 0.7691666671874999 0.4681481484375 0.7936979171874999 0.4681481484375
3 0.7915625000000001 0.49472222187500003 0.7915625000000001 0.4681481484375 0.7691666671874999 0.4681481484375 0.7691666671874999 0.49472222187500003 0.7915625000000001 0.49472222187500003
3 0.7915625000000001 0.525 0.7915625000000001 0.49472222187500003 0.7691666671874999 0.49472222187500003 0.7691666671874999 0.525 0.7915625000000001 0.525
3 0.7595833328125 0.6613888890624999 0.7595833328125 0.5382407406249999 0.7276041671875 0.5382407406249999 0.7276041671875 0.6613888890624999 0.7595833328125 0.6613888890624999
3 0.8597395828125001 0.674722221875 0.8597395828125001 0.5477777781250001 0.7542708328125001 0.5477777781250001 0.7542708328125001 0.674722221875 0.8597395828125001 0.674722221875
3 0.8885416671874999 0.6500925921875 0.8885416671874999 0.5856481484375 0.7681250000000001 0.5856481484375 0.7681250000000001 0.6500925921875 0.8885416671874999 0.6500925921875
3 0.8192708328125 0.7068518515625 0.8192708328125 0.6329629625 0.7691666671874999 0.6329629625 0.7691666671874999 0.7068518515625 0.8192708328125 0.7068518515625
3 0.934375 0.718240740625 0.934375 0.646296296875 0.8160416671874999 0.646296296875 0.8160416671874999 0.718240740625 0.934375 0.718240740625
3 0.9354166671874999 0.75805555625 0.9354166671874999 0.6765740734375 0.8725520828125 0.6765740734375 0.8725520828125 0.75805555625 0.9354166671874999 0.75805555625
3 0.23203125 0.7770370375 0.23203125 0.6727777781250001 0.12328125000000001 0.6727777781250001 0.12328125000000001 0.7770370375 0.23203125 0.7770370375
3 0.25015624999999997 0.638703703125 0.25015624999999997 0.57805555625 0.2043229171875 0.57805555625 0.2043229171875 0.638703703125 0.25015624999999997 0.638703703125
3 0.3183333328125 0.5212037031250001 0.3183333328125 0.48333333281249996 0.2640104171875 0.48333333281249996 0.2640104171875 0.5212037031250001 0.3183333328125 0.5212037031250001
3 0.27786458281250004 0.528796296875 0.27786458281250004 0.49851851875 0.24479166718749998 0.49851851875 0.24479166718749998 0.528796296875 0.27786458281250004 0.528796296875
3 0.21390625000000002 0.5686111109375 0.21390625000000002 0.5079629625 0.19046875000000002 0.5079629625 0.19046875000000002 0.5686111109375 0.21390625000000002 0.5686111109375
3 0.1936458328125 0.593240740625 0.1936458328125 0.49472222187500003 0.0902604171875 0.49472222187500003 0.0902604171875 0.593240740625 0.1936458328125 0.593240740625
3 0.17765625000000002 0.5894444437499999 0.17765625000000002 0.525 0.1392708328125 0.525 0.1392708328125 0.5894444437499999 0.17765625000000002 0.5894444437499999
3 0.1382291671875 0.6102777781250001 0.1382291671875 0.54398148125 0.088125 0.54398148125 0.088125 0.6102777781250001 0.1382291671875 0.6102777781250001
3 0.09984375 0.6329629625 0.09984375 0.55148148125 0.0273958328125 0.55148148125 0.0273958328125 0.6329629625 0.09984375 0.6329629625
3 0.025260417187500002 0.6575925921875 0.025260417187500002 0.55148148125 0.0007291671875 0.55148148125 0.0007291671875 0.6575925921875 0.025260417187500002 0.6575925921875
3 0.04765625 0.9949074078125 0.04765625 0.862222221875 0.0018229171874999998 0.862222221875 0.0018229171874999998 0.9949074078125 0.04765625 0.9949074078125
3 0.69265625 0.55694444375 0.69265625 0.5870370375 0.71875 0.5870370375 0.71875 0.55694444375 0.69265625 0.55694444375
3 0.67390625 0.5463888890625 0.67390625 0.5829629625 0.69265625 0.5829629625 0.69265625 0.5463888890625 0.67390625 0.5463888890625
3 0.69359375 0.5878703703125 0.69359375 0.6204629625 0.7201562499999999 0.6204629625 0.7201562499999999 0.5878703703125 0.69359375 0.5878703703125
3 0.6967708328125 0.4731481484375 0.6967708328125 0.503240740625 0.71875 0.503240740625 0.71875 0.4731481484375 0.6967708328125 0.4731481484375
3 0.6967708328125 0.5016666671875 0.6967708328125 0.4731481484375 0.6766666671875 0.4731481484375 0.6766666671875 0.5016666671875 0.6967708328125 0.5016666671875
3 0.6752604171875001 0.4438888890625 0.6752604171875001 0.47555555624999996 0.7169270828125 0.47555555624999996 0.7169270828125 0.4438888890625 0.6752604171875001 0.4438888890625
3 0.70046875 0.48944444374999996 0.70046875 0.42592592656250006 0.6537499999999999 0.42592592656250006 0.6537499999999999 0.48944444374999996 0.70046875 0.48944444374999996
3 0.6757291671875 0.59194444375 0.6757291671875 0.5740740734374999 0.6638541671875 0.5740740734374999 0.6638541671875 0.59194444375 0.6757291671875 0.59194444375
3 0.6501041671875 0.5586111109375 0.6501041671875 0.5854629625000001 0.6633854171875 0.5854629625000001 0.6633854171875 0.5586111109375 0.6501041671875 0.5586111109375
3 0.6249479171875 0.548796296875 0.6249479171875 0.5683333328125 0.63453125 0.5683333328125 0.63453125 0.548796296875 0.6249479171875 0.548796296875
3 0.6258333328125001 0.52851851875 0.6258333328125001 0.5496296296875001 0.635 0.5496296296875001 0.635 0.52851851875 0.6258333328125001 0.52851851875
3 0.6258333328125001 0.5057407406250001 0.6258333328125001 0.52444444375 0.6368229171875 0.52444444375 0.6368229171875 0.5057407406250001 0.6258333328125001 0.5057407406250001