1 0.7262500000000001 0.0783333328125 0.7262500000000001 0.021041667187499998 0.68625 0.021041667187499998 0.68625 0.0783333328125 0.7262500000000001 0.0783333328125
1 0.6832812500000001 0.10958333281249999 0.6832812500000001 0.0627083328125 0.65109375 0.0627083328125 0.65109375 0.10958333281249999 0.6832812500000001 0.10958333281249999
1 0.62171875 0.164375 0.62171875 0.12125 0.5973437500000001 0.12125 0.5973437500000001 0.164375 0.62171875 0.164375
1 0.5962500000000001 0.18 0.5962500000000001 0.1422916671875 0.57765625 0.1422916671875 0.57765625 0.18 0.5962500000000001 0.18
1 1 0.36375 0.67453125 0.36375 0.67453125 0.4733333328125 1 0.4733333328125 1 0.36375
1 1 0.528125 0.6696875 0.528125 0.6696875 0.7027083328125 1 0.7027083328125 1 0.528125
1 0.17109375 0.071875 0.17109375 0.0235416671875 0.136875 0.0235416671875 0.136875 0.071875 0.17109375 0.071875
1 0.20031249999999998 0.1070833328125 0.20031249999999998 0.058750000000000004 0.17296875 0.058750000000000004 0.17296875 0.1070833328125 0.20031249999999998 0.1070833328125
1 0.22000000000000003 0.135625 0.22000000000000003 0.09 0.20140625 0.09 0.20140625 0.135625 0.22000000000000003 0.135625
1 0.230625 0.1564583328125 0.230625 0.12395833281249999 0.21890625 0.12395833281249999 0.21890625 0.1564583328125 0.230625 0.1564583328125
3 0.71703125 0.29874999999999996 0.71703125 0.2420833328125 0.655 0.2420833328125 0.655 0.29874999999999996 0.71703125 0.29874999999999996
3 0.66671875 0.40791666718749997 0.66671875 0.375 0.6470312500000001 0.375 0.6470312500000001 0.40791666718749997 0.66671875 0.40791666718749997
3 0.050937500000000004 0.45125000000000004 0.050937500000000004 0.4027083328125 0.01546875 0.4027083328125 0.01546875 0.45125000000000004 0.050937500000000004 0.45125000000000004
3 0.01546875 0.460625 0.01546875 0.3908333328125 0.0035937499999999997 0.3908333328125 0.0035937499999999997 0.460625 0.01546875 0.460625
3 0.0035937499999999997 0.20270833281249998 0.0035937499999999997 0.2683333328125 0.05500000000000001 0.2683333328125 0.05500000000000001 0.20270833281249998 0.0035937499999999997 0.20270833281249998
3 0.09140625 0.27770833281249996 0.09140625 0.2210416671875 0.049062499999999995 0.2210416671875 0.049062499999999995 0.27770833281249996 0.09140625 0.27770833281249996
3 0.13578125000000002 0.24479166718749998 0.13578125000000002 0.18687499999999999 0.05390625 0.18687499999999999 0.05390625 0.24479166718749998 0.13578125000000002 0.24479166718749998
3 0.13578125000000002 0.288125 0.13578125000000002 0.24479166718749998 0.08453125 0.24479166718749998 0.08453125 0.288125 0.13578125000000002 0.288125
3 0.12 0.43562500000000004 0.12 0.38937499999999997 0.08953124999999999 0.38937499999999997 0.08953124999999999 0.43562500000000004 0.12 0.43562500000000004
3 0.094375 0.4329166671875 0.094375 0.36833333281249997 0.056874999999999995 0.36833333281249997 0.056874999999999995 0.4329166671875 0.094375 0.4329166671875
3 0.14875 0.3802083328125 0.14875 0.335625 0.06671875000000001 0.335625 0.06671875000000001 0.3802083328125 0.14875 0.3802083328125
3 0.14765625 0.42374999999999996 0.14765625 0.3908333328125 0.11609375 0.3908333328125 0.11609375 0.42374999999999996 0.14765625 0.42374999999999996
3 0.19203125000000001 0.3789583328125 0.19203125000000001 0.339375 0.14078125 0.339375 0.14078125 0.3789583328125 0.19203125000000001 0.3789583328125
3 0.1821875 0.4158333328125 0.1821875 0.38166666718750003 0.1615625 0.38166666718750003 0.1615625 0.4158333328125 0.1821875 0.4158333328125
3 0.1625 0.42895833281250006 0.1625 0.3802083328125 0.1378125 0.3802083328125 0.1378125 0.42895833281250006 0.1625 0.42895833281250006
3 0.20984375000000002 0.414375 0.20984375000000002 0.375 0.18031250000000001 0.375 0.18031250000000001 0.414375 0.20984375000000002 0.414375
3 0.22953125000000002 0.4027083328125 0.22953125000000002 0.3710416671875 0.20890625 0.3710416671875 0.20890625 0.4027083328125 0.22953125000000002 0.4027083328125
3 0.1990625 0.3079166671875 0.1990625 0.27229166718750003 0.1565625 0.27229166718750003 0.1565625 0.3079166671875 0.1990625 0.3079166671875
3 0.2009375 0.2802083328125 0.2009375 0.25666666718750003 0.17734375 0.25666666718750003 0.17734375 0.2802083328125 0.2009375 0.2802083328125
3 0.65796875 0.2841666671875 0.65796875 0.260625 0.61453125 0.260625 0.61453125 0.2841666671875 0.65796875 0.2841666671875
3 0.6520312500000001 0.31437499999999996 0.6520312500000001 0.286875 0.6134375000000001 0.286875 0.6134375000000001 0.31437499999999996 0.6520312500000001 0.31437499999999996
3 0.64609375 0.4 0.64609375 0.36833333281249997 0.62234375 0.36833333281249997 0.62234375 0.4 0.64609375 0.4
3 0.9243750000000001 0.236875 0.9243750000000001 0.20125 0.8621874999999999 0.20125 0.8621874999999999 0.236875 0.9243750000000001 0.236875
3 0.975625 0.2289583328125 0.975625 0.19875 0.9214062500000001 0.19875 0.9214062500000001 0.2289583328125 0.975625 0.2289583328125
3 0.6392187500000001 0.103125 0.6392187500000001 0.0647916671875 0.5825 0.0647916671875 0.5825 0.103125 0.6392187500000001 0.103125
3 0.61453125 0.1295833328125 0.61453125 0.10541666718750001 0.5817187500000001 0.10541666718750001 0.5817187500000001 0.1295833328125 0.61453125 0.1295833328125