1 0.7769791671874999 0.8721296296875 0.7769791671874999 0.7505555562499999 0.68015625 0.7505555562499999 0.68015625 0.8721296296875 0.7769791671874999 0.8721296296875
1 0.9341666671875 0.43 0.9341666671875 0.305277778125 0.79203125 0.305277778125 0.79203125 0.43 0.9341666671875 0.43
1 0.9990104171875 0.41101851875 0.9990104171875 0.27999999999999997 0.9261458328125001 0.27999999999999997 0.9261458328125001 0.41101851875 0.9990104171875 0.41101851875
1 0.7814062500000001 0.436296296875 0.7814062500000001 0.3415740734375 0.6961458328125001 0.3415740734375 0.6961458328125001 0.436296296875 0.7814062500000001 0.436296296875
1 0.7005729171875 0.43944444374999997 0.7005729171875 0.37787037031250004 0.654375 0.37787037031250004 0.654375 0.43944444374999997 0.7005729171875 0.43944444374999997
1 0.694375 0.395277778125 0.694375 0.3478703703125 0.6526041671875 0.3478703703125 0.6526041671875 0.395277778125 0.694375 0.395277778125
1 0.6534895828125 0.4078703703125 0.6534895828125 0.35583333281249996 0.62421875 0.35583333281249996 0.62421875 0.4078703703125 0.6534895828125 0.4078703703125
1 0.654375 0.44898148125 0.654375 0.3984259265625 0.6277604171875 0.3984259265625 0.6277604171875 0.44898148125 0.654375 0.44898148125
1 0.63109375 0.44962962968750003 0.63109375 0.4076851859375 0.6082291671875 0.4076851859375 0.6082291671875 0.44962962968750003 0.63109375 0.44962962968750003
1 0.60859375 0.44898148125 0.60859375 0.41027777812500005 0.59109375 0.41027777812500005 0.59109375 0.44898148125 0.60859375 0.44898148125
1 0.6397395828125 0.5750925921875 0.6397395828125 0.54305555625 0.6017187500000001 0.54305555625 0.6017187500000001 0.5750925921875 0.6397395828125 0.5750925921875
1 0.6464583328125 0.715740740625 0.6464583328125 0.6654629625 0.6186979171875 0.6654629625 0.6186979171875 0.715740740625 0.6464583328125 0.715740740625
1 0.6233333328125 0.683796296875 0.6233333328125 0.637222221875 0.6068749999999999 0.637222221875 0.6068749999999999 0.683796296875 0.6233333328125 0.683796296875
1 0.6099479171875 0.6526851859375 0.6099479171875 0.6179629624999999 0.5934895828125 0.6179629624999999 0.5934895828125 0.6526851859375 0.6099479171875 0.6526851859375
1 0.59296875 0.583240740625 0.59296875 0.5531481484375 0.5739583328125 0.5531481484375 0.5739583328125 0.583240740625 0.59296875 0.583240740625
1 0.5966145828125 0.5558333328125 0.5966145828125 0.5265740734375 0.5672916671875 0.5265740734375 0.5672916671875 0.5558333328125 0.5966145828125 0.5558333328125
1 0.6006770828125 0.36583333281249997 0.6006770828125 0.339259259375 0.5791145828125 0.339259259375 0.5791145828125 0.36583333281249997 0.6006770828125 0.36583333281249997
1 0.589375 0.3100925921875 0.589375 0.26981481406249996 0.5719270828125 0.26981481406249996 0.5719270828125 0.3100925921875 0.589375 0.3100925921875
1 0.57140625 0.3328703703125 0.57140625 0.2954629625 0.5611458328125 0.2954629625 0.5611458328125 0.3328703703125 0.57140625 0.3328703703125
1 0.0911979171875 0.2270370375 0.0911979171875 0.0868518515625 0.0016666671875 0.0868518515625 0.0016666671875 0.2270370375 0.0911979171875 0.2270370375
1 0.20249999999999999 0.2843518515625 0.20249999999999999 0.18842592656249998 0.12104166718750001 0.18842592656249998 0.12104166718750001 0.2843518515625 0.20249999999999999 0.2843518515625
1 0.2629166671875 0.3120370375 0.2629166671875 0.23555555625000002 0.2061979171875 0.23555555625000002 0.2061979171875 0.3120370375 0.2629166671875 0.3120370375
1 0.3001041671875 0.3521296296875 0.3001041671875 0.26305555625 0.25640625 0.26305555625 0.25640625 0.3521296296875 0.3001041671875 0.3521296296875
1 0.32458333281249996 0.3653703703125 0.32458333281249996 0.3066666671875 0.3001041671875 0.3066666671875 0.3001041671875 0.3653703703125 0.32458333281249996 0.3653703703125
1 0.203125 0.7159259265625 0.203125 0.62305555625 0.1263541671875 0.62305555625 0.1263541671875 0.7159259265625 0.203125 0.7159259265625
1 0.21484375 0.9318518515624999 0.21484375 0.7916666671875 0.12 0.7916666671875 0.12 0.9318518515624999 0.21484375 0.9318518515624999
1 0.268125 0.7083333328125 0.268125 0.636296296875 0.20947916718749998 0.636296296875 0.20947916718749998 0.7083333328125 0.268125 0.7083333328125
1 0.25744791718750004 0.83148148125 0.25744791718750004 0.7329629625 0.2105729171875 0.7329629625 0.2105729171875 0.83148148125 0.25744791718750004 0.83148148125
1 0.0965104171875 0.9982407406249999 0.0965104171875 0.8352777781249999 0.000625 0.8352777781249999 0.000625 0.9982407406249999 0.0965104171875 0.9982407406249999
1 0.09546875 0.9925 0.09546875 0.9072222218749999 0.0059375 0.9072222218749999 0.0059375 0.9925 0.09546875 0.9925
1 0.44380208281250005 0.5575 0.44380208281250005 0.5425 0.4022916671875 0.5425 0.4022916671875 0.5575 0.44380208281250005 0.5575
1 0.49010416718750005 0.5550925921875 0.49010416718750005 0.54 0.44984375 0.54 0.44984375 0.5550925921875 0.49010416718750005 0.5550925921875
1 0.5359895828125001 0.553240740625 0.5359895828125001 0.5379629625 0.49505208281249996 0.5379629625 0.49505208281249996 0.553240740625 0.5359895828125001 0.553240740625
1 0.3745833328125 0.3813888890625 0.3745833328125 0.353240740625 0.3655729171875 0.353240740625 0.3655729171875 0.3813888890625 0.3745833328125 0.3813888890625
1 0.3873958328125 0.3859259265625 0.3873958328125 0.3676851859375 0.3758333328125 0.3676851859375 0.3758333328125 0.3859259265625 0.3873958328125 0.3859259265625
1 0.3655729171875 0.376759259375 0.3655729171875 0.3433333328125 0.3424479171875 0.3433333328125 0.3424479171875 0.376759259375 0.3655729171875 0.376759259375
1 0.34713541718749996 0.3623148140625 0.34713541718749996 0.3265740734375 0.3248958328125 0.3265740734375 0.3248958328125 0.3623148140625 0.34713541718749996 0.3623148140625
1 0.2501041671875 0.0079629625 0.2501041671875 0.0856481484375 0.2969791671875 0.0856481484375 0.2969791671875 0.0079629625 0.2501041671875 0.0079629625
1 0.290625 0.045925926562500004 0.290625 0.1254629625 0.32255208281250003 0.1254629625 0.32255208281250003 0.045925926562500004 0.290625 0.045925926562500004
1 0.319375 0.1093518515625 0.319375 0.1784259265625 0.34713541718749996 0.1784259265625 0.34713541718749996 0.1093518515625 0.319375 0.1093518515625
1 0.3440625 0.1499074078125 0.3440625 0.20148148125 0.36192708281249997 0.20148148125 0.36192708281249997 0.1499074078125 0.3440625 0.1499074078125
1 0.35885416718749996 0.1784259265625 0.35885416718749996 0.2288888890625 0.37796875 0.2288888890625 0.37796875 0.1784259265625 0.35885416718749996 0.1784259265625
1 0.39359375 0.625740740625 0.39359375 0.5873148140625 0.2948958328125 0.5873148140625 0.2948958328125 0.625740740625 0.39359375 0.625740740625
4 0.5821875000000001 0.4625 0.5821875000000001 0.3350925921875 0.5700000000000001 0.3350925921875 0.5700000000000001 0.4625 0.5821875000000001 0.4625
4 0.9169270828125 0.999259259375 0.9169270828125 0.5143518515625 0.77515625 0.5143518515625 0.77515625 0.999259259375 0.9169270828125 0.999259259375
4 0.9994791671875 0.999259259375 0.9994791671875 0.546203703125 0.9169270828125 0.546203703125 0.9169270828125 0.999259259375 0.9994791671875 0.999259259375
1 0.6254166671875 0.141203703125 0.6254166671875 0.058240740624999995 0.6052604171875 0.058240740624999995 0.6052604171875 0.141203703125 0.6254166671875 0.141203703125