3 0.568125 0.610625 0.568125 0.4841666671875 0.22265625 0.4841666671875 0.22265625 0.610625 0.568125 0.610625
3 0.5493750000000001 0.75125 0.5493750000000001 0.610625 0.22562500000000002 0.610625 0.22562500000000002 0.75125 0.5493750000000001 0.75125
3 0.68359375 0.7408333328125 0.68359375 0.6131249999999999 0.5454687500000001 0.6131249999999999 0.5454687500000001 0.7408333328125 0.68359375 0.7408333328125
3 0.230625 0.5920833328125 0.230625 0.4829166671875 0.10421875 0.4829166671875 0.10421875 0.5920833328125 0.230625 0.5920833328125
3 0.2246875 0.6960416671874999 0.2246875 0.5802083328125 0.10328124999999999 0.5802083328125 0.10328124999999999 0.6960416671874999 0.2246875 0.6960416671874999
3 0.07859374999999999 0.7972916671875 0.07859374999999999 0.5947916671875 0.0017187500000000002 0.5947916671875 0.0017187500000000002 0.7972916671875 0.07859374999999999 0.7972916671875
3 0.16546875 0.0039583328125 0.16546875 0.3185416671875 0.529375 0.3185416671875 0.529375 0.0039583328125 0.16546875 0.0039583328125
3 0.70125 0.3695833328125 0.70125 0.22562500000000002 0.49671875 0.22562500000000002 0.49671875 0.3695833328125 0.70125 0.3695833328125
3 0.7993750000000001 0.30895833281249996 0.7993750000000001 0.1783333328125 0.5734375 0.1783333328125 0.5734375 0.30895833281249996 0.7993750000000001 0.30895833281249996
3 0.7921875 0.390625 0.7921875 0.288125 0.6771874999999999 0.288125 0.6771874999999999 0.390625 0.7921875 0.390625
3 0.9087500000000001 0.34875 0.9087500000000001 0.2504166671875 0.779375 0.2504166671875 0.779375 0.34875 0.9087500000000001 0.34875
3 0.89875 0.42083333281249996 0.89875 0.335625 0.7965625000000001 0.335625 0.7965625000000001 0.42083333281249996 0.89875 0.42083333281249996
3 0.9684375 0.3754166671875 0.9684375 0.27125 0.90171875 0.27125 0.90171875 0.3754166671875 0.9684375 0.3754166671875
3 0.9628125000000001 0.453125 0.9628125000000001 0.3602083328125 0.90171875 0.3602083328125 0.90171875 0.453125 0.9628125000000001 0.453125
3 0.99546875 0.3866666671875 0.99546875 0.3222916671875 0.9556250000000001 0.3222916671875 0.9556250000000001 0.3866666671875 0.99546875 0.3866666671875
3 0.9996875 0.460625 0.9996875 0.390625 0.965625 0.390625 0.965625 0.460625 0.9996875 0.460625
3 0.9428124999999999 0.6291666671875 0.9428124999999999 0.5495833328125 0.8021874999999999 0.5495833328125 0.8021874999999999 0.6291666671875 0.9428124999999999 0.6291666671875
3 0.9442187499999999 0.6956249999999999 0.9442187499999999 0.6291666671875 0.8035937499999999 0.6291666671875 0.8035937499999999 0.6956249999999999 0.9442187499999999 0.6956249999999999
3 0.9996875 0.69375 0.9996875 0.6235416671875 0.94140625 0.6235416671875 0.94140625 0.69375 0.9996875 0.69375
3 0.9926562499999999 0.5647916671875 0.9926562499999999 0.51375 0.9087500000000001 0.51375 0.9087500000000001 0.5647916671875 0.9926562499999999 0.5647916671875
3 0.99828125 0.635 0.99828125 0.5629166671875 0.9442187499999999 0.5629166671875 0.9442187499999999 0.635 0.99828125 0.635