1 0.66328125 0.0029166671875000003 0.66328125 0.1108333328125 0.9012499999999999 0.1108333328125 0.9012499999999999 0.0029166671875000003 0.66328125 0.0029166671875000003
3 0.23453125 0.38416666718750003 0.23453125 0.14875 0.0035937499999999997 0.14875 0.0035937499999999997 0.38416666718750003 0.23453125 0.38416666718750003
3 0.22171875000000002 0.6183333328125 0.22171875000000002 0.36062500000000003 0.0035937499999999997 0.36062500000000003 0.0035937499999999997 0.6183333328125 0.22171875000000002 0.6183333328125
3 0.10578125000000001 0.9941666671875 0.10578125000000001 0.7441666671875 0.00296875 0.7441666671875 0.00296875 0.9941666671875 0.10578125000000001 0.9941666671875
3 0.47296875 0.9864583328125001 0.47296875 0.7056250000000001 0.1265625 0.7056250000000001 0.1265625 0.9864583328125001 0.47296875 0.9864583328125001
3 0.4915625 0.9977083328124999 0.4915625 0.8954166671875001 0.17093750000000002 0.8954166671875001 0.17093750000000002 0.9977083328124999 0.4915625 0.9977083328124999
3 0.58390625 0.5493750000000001 0.58390625 0.3452083328125 0.23328125000000002 0.3452083328125 0.23328125000000002 0.5493750000000001 0.58390625 0.5493750000000001
3 0.7234375 0.9 0.7234375 0.6725 0.5 0.6725 0.5 0.9 0.7234375 0.9
3 0.83078125 0.8385416671874999 0.83078125 0.5702083328125 0.6346875 0.5702083328125 0.6346875 0.8385416671874999 0.83078125 0.8385416671874999
3 0.858125 0.3291666671875 0.858125 0.2541666671875 0.6603125000000001 0.2541666671875 0.6603125000000001 0.3291666671875 0.858125 0.3291666671875
3 0.8428125 0.3883333328125 0.8428125 0.3222916671875 0.70125 0.3222916671875 0.70125 0.3883333328125 0.8428125 0.3883333328125
3 0.84453125 0.4564583328125 0.84453125 0.3791666671875 0.70984375 0.3791666671875 0.70984375 0.4564583328125 0.84453125 0.4564583328125
3 0.89546875 0.46291666718749996 0.89546875 0.2929166671875 0.84109375 0.2929166671875 0.84109375 0.46291666718749996 0.89546875 0.46291666718749996
3 0.9400000000000001 0.4564583328125 0.9400000000000001 0.40416666718750005 0.9042187500000001 0.40416666718750005 0.9042187500000001 0.4564583328125 0.9400000000000001 0.4564583328125
3 0.8803124999999999 0.7316666671875 0.8803124999999999 0.5475 0.8087500000000001 0.5475 0.8087500000000001 0.7316666671875 0.8803124999999999 0.7316666671875
3 0.914375 0.6224999999999999 0.914375 0.5497916671875 0.85640625 0.5497916671875 0.85640625 0.6224999999999999 0.914375 0.6224999999999999
3 0.9042187500000001 0.7020833328125 0.9042187500000001 0.629375 0.8495312500000001 0.629375 0.8495312500000001 0.7020833328125 0.9042187500000001 0.7020833328125