1 0.92890625 0.6995833328125001 0.92890625 0.5708333328124999 0.79953125 0.5708333328124999 0.79953125 0.6995833328125001 0.92890625 0.6995833328125001
1 0.9317187499999999 0.7470833328125 0.9317187499999999 0.6504166671875 0.8109375 0.6504166671875 0.8109375 0.7470833328125 0.9317187499999999 0.7470833328125
1 0.98859375 0.6693749999999999 0.98859375 0.55375 0.850625 0.55375 0.850625 0.6693749999999999 0.98859375 0.6693749999999999
1 0.87203125 0.9989583328125 0.87203125 0.7072916671875 0.48265624999999995 0.7072916671875 0.48265624999999995 0.9989583328125 0.87203125 0.9989583328125
1 0.53515625 0.9952083328124999 0.53515625 0.7716666671875 0.18140625 0.7716666671875 0.18140625 0.9952083328124999 0.53515625 0.9952083328124999
1 0.95875 0.2695833328125 0.95875 0.1464583328125 0.62328125 0.1464583328125 0.62328125 0.2695833328125 0.95875 0.2695833328125
1 0.7498437499999999 0.3547916671875 0.7498437499999999 0.301875 0.5962500000000001 0.301875 0.5962500000000001 0.3547916671875 0.7498437499999999 0.3547916671875
4 0.18265625000000002 0.0108333328125 0.18265625000000002 0.353125 0.5076562499999999 0.353125 0.5076562499999999 0.0108333328125 0.18265625000000002 0.0108333328125
3 0.150625 0.44333333281250004 0.150625 0.414375 0.09343749999999999 0.414375 0.09343749999999999 0.44333333281250004 0.150625 0.44333333281250004
3 0.15171874999999999 0.47104166718749996 0.15171874999999999 0.44333333281250004 0.09546875 0.44333333281250004 0.09546875 0.47104166718749996 0.15171874999999999 0.47104166718749996
3 0.06578125 0.3802083328125 0.06578125 0.3552083328125 0.0035937499999999997 0.3552083328125 0.0035937499999999997 0.3802083328125 0.06578125 0.3802083328125
3 0.059843749999999994 0.410625 0.059843749999999994 0.3802083328125 0.0075 0.3802083328125 0.0075 0.410625 0.059843749999999994 0.410625