1 0.4488020828125 0.004444443750000001 0.4488020828125 0.0634259265625 0.5165625 0.0634259265625 0.5165625 0.004444443750000001 0.4488020828125 0.004444443750000001
1 0.45671875 0.09675925937499999 0.45671875 0.0300925921875 0.40265625 0.0300925921875 0.40265625 0.09675925937499999 0.45671875 0.09675925937499999
1 0.40046875000000004 0.10574074062500001 0.40046875000000004 0.053240740625000005 0.3103125 0.053240740625000005 0.3103125 0.10574074062500001 0.40046875000000004 0.10574074062500001
1 0.3110416671875 0.1109259265625 0.3110416671875 0.0788888890625 0.2915625 0.0788888890625 0.2915625 0.1109259265625 0.3110416671875 0.1109259265625
1 0.3875 0.16731481406249998 0.3875 0.114722221875 0.3168229171875 0.114722221875 0.3168229171875 0.16731481406249998 0.3875 0.16731481406249998
1 0.3139583328125 0.17629629687499998 0.3139583328125 0.1403703703125 0.2980729171875 0.1403703703125 0.2980729171875 0.17629629687499998 0.3139583328125 0.17629629687499998
1 0.28869791718750004 0.2006481484375 0.28869791718750004 0.16601851875 0.2663541671875 0.16601851875 0.2663541671875 0.2006481484375 0.28869791718750004 0.2006481484375
1 0.26203125 0.214722221875 0.26203125 0.1890740734375 0.24109375000000002 0.1890740734375 0.24109375000000002 0.214722221875 0.26203125 0.214722221875
1 0.2613020828125 0.175 0.2613020828125 0.15324074062499998 0.24109375000000002 0.15324074062499998 0.24109375000000002 0.175 0.2613020828125 0.175
1 0.246875 0.08777777812500001 0.246875 0.053240740625000005 0.228125 0.053240740625000005 0.228125 0.08777777812500001 0.246875 0.08777777812500001
1 0.2288541671875 0.10833333281249999 0.2288541671875 0.076296296875 0.21515625 0.076296296875 0.21515625 0.10833333281249999 0.2288541671875 0.10833333281249999
1 0.27786458281250004 0.05574074062499999 0.27786458281250004 0.0211111109375 0.24906250000000002 0.0211111109375 0.24906250000000002 0.05574074062499999 0.27786458281250004 0.05574074062499999
1 0.0002604171875 0.42240740781249997 0.0002604171875 0.4711111109375 0.1011979171875 0.4711111109375 0.1011979171875 0.42240740781249997 0.0002604171875 0.42240740781249997
1 0.0016666671875 0.48527777812500006 0.0016666671875 0.525 0.1069791671875 0.525 0.1069791671875 0.48527777812500006 0.0016666671875 0.48527777812500006
2 0.14953125 0.39555555625 0.14953125 0.225 0.10479166718749999 0.225 0.10479166718749999 0.39555555625 0.14953125 0.39555555625
2 0.08203125 0.368703703125 0.08203125 0.2201851859375 0.0261458328125 0.2201851859375 0.0261458328125 0.368703703125 0.08203125 0.368703703125
3 0.9991145828124999 0.4531481484375 0.9991145828124999 0.2803703703125 0.8622916671875 0.2803703703125 0.8622916671875 0.4531481484375 0.9991145828124999 0.4531481484375
3 0.9991145828124999 0.4804629625 0.9991145828124999 0.3803703703125 0.9236458328125 0.3803703703125 0.9236458328125 0.4804629625 0.9991145828124999 0.4804629625
3 0.9991145828124999 0.8419444437499999 0.9991145828124999 0.707777778125 0.9198437500000001 0.707777778125 0.9198437500000001 0.8419444437499999 0.9991145828124999 0.8419444437499999
3 0.9441145828125 0.7624074078125 0.9441145828125 0.607777778125 0.7382291671875 0.607777778125 0.7382291671875 0.7624074078125 0.9441145828125 0.7624074078125
3 0.7535937500000001 0.6441666671874999 0.7535937500000001 0.5349999999999999 0.5936979171875 0.5349999999999999 0.5936979171875 0.6441666671874999 0.7535937500000001 0.6441666671874999
3 0.8699479171875 0.35648148125 0.8699479171875 0.2523148140625 0.7889583328125 0.2523148140625 0.7889583328125 0.35648148125 0.8699479171875 0.35648148125
3 0.8646354171875 0.43990740781250004 0.8646354171875 0.34898148125 0.7846875 0.34898148125 0.7846875 0.43990740781250004 0.8646354171875 0.43990740781250004
3 0.7932291671875 0.3470370375 0.7932291671875 0.2693518515625 0.7239583328125 0.2693518515625 0.7239583328125 0.3470370375 0.7932291671875 0.3470370375
3 0.7889583328125 0.43231481406250005 0.7889583328125 0.3508333328125 0.7292708328125 0.3508333328125 0.7292708328125 0.43231481406250005 0.7889583328125 0.43231481406250005
3 0.7292708328125 0.3470370375 0.7292708328125 0.2825925921875 0.6738541671875 0.2825925921875 0.6738541671875 0.3470370375 0.7292708328125 0.3470370375
3 0.7378125 0.4228703703125 0.7378125 0.3470370375 0.6727604171875 0.3470370375 0.6727604171875 0.4228703703125 0.7378125 0.4228703703125
3 0.678125 0.33944444375 0.678125 0.271296296875 0.6194791671875 0.271296296875 0.6194791671875 0.33944444375 0.678125 0.33944444375
3 0.6738541671875 0.41907407343749997 0.6738541671875 0.33944444375 0.6227083328125 0.33944444375 0.6227083328125 0.41907407343749997 0.6738541671875 0.41907407343749997
3 0.6311979171875 0.4076851859375 0.6311979171875 0.3318518515625 0.5726041671875 0.3318518515625 0.5726041671875 0.4076851859375 0.6311979171875 0.4076851859375
3 0.5821875000000001 0.39249999999999996 0.5821875000000001 0.3375925921875 0.5374479171875 0.3375925921875 0.5374479171875 0.39249999999999996 0.5821875000000001 0.39249999999999996
3 0.5955729171875 0.506203703125 0.5955729171875 0.4446296296875 0.48171875000000003 0.4446296296875 0.48171875000000003 0.506203703125 0.5955729171875 0.506203703125
3 0.5661979171875 0.568703703125 0.5661979171875 0.49481481406250005 0.49375 0.49481481406250005 0.49375 0.568703703125 0.5661979171875 0.568703703125
3 0.4876041671875 0.5390740734375 0.4876041671875 0.48027777812499994 0.4647395828125 0.48027777812499994 0.4647395828125 0.5390740734375 0.4876041671875 0.5390740734375
3 0.46921875 0.5213888890625 0.46921875 0.477777778125 0.4532291671875 0.477777778125 0.4532291671875 0.5213888890625 0.46921875 0.5213888890625
3 0.47776041718749995 0.48351851874999996 0.47776041718749995 0.4228703703125 0.4265625 0.4228703703125 0.4265625 0.48351851874999996 0.47776041718749995 0.48351851874999996
3 0.46281249999999996 0.5156481484375 0.46281249999999996 0.4683333328125 0.4265625 0.4683333328125 0.4265625 0.5156481484375 0.46281249999999996 0.5156481484375
3 0.44364583281250003 0.4986111109375 0.44364583281250003 0.451296296875 0.3988541671875 0.451296296875 0.3988541671875 0.4986111109375 0.44364583281250003 0.4986111109375
3 0.403125 0.48351851874999996 0.403125 0.44555555625 0.38078124999999996 0.44555555625 0.38078124999999996 0.48351851874999996 0.403125 0.48351851874999996
3 0.5001041671875 0.3774074078125 0.5001041671875 0.32999999999999996 0.45640625 0.32999999999999996 0.45640625 0.3774074078125 0.5001041671875 0.3774074078125
3 0.4947916671875 0.3281481484375 0.4947916671875 0.278796296875 0.41484375 0.278796296875 0.41484375 0.3281481484375 0.4947916671875 0.3281481484375
3 0.46067708281249997 0.3698148140625 0.46067708281249997 0.3281481484375 0.42020833281250003 0.3281481484375 0.42020833281250003 0.3698148140625 0.46067708281249997 0.3698148140625
3 0.4169791671875 0.36601851875 0.4169791671875 0.326203703125 0.3882291671875 0.326203703125 0.3882291671875 0.36601851875 0.4169791671875 0.36601851875
3 0.42125 0.23333333281250002 0.42125 0.1878703703125 0.39249999999999996 0.1878703703125 0.39249999999999996 0.23333333281250002 0.42125 0.23333333281250002
3 0.3818229171875 0.35648148125 0.3818229171875 0.3318518515625 0.3647916671875 0.3318518515625 0.3647916671875 0.35648148125 0.3818229171875 0.35648148125
3 0.366875 0.36222222187500003 0.366875 0.3318518515625 0.34984375 0.3318518515625 0.34984375 0.36222222187500003 0.366875 0.36222222187500003
3 0.3871354171875 0.360277778125 0.3871354171875 0.2778703703125 0.3311458328125 0.2778703703125 0.3311458328125 0.360277778125 0.3871354171875 0.360277778125
3 0.385 0.48351851874999996 0.385 0.4379629625 0.36265625 0.4379629625 0.36265625 0.48351851874999996 0.385 0.48351851874999996
3 0.3690104171875 0.4663888890625 0.3690104171875 0.4228703703125 0.3434375 0.4228703703125 0.3434375 0.4663888890625 0.3690104171875 0.4663888890625
3 0.3615625 0.43046296249999993 0.3615625 0.39824074062500003 0.3253125 0.39824074062500003 0.3253125 0.43046296249999993 0.3615625 0.43046296249999993
3 0.3455729171875 0.458796296875 0.3455729171875 0.43231481406250005 0.3232291671875 0.43231481406250005 0.3232291671875 0.458796296875 0.3455729171875 0.458796296875
3 0.3725 0.45185185156249996 0.3725 0.38212962968749997 0.32218749999999996 0.38212962968749997 0.32218749999999996 0.45185185156249996 0.3725 0.45185185156249996
3 0.33328125000000003 0.4491666671875 0.33328125000000003 0.370277778125 0.3073958328125 0.370277778125 0.3073958328125 0.4491666671875 0.33328125000000003 0.4491666671875
3 0.3147916671875 0.35055555625 0.3147916671875 0.31898148125 0.2947916671875 0.31898148125 0.2947916671875 0.35055555625 0.3147916671875 0.35055555625
3 0.2955729171875 0.3228703703125 0.2955729171875 0.295277778125 0.27999999999999997 0.295277778125 0.27999999999999997 0.3228703703125 0.2955729171875 0.3228703703125
3 0.2963020828125 0.341296296875 0.2963020828125 0.320277778125 0.28072916718749996 0.320277778125 0.28072916718749996 0.341296296875 0.2963020828125 0.341296296875
3 0.30593750000000003 0.40055555624999994 0.30593750000000003 0.37944444375 0.29260416718750004 0.37944444375 0.29260416718750004 0.40055555624999994 0.30593750000000003 0.40055555624999994
3 0.30593750000000003 0.42944444375 0.30593750000000003 0.4018518515625 0.2940625 0.4018518515625 0.2940625 0.42944444375 0.30593750000000003 0.42944444375
3 0.29703124999999997 0.4031481484375 0.29703124999999997 0.37555555625000003 0.2852083328125 0.37555555625000003 0.2852083328125 0.4031481484375 0.29703124999999997 0.4031481484375
3 0.2955729171875 0.42416666718749996 0.2955729171875 0.4031481484375 0.2866666671875 0.4031481484375 0.2866666671875 0.42416666718749996 0.2955729171875 0.42416666718749996
3 0.28072916718749996 0.3425925921875 0.28072916718749996 0.29787037031249997 0.26817708281249997 0.29787037031249997 0.26817708281249997 0.3425925921875 0.28072916718749996 0.3425925921875