1 0.7576562499999999 0.501875 0.7576562499999999 0.4733333328125 0.7096875 0.4733333328125 0.7096875 0.501875 0.7576562499999999 0.501875
1 0.7790625 0.29854166718749997 0.7790625 0.2477083328125 0.6959375 0.2477083328125 0.6959375 0.29854166718749997 0.7790625 0.29854166718749997
1 0.589375 0.0847916671875 0.589375 0.0522916671875 0.50046875 0.0522916671875 0.50046875 0.0847916671875 0.589375 0.0847916671875
1 0.6910937500000001 0.0991666671875 0.6910937500000001 0.0614583328125 0.59828125 0.0614583328125 0.59828125 0.0991666671875 0.6910937500000001 0.0991666671875
1 0.78796875 0.1227083328125 0.78796875 0.0770833328125 0.693125 0.0770833328125 0.693125 0.1227083328125 0.78796875 0.1227083328125
1 0.5709375 0.254375 0.5709375 0.21125 0.47890625 0.21125 0.47890625 0.254375 0.5709375 0.254375
1 0.46624999999999994 0.24 0.46624999999999994 0.20729166718749997 0.4046875 0.20729166718749997 0.4046875 0.24 0.46624999999999994 0.24
1 0 0.23479166718750002 0.05953125 0.23479166718750002 0.05953125 0.1891666671875 0 0.1891666671875 0 0.23479166718750002
1 0.15734375 0.22291666718749997 0.15734375 0.18 0.05765625 0.18 0.05765625 0.22291666718749997 0.15734375 0.22291666718749997
1 0.36453125000000003 0.2308333328125 0.36453125000000003 0.1579166671875 0.1515625 0.1579166671875 0.1515625 0.2308333328125 0.36453125000000003 0.2308333328125
1 0.61 0.66625 0.61 0.530625 0.31765625000000003 0.530625 0.31765625000000003 0.66625 0.61 0.66625
1 1 0.67 0.9609375 0.67 0.9609375 0.774375 1 0.774375 1 0.67
2 0.47109375 0.43916666718749997 0.47109375 0.21729166718749998 0.40765624999999994 0.21729166718749998 0.40765624999999994 0.43916666718749997 0.47109375 0.43916666718749997
4 0.35390625 0.4135416671875 0.35390625 0.2558333328125 0.110625 0.2558333328125 0.110625 0.4135416671875 0.35390625 0.4135416671875
4 0.35281250000000003 0.57125 0.35281250000000003 0.3929166671875 0.1028125 0.3929166671875 0.1028125 0.57125 0.35281250000000003 0.57125
4 0.01640625 0.38145833281249997 0.01640625 0.52625 0.10968750000000001 0.52625 0.10968750000000001 0.38145833281249997 0.01640625 0.38145833281249997
4 0.025937500000000002 0.26208333281249996 0.025937500000000002 0.3891666671875 0.1221875 0.3891666671875 0.1221875 0.26208333281249996 0.025937500000000002 0.26208333281249996
4 0.029843750000000002 0.39416666718750004 0.029843750000000002 0.2545833328125 0.001875 0.2545833328125 0.001875 0.39416666718750004 0.029843750000000002 0.39416666718750004
3 0.36734374999999997 0.1929166671875 0.36734374999999997 0.0404166671875 0.21640625 0.0404166671875 0.21640625 0.1929166671875 0.36734374999999997 0.1929166671875
3 0.30281250000000004 0.003125 0.30281250000000004 0.0904166671875 0.39609375 0.0904166671875 0.39609375 0.003125 0.30281250000000004 0.003125
3 0.30765625 0.054583332812499996 0.30765625 0.003125 0.2375 0.003125 0.2375 0.054583332812499996 0.30765625 0.054583332812499996
3 0.23359375 0.1852083328125 0.23359375 0.0620833328125 0.160625 0.0620833328125 0.160625 0.1852083328125 0.23359375 0.1852083328125
3 0.19609375 0.1891666671875 0.19609375 0.0916666671875 0.09031249999999999 0.0916666671875 0.09031249999999999 0.1891666671875 0.19609375 0.1891666671875
3 0.114375 0.196875 0.114375 0.099375 0.06640625 0.099375 0.06640625 0.196875 0.114375 0.196875
3 0.07015625 0.0070833328125 0.07015625 0.10187500000000001 0.13359375 0.10187500000000001 0.13359375 0.0070833328125 0.07015625 0.0070833328125
3 0.10859375 0.0045833328125 0.10859375 0.0891666671875 0.24421875 0.0891666671875 0.24421875 0.0045833328125 0.10859375 0.0045833328125
2 0.6590625 0.14375 0.6590625 0.5245833328125 0.7296875 0.5245833328125 0.7296875 0.14375 0.6590625 0.14375