1 0.49234375 0.017083332812499998 0.49234375 0.12125 0.661875 0.12125 0.661875 0.017083332812499998 0.49234375 0.017083332812499998
1 0.43171875000000004 0.1416666671875 0.43171875000000004 0.22875 0.6596875 0.22875 0.6596875 0.1416666671875 0.43171875000000004 0.1416666671875
1 0.665 0.0891666671875 0.665 0.16854166718750002 0.7640625 0.16854166718750002 0.7640625 0.0891666671875 0.665 0.0891666671875
1 0.6575 0.18145833281249998 0.6575 0.25729166718749996 0.77015625 0.25729166718749996 0.77015625 0.18145833281249998 0.6575 0.18145833281249998
1 0.7634375 0.2454166671875 0.7634375 0.28791666718750003 0.8278125 0.28791666718750003 0.8278125 0.2454166671875 0.7634375 0.2454166671875
1 0.77015625 0.1775 0.77015625 0.23395833281249998 0.8692187499999999 0.23395833281249998 0.8692187499999999 0.1775 0.77015625 0.1775
1 0.8403124999999999 0.2095833328125 0.8403124999999999 0.2558333328125 0.9067187499999999 0.2558333328125 0.9067187499999999 0.2095833328125 0.8403124999999999 0.2095833328125
1 0.9018750000000001 0.2429166671875 0.9018750000000001 0.27375 0.9268750000000001 0.27375 0.9268750000000001 0.2429166671875 0.9018750000000001 0.2429166671875
1 0.7596875 0.1120833328125 0.7596875 0.1620833328125 0.8692187499999999 0.1620833328125 0.8692187499999999 0.1120833328125 0.7596875 0.1120833328125
1 0.7125 0.0441666671875 0.7125 0.1135416671875 0.8634375000000001 0.1135416671875 0.8634375000000001 0.0441666671875 0.7125 0.0441666671875
1 0.9096875000000001 0.198125 0.9096875000000001 0.24937499999999999 0.9471875000000001 0.24937499999999999 0.9471875000000001 0.198125 0.9096875000000001 0.198125
1 0.91640625 0.2570833328125 0.91640625 0.29041666718750003 0.94234375 0.29041666718750003 0.94234375 0.2570833328125 0.91640625 0.2570833328125
1 0.90859375 0.5839583328125 0.90859375 0.5339583328125 0.86640625 0.5339583328125 0.86640625 0.5839583328125 0.90859375 0.5839583328125
1 0.9268750000000001 0.5558333328125 0.9268750000000001 0.5147916671874999 0.898125 0.5147916671874999 0.898125 0.5558333328125 0.9268750000000001 0.5558333328125
1 0.8721875000000001 0.5941666671875 0.8721875000000001 0.5379166671875 0.83171875 0.5379166671875 0.83171875 0.5941666671875 0.8721875000000001 0.5941666671875
1 0.74953125 0.5904166671875 0.74953125 0.515625 0.64328125 0.515625 0.64328125 0.5904166671875 0.74953125 0.5904166671875
1 0.74265625 0.6772916671875 0.74265625 0.5941666671875 0.64609375 0.5941666671875 0.64609375 0.6772916671875 0.74265625 0.6772916671875
1 0.6329687500000001 0.750625 0.6329687500000001 0.6487499999999999 0.47109375 0.6487499999999999 0.47109375 0.750625 0.6329687500000001 0.750625
1 1 0.5506249999999999 0.9442187499999999 0.5506249999999999 0.9442187499999999 0.5827083328125 1 0.5827083328125 1 0.5506249999999999
3 0.9598437499999999 0.4170833328125 0.9598437499999999 0.39875 0.9292187500000001 0.39875 0.9292187500000001 0.4170833328125 0.9598437499999999 0.4170833328125
3 0.32437499999999997 0.3777083328125 0.32437499999999997 0.289375 0.1615625 0.289375 0.1615625 0.3777083328125 0.32437499999999997 0.3777083328125
3 0.44671874999999994 0.4341666671875 0.44671874999999994 0.2920833328125 0.32625000000000004 0.2920833328125 0.32625000000000004 0.4341666671875 0.44671874999999994 0.4341666671875
3 0.4453125 0.6908333328125 0.4453125 0.5845833328125 0.27999999999999997 0.5845833328125 0.27999999999999997 0.6908333328125 0.4453125 0.6908333328125
3 0.31843750000000004 0.689375 0.31843750000000004 0.5722916671875 0.206875 0.5722916671875 0.206875 0.689375 0.31843750000000004 0.689375
3 0.3253125 0.45 0.3253125 0.3789583328125 0.1575 0.3789583328125 0.1575 0.45 0.3253125 0.45
3 0.025312499999999998 0.464375 0.025312499999999998 0.38687499999999997 0.0035937499999999997 0.38687499999999997 0.0035937499999999997 0.464375 0.025312499999999998 0.464375
1 0.7553124999999999 0.5854166671875001 0.7553124999999999 0.64 0.8246874999999999 0.64 0.8246874999999999 0.5854166671875001 0.7553124999999999 0.5854166671875001
1 0.75328125 0.5485416671875 0.75328125 0.6020833328124999 0.8246874999999999 0.6020833328124999 0.8246874999999999 0.5485416671875 0.75328125 0.5485416671875
1 0.75890625 0.5179166671875 0.75890625 0.5652083328125 0.82328125 0.5652083328125 0.82328125 0.5179166671875 0.75890625 0.5179166671875