1 0 0 0 0.0875 0.20140625 0.0875 0.20140625 0 0 0
1 0.50734375 0.1564583328125 0.50734375 0.0235416671875 0.22671875 0.0235416671875 0.22671875 0.1564583328125 0.50734375 0.1564583328125
1 0.66671875 0.21770833281250002 0.66671875 0.104375 0.50734375 0.104375 0.50734375 0.21770833281250002 0.66671875 0.21770833281250002
1 0.7625 0.2608333328125 0.7625 0.18125 0.6646875 0.18125 0.6646875 0.2608333328125 0.7625 0.2608333328125
1 0.8826562499999999 0.3272916671875 0.8826562499999999 0.2791666671875 0.809375 0.2791666671875 0.809375 0.3272916671875 0.8826562499999999 0.3272916671875
1 0.61 0.775625 0.61 0.589375 0.213125 0.589375 0.213125 0.775625 0.61 0.775625
1 0.755625 0.6635416671875001 0.755625 0.5202083328125 0.5610937500000001 0.5202083328125 0.5610937500000001 0.6635416671875001 0.755625 0.6635416671875001
1 0.8357812499999999 0.6375 0.8357812499999999 0.5579166671875 0.75265625 0.5579166671875 0.75265625 0.6375 0.8357812499999999 0.6375
1 0.86421875 0.5735416671875 0.86421875 0.5345833328125 0.8171875 0.5345833328125 0.8171875 0.5735416671875 0.86421875 0.5735416671875
1 0.8660937499999999 0.5502083328125 0.8660937499999999 0.4966666671875 0.8114062499999999 0.4966666671875 0.8114062499999999 0.5502083328125 0.8660937499999999 0.5502083328125
1 0.9120312500000001 0.5566666671875 0.9120312500000001 0.5110416671875 0.8748437499999999 0.5110416671875 0.8748437499999999 0.5566666671875 0.9120312500000001 0.5566666671875
1 0.56015625 0.3260416671875 0.56015625 0.2764583328125 0.45843749999999994 0.2764583328125 0.45843749999999994 0.3260416671875 0.56015625 0.3260416671875
1 0.44875 0.319375 0.44875 0.2685416671875 0.31765625000000003 0.2685416671875 0.31765625000000003 0.319375 0.44875 0.319375
1 0.37640625 0.4889583328125 0.37640625 0.4458333328125 0.2053125 0.4458333328125 0.2053125 0.4889583328125 0.37640625 0.4889583328125
1 0.8709374999999999 0.135625 0.8709374999999999 0.0679166671875 0.7565625 0.0679166671875 0.7565625 0.135625 0.8709374999999999 0.135625
2 0.91921875 0.2941666671875 0.91921875 0.5404166671875 0.9990625 0.5404166671875 0.9990625 0.2941666671875 0.91921875 0.2941666671875