1 0.8198958328125 1 0.8198958328125 0.856296296875 0.7213020828125 0.856296296875 0.7213020828125 1 0.8198958328125 1
1 0.9806250000000001 0.9968518515625 0.9806250000000001 0.80898148125 0.8243229171875001 0.80898148125 0.8243229171875001 0.9968518515625 0.9806250000000001 0.9968518515625
1 0.78078125 0.28194444375 0.78078125 0.416203703125 0.9999479171875001 0.416203703125 0.9999479171875001 0.28194444375 0.78078125 0.28194444375
1 0.7103125 0.3341666671875 0.7103125 0.4250925921875 0.7832291671875 0.4250925921875 0.7832291671875 0.3341666671875 0.7103125 0.3341666671875
1 0.6527604171875 0.372777778125 0.6527604171875 0.44101851875 0.7077604171874999 0.44101851875 0.7077604171874999 0.372777778125 0.6527604171875 0.372777778125
1 0.6176041671875 0.3961111109375 0.6176041671875 0.4418518515625 0.65046875 0.4418518515625 0.65046875 0.3961111109375 0.6176041671875 0.3961111109375
1 0.5980729171875 0.40555555625000006 0.5980729171875 0.4418518515625 0.6184895828125 0.4418518515625 0.6184895828125 0.40555555625000006 0.5980729171875 0.40555555625000006
1 0.5758854171875 0.40870370312500004 0.5758854171875 0.440277778125 0.5980729171875 0.440277778125 0.5980729171875 0.40870370312500004 0.5758854171875 0.40870370312500004
1 0.05010416718750001 0.1213888890625 0.05010416718750001 0.2476851859375 0.1513541671875 0.2476851859375 0.1513541671875 0.1213888890625 0.05010416718750001 0.1213888890625
1 0.0003645828125 0.0676851859375 0.0003645828125 0.1829629625 0.0473958328125 0.1829629625 0.0473958328125 0.0676851859375 0.0003645828125 0.0676851859375
1 0.15046874999999998 0.20351851875000002 0.15046874999999998 0.2966666671875 0.2241666671875 0.2966666671875 0.2241666671875 0.20351851875000002 0.15046874999999998 0.20351851875000002
1 0.2197395828125 0.26027777812499997 0.2197395828125 0.32351851875 0.2641145828125 0.32351851875 0.2641145828125 0.26027777812499997 0.2197395828125 0.26027777812499997
1 0.26234375 0.2950925921875 0.26234375 0.3471296296875 0.29609375 0.3471296296875 0.29609375 0.2950925921875 0.26234375 0.2950925921875
1 0.29609375 0.318703703125 0.29609375 0.35981481406250004 0.321875 0.35981481406250004 0.321875 0.318703703125 0.29609375 0.318703703125
1 0.3173958328125 0.33453703749999997 0.3173958328125 0.3708333328125 0.33609374999999997 0.3708333328125 0.33609374999999997 0.33453703749999997 0.3173958328125 0.33453703749999997
1 0.2916666671875 0.07555555625 0.2916666671875 0.1576851859375 0.31473958281250003 0.1576851859375 0.31473958281250003 0.07555555625 0.2916666671875 0.07555555625
1 0.2561979171875 0.0121296296875 0.2561979171875 0.0898148140625 0.288125 0.0898148140625 0.288125 0.0121296296875 0.2561979171875 0.0121296296875
1 0.2626041671875 0.7792592593750001 0.2626041671875 0.7013888890625 0.2286458328125 0.7013888890625 0.2286458328125 0.7792592593750001 0.2626041671875 0.7792592593750001
1 0.2915625 0.73648148125 0.2915625 0.6651851859375 0.2632291671875 0.6651851859375 0.2632291671875 0.73648148125 0.2915625 0.73648148125
1 0.315 0.6871296296875 0.315 0.637777778125 0.2952604171875 0.637777778125 0.2952604171875 0.6871296296875 0.315 0.6871296296875
1 0.33968750000000003 0.6674074078125 0.33968750000000003 0.6224074078124999 0.3144270828125 0.6224074078124999 0.3144270828125 0.6674074078125 0.33968750000000003 0.6674074078125
1 0.3636979171875 0.6240740734375 0.3636979171875 0.591296296875 0.3508333328125 0.591296296875 0.3508333328125 0.6240740734375 0.3636979171875 0.6240740734375
1 0.6116145828125 0.0015740734374999998 0.6116145828125 0.08055555625000001 0.6560416671875 0.08055555625000001 0.6560416671875 0.0015740734374999998 0.6116145828125 0.0015740734374999998
1 0.5911979171875 0.044259259375 0.5911979171875 0.126296296875 0.6311979171875 0.126296296875 0.6311979171875 0.044259259375 0.5911979171875 0.044259259375
1 0.595625 0.1878703703125 0.595625 0.104259259375 0.57078125 0.104259259375 0.57078125 0.1878703703125 0.595625 0.1878703703125
1 0.5752083328125 0.21694444375000002 0.5752083328125 0.152222221875 0.5616666671874999 0.152222221875 0.5616666671874999 0.21694444375000002 0.5752083328125 0.21694444375000002
4 0.7394270828125 0.9083333328125001 0.7394270828125 0.4916666671875 0.659375 0.4916666671875 0.659375 0.9083333328125001 0.7394270828125 0.9083333328125001
4 0.6622395828125 0.796759259375 0.6622395828125 0.487777778125 0.6283854171875001 0.487777778125 0.6283854171875001 0.796759259375 0.6622395828125 0.796759259375
4 0.6355729171875 0.7339814812500001 0.6355729171875 0.4826851859375 0.6103125 0.4826851859375 0.6103125 0.7339814812500001 0.6355729171875 0.7339814812500001
4 0.6117708328125 0.696759259375 0.6117708328125 0.4686111109375 0.5836458328125 0.4686111109375 0.5836458328125 0.696759259375 0.6117708328125 0.696759259375
4 0.58796875 0.6506481484375 0.58796875 0.473703703125 0.5706770828125001 0.473703703125 0.5706770828125001 0.6506481484375 0.58796875 0.6506481484375
4 0.5757291671875 0.623703703125 0.5757291671875 0.4711111109375 0.56203125 0.4711111109375 0.56203125 0.623703703125 0.5757291671875 0.623703703125
4 0.565625 0.6044444437500001 0.565625 0.47240740781249996 0.5446875 0.47240740781249996 0.5446875 0.6044444437500001 0.565625 0.6044444437500001
4 0.5490625 0.5800925921875 0.5490625 0.4673148140625 0.5324479171875 0.4673148140625 0.5324479171875 0.5800925921875 0.5490625 0.5800925921875
4 0.35359375000000004 0.6403703703125 0.35359375000000004 0.47888888906249993 0.3038541671875 0.47888888906249993 0.3038541671875 0.6403703703125 0.35359375000000004 0.6403703703125
4 0.23171875000000003 0.887777778125 0.23171875000000003 0.503240740625 0.1603125 0.503240740625 0.1603125 0.887777778125 0.23171875000000003 0.887777778125
4 0.1855729171875 0.9942592593749999 0.1855729171875 0.5211111109375001 0.06442708281250001 0.5211111109375001 0.06442708281250001 0.9942592593749999 0.1855729171875 0.9942592593749999
4 0.06442708281250001 0.99805555625 0.06442708281250001 0.553240740625 0.0002604171875 0.553240740625 0.0002604171875 0.99805555625 0.06442708281250001 0.99805555625
3 0.2676041671875 0.451296296875 0.2676041671875 0.36055555625 0.23796875 0.36055555625 0.23796875 0.451296296875 0.2676041671875 0.451296296875
3 0.28312499999999996 0.455277778125 0.28312499999999996 0.37240740781250004 0.2653645828125 0.37240740781250004 0.2653645828125 0.455277778125 0.28312499999999996 0.455277778125
3 0.3179166671875 0.45398148125000004 0.3179166671875 0.3881481484375 0.3023958328125 0.3881481484375 0.3023958328125 0.45398148125000004 0.3179166671875 0.45398148125000004
3 0.3579166671875 0.4591666671875 0.3579166671875 0.40657407343749996 0.3408854171875 0.40657407343749996 0.3408854171875 0.4591666671875 0.3579166671875 0.4591666671875
1 0.44109375 0.5231481484375 0.44109375 0.5128703703124999 0.4180208328125 0.5128703703124999 0.4180208328125 0.5231481484375 0.44109375 0.5231481484375
1 0.4697395828125 0.5208333328125 0.4697395828125 0.5108333328125 0.44390625000000006 0.5108333328125 0.44390625000000006 0.5208333328125 0.4697395828125 0.5208333328125
1 0.49812500000000004 0.5197222218750001 0.49812500000000004 0.5081481484375 0.4725520828125 0.5081481484375 0.4725520828125 0.5197222218750001 0.49812500000000004 0.5197222218750001