1 0.70875 0.1279166671875 0.70875 0.0014583328125 0.63546875 0.0014583328125 0.63546875 0.1279166671875 0.70875 0.1279166671875
1 0.6364062500000001 0.1708333328125 0.6364062500000001 0.0835416671875 0.59328125 0.0835416671875 0.59328125 0.1708333328125 0.6364062500000001 0.1708333328125
1 0.59328125 0.1852083328125 0.59328125 0.1279166671875 0.56203125 0.1279166671875 0.56203125 0.1852083328125 0.59328125 0.1852083328125
1 0.589375 0.073125 0.589375 0.0014583328125 0.5493750000000001 0.0014583328125 0.5493750000000001 0.073125 0.589375 0.073125
1 0.123125 0.0875 0.123125 0.0183333328125 0.06734375000000001 0.0183333328125 0.06734375000000001 0.0875 0.123125 0.0875
1 0.181875 0.1422916671875 0.181875 0.0991666671875 0.14859375 0.0991666671875 0.14859375 0.1422916671875 0.181875 0.1422916671875
1 0.18671875 0.45375 0.18671875 0.42104166718749997 0.123125 0.42104166718749997 0.123125 0.45375 0.18671875 0.45375
1 0.44671874999999994 0.40541666718749997 0.44671874999999994 0.38333333281250004 0.37734375 0.38333333281250004 0.37734375 0.40541666718749997 0.44671874999999994 0.40541666718749997
1 0.37046875 0.406875 0.37046875 0.3845833328125 0.30203125000000003 0.3845833328125 0.30203125000000003 0.406875 0.37046875 0.406875
1 0.2971875 0.406875 0.2971875 0.38333333281250004 0.21593749999999998 0.38333333281250004 0.21593749999999998 0.406875 0.2971875 0.406875
1 0.5121875 0 0.5121875 0.057499999999999996 0.5415625000000001 0.057499999999999996 0.5415625000000001 0 0.5121875 0
1 1 0.5689583328125 0.88609375 0.5689583328125 0.88609375 0.6902083328125 1 0.6902083328125 1 0.5689583328125
1 0.9015625 0.5845833328125 0.9015625 0.5160416671875 0.8318749999999999 0.5160416671875 0.8318749999999999 0.5845833328125 0.9015625 0.5845833328125
1 0.71484375 0.3458333328125 0.71484375 0.29041666718750003 0.6015625 0.29041666718750003 0.6015625 0.3458333328125 0.71484375 0.3458333328125
1 0.7224999999999999 0.541875 0.7224999999999999 0.4760416671875 0.6421875 0.4760416671875 0.6421875 0.541875 0.7224999999999999 0.541875
1 0.6442187500000001 0.499375 0.6442187500000001 0.4516666671875 0.5996875 0.4516666671875 0.5996875 0.499375 0.6442187500000001 0.499375
1 0.60359375 0.4760416671875 0.60359375 0.4375 0.56578125 0.4375 0.56578125 0.4760416671875 0.60359375 0.4760416671875
4 0.52109375 0.0083333328125 0.52109375 0.2635416671875 0.575 0.2635416671875 0.575 0.0083333328125 0.52109375 0.0083333328125