1 0.40374999999999994 0.7039583328125001 0.40374999999999994 0.593125 0.00578125 0.593125 0.00578125 0.7039583328125001 0.40374999999999994 0.7039583328125001
1 0.6168750000000001 0.164375 0.6168750000000001 0.00020833281250000002 0.4340625 0.00020833281250000002 0.4340625 0.164375 0.6168750000000001 0.164375
1 0.8103125 0.288125 0.8103125 0.195625 0.7009375 0.195625 0.7009375 0.288125 0.8103125 0.288125
1 0.8973437499999999 0.3533333328125 0.8973437499999999 0.26208333281249996 0.80640625 0.26208333281249996 0.80640625 0.3533333328125 0.8973437499999999 0.3533333328125
1 0.9540625 0.1539583328125 0.9540625 0.071875 0.89546875 0.071875 0.89546875 0.1539583328125 0.9540625 0.1539583328125
1 0.953125 0.3897916671875 0.953125 0.3272916671875 0.8915625 0.3272916671875 0.8915625 0.3897916671875 0.953125 0.3897916671875
1 0.6490625 0.6754166671874999 0.6490625 0.5970833328125 0.4203125 0.5970833328125 0.4203125 0.6754166671874999 0.6490625 0.6754166671874999
1 0.79375 0.651875 0.79375 0.589375 0.6520312500000001 0.589375 0.6520312500000001 0.651875 0.79375 0.651875
1 0.8807812500000001 0.6427083328125 0.8807812500000001 0.589375 0.79578125 0.589375 0.79578125 0.6427083328125 0.8807812500000001 0.6427083328125
1 0.94046875 0.6427083328125 0.94046875 0.590625 0.8778124999999999 0.590625 0.8778124999999999 0.6427083328125 0.94046875 0.6427083328125
1 0.9853125 0.624375 0.9853125 0.5983333328125 0.94140625 0.5983333328125 0.94140625 0.624375 0.9853125 0.624375