1 0 0.1864583328125 0.12515625 0.1864583328125 0.12515625 0.1291666671875 0 0.1291666671875 0 0.1864583328125
1 0.32156250000000003 0.0939583328125 0.32156250000000003 0.0391666671875 0.12703124999999998 0.0391666671875 0.12703124999999998 0.0939583328125 0.32156250000000003 0.0939583328125
1 0.31578125 0.195625 0.31578125 0.13708333281250001 0.1221875 0.13708333281250001 0.1221875 0.195625 0.31578125 0.195625
1 0.5190625 0.2295833328125 0.5190625 0.16312500000000002 0.34890625000000003 0.16312500000000002 0.34890625000000003 0.2295833328125 0.5190625 0.2295833328125
1 0.7067187500000001 0.1760416671875 0.7067187500000001 0.1227083328125 0.6275000000000001 0.1227083328125 0.6275000000000001 0.1760416671875 0.7067187500000001 0.1760416671875
1 0.62265625 0 0.62265625 0.058750000000000004 0.69796875 0.058750000000000004 0.69796875 0 0.62265625 0
1 0.7078125 0.2804166671875 0.7078125 0.2295833328125 0.6275000000000001 0.2295833328125 0.6275000000000001 0.2804166671875 0.7078125 0.2804166671875
1 0 0.42770833281250004 0.09765625 0.42770833281250004 0.09765625 0.3597916671875 0 0.3597916671875 0 0.42770833281250004
1 0 0.561875 0.09578125 0.561875 0.09578125 0.49291666718749994 0 0.49291666718749994 0 0.561875
1 0 0.6766666671875 0.1084375 0.6766666671875 0.1084375 0.6102083328125001 0 0.6102083328125001 0 0.6766666671875
1 0.3040625 0.54625 0.3040625 0.47854166718749996 0.10359375 0.47854166718749996 0.10359375 0.54625 0.3040625 0.54625
1 0.3128125 0.6610416671875 0.3128125 0.5970833328125 0.11828125 0.5970833328125 0.11828125 0.6610416671875 0.3128125 0.6610416671875
1 0.5014062499999999 0.45625 0.5014062499999999 0.4002083328125 0.34015625 0.4002083328125 0.34015625 0.45625 0.5014062499999999 0.45625
1 0.49171875 0.621875 0.49171875 0.5514583328125 0.33718750000000003 0.5514583328125 0.33718750000000003 0.621875 0.49171875 0.621875
1 0.6079687500000001 0.593125 0.6079687500000001 0.531875 0.49078125000000006 0.531875 0.49078125000000006 0.593125 0.6079687500000001 0.593125
1 0.69984375 0.44729166718749996 0.69984375 0.4002083328125 0.5014062499999999 0.4002083328125 0.5014062499999999 0.44729166718749996 0.69984375 0.44729166718749996
1 0.6950000000000001 0.5658333328125 0.6950000000000001 0.5175 0.60609375 0.5175 0.60609375 0.5658333328125 0.6950000000000001 0.5658333328125
1 0.91015625 0.545 0.91015625 0.49291666718749994 0.75953125 0.49291666718749994 0.75953125 0.545 0.91015625 0.545
1 0.90234375 0.60875 0.90234375 0.5514583328125 0.76046875 0.5514583328125 0.76046875 0.60875 0.90234375 0.60875
4 0.37687499999999996 0.0045833328125 0.37687499999999996 0.2725 0.6403125000000001 0.2725 0.6403125000000001 0.0045833328125 0.37687499999999996 0.0045833328125