1 0.47406249999999994 0.133125 0.47406249999999994 0.08625000000000001 0.36359375 0.08625000000000001 0.36359375 0.133125 0.47406249999999994 0.133125
1 0.45843749999999994 0.0835416671875 0.45843749999999994 0.0302083328125 0.36265625 0.0302083328125 0.36265625 0.0835416671875 0.45843749999999994 0.0835416671875
1 0.36359375 0.1004166671875 0.36359375 0.0627083328125 0.33921875 0.0627083328125 0.33921875 0.1004166671875 0.36359375 0.1004166671875
1 0.3665625 0.1579166671875 0.3665625 0.12 0.33921875 0.12 0.33921875 0.1579166671875 0.3665625 0.1579166671875
1 0.33140625 0.1904166671875 0.33140625 0.1616666671875 0.306875 0.1616666671875 0.306875 0.1904166671875 0.33140625 0.1904166671875
1 0 0.4016666671875 0.09375 0.4016666671875 0.09375 0.3702083328125 0 0.3702083328125 0 0.4016666671875
1 0 0.45895833281250004 0.1015625 0.45895833281250004 0.1015625 0.425 0 0.425 0 0.45895833281250004
1 0.18765625 0.3597916671875 0.18765625 0.3404166671875 0.14078125 0.3404166671875 0.14078125 0.3597916671875 0.18765625 0.3597916671875
1 0.230625 0.40541666718749997 0.230625 0.3860416671875 0.18765625 0.3860416671875 0.18765625 0.40541666718749997 0.230625 0.40541666718749997
1 0.18765625 0.406875 0.18765625 0.3897916671875 0.14265624999999998 0.3897916671875 0.14265624999999998 0.406875 0.18765625 0.406875
2 0.1221875 0.40458333281250003 0.1221875 0.301875 0.09140625 0.301875 0.09140625 0.40458333281250003 0.1221875 0.40458333281250003
3 0.99734375 0.49729166718749995 0.99734375 0.38687499999999997 0.81875 0.38687499999999997 0.81875 0.49729166718749995 0.99734375 0.49729166718749995
3 0.81671875 0.4683333328125 0.81671875 0.37625000000000003 0.65890625 0.37625000000000003 0.65890625 0.4683333328125 0.81671875 0.4683333328125
3 0.68359375 0.38937499999999997 0.68359375 0.3289583328125 0.53453125 0.3289583328125 0.53453125 0.38937499999999997 0.68359375 0.38937499999999997
3 0.62734375 0.4408333328125 0.62734375 0.38937499999999997 0.5354687499999999 0.38937499999999997 0.5354687499999999 0.4408333328125 0.62734375 0.4408333328125
3 0.5503125 0.436875 0.5503125 0.3908333328125 0.51078125 0.3908333328125 0.51078125 0.436875 0.5503125 0.436875
3 0.5365624999999999 0.38937499999999997 0.5365624999999999 0.3447916671875 0.47328125 0.3447916671875 0.47328125 0.38937499999999997 0.5365624999999999 0.38937499999999997
3 0.52078125 0.43562500000000004 0.52078125 0.3920833328125 0.47828125000000005 0.3920833328125 0.47828125000000005 0.43562500000000004 0.52078125 0.43562500000000004
3 0.47734375 0.425 0.47734375 0.38166666718750003 0.44765625 0.38166666718750003 0.44765625 0.425 0.47734375 0.425
3 0.44671874999999994 0.41979166718750005 0.44671874999999994 0.38166666718750003 0.4259375 0.38166666718750003 0.4259375 0.41979166718750005 0.44671874999999994 0.41979166718750005
3 0.42203125 0.42625 0.42203125 0.37625000000000003 0.38656250000000003 0.37625000000000003 0.38656250000000003 0.42625 0.42203125 0.42625
3 0.4190625 0.385625 0.4190625 0.3579166671875 0.36578125 0.3579166671875 0.36578125 0.385625 0.4190625 0.385625
3 0.3934375 0.414375 0.3934375 0.38687499999999997 0.3628125 0.38687499999999997 0.3628125 0.414375 0.3934375 0.414375
3 0.41421875 0.4170833328125 0.41421875 0.34208333281250003 0.34703125 0.34208333281250003 0.34703125 0.4170833328125 0.41421875 0.4170833328125
3 0.3509375 0.385625 0.3509375 0.3591666671875 0.32921875 0.3591666671875 0.32921875 0.385625 0.3509375 0.385625
3 0.3509375 0.410625 0.3509375 0.385625 0.33328125000000003 0.385625 0.33328125000000003 0.410625 0.3509375 0.410625
3 0.42890625 0.2683333328125 0.42890625 0.24479166718749998 0.3696875 0.24479166718749998 0.3696875 0.2683333328125 0.42890625 0.2683333328125
3 0.42000000000000004 0.313125 0.42000000000000004 0.27770833281249996 0.361875 0.27770833281249996 0.361875 0.313125 0.42000000000000004 0.313125
3 0.46749999999999997 0.30520833281250004 0.46749999999999997 0.2579166671875 0.43484375000000003 0.2579166671875 0.43484375000000003 0.30520833281250004 0.46749999999999997 0.30520833281250004
3 0.51484375 0.24479166718749998 0.51484375 0.1972916671875 0.46749999999999997 0.1972916671875 0.46749999999999997 0.24479166718749998 0.51484375 0.24479166718749998
3 0.51671875 0.2947916671875 0.51671875 0.2460416671875 0.46453125 0.2460416671875 0.46453125 0.2947916671875 0.51671875 0.2947916671875
3 0.5493750000000001 0.28291666718749997 0.5493750000000001 0.24479166718749998 0.51484375 0.24479166718749998 0.51484375 0.28291666718749997 0.5493750000000001 0.28291666718749997
3 0.6431250000000001 0.260625 0.6431250000000001 0.19479166718750002 0.59765625 0.19479166718750002 0.59765625 0.260625 0.6431250000000001 0.260625
3 0.69734375 0.25 0.69734375 0.1710416671875 0.6431250000000001 0.1710416671875 0.6431250000000001 0.25 0.69734375 0.25
3 0.7625 0.1697916671875 0.7625 0.1027083328125 0.70125 0.1027083328125 0.70125 0.1697916671875 0.7625 0.1697916671875
3 0.82265625 0.15 0.82265625 0.07625 0.7575000000000001 0.07625 0.7575000000000001 0.15 0.82265625 0.15
3 0.8946875000000001 0.150625 0.8946875000000001 0.042499999999999996 0.82359375 0.042499999999999996 0.82359375 0.150625 0.8946875000000001 0.150625
3 0.88796875 0.0114583328125 0.88796875 0.1179166671875 0.98828125 0.1179166671875 0.98828125 0.0114583328125 0.88796875 0.0114583328125
3 0.96359375 0.052500000000000005 0.96359375 0.18062499999999998 0.99640625 0.18062499999999998 0.99640625 0.052500000000000005 0.96359375 0.052500000000000005
3 0.96359375 0.19708333281249998 0.96359375 0.1070833328125 0.881875 0.1070833328125 0.881875 0.19708333281249998 0.96359375 0.19708333281249998
3 0.89609375 0.2270833328125 0.89609375 0.1397916671875 0.8184374999999999 0.1397916671875 0.8184374999999999 0.2270833328125 0.89609375 0.2270833328125
3 0.8225 0.24333333281249997 0.8225 0.1560416671875 0.75703125 0.1560416671875 0.75703125 0.24333333281249997 0.8225 0.24333333281249997
3 0.76109375 0.24625 0.76109375 0.17250000000000001 0.7017187500000001 0.17250000000000001 0.7017187500000001 0.24625 0.76109375 0.24625
3 0.34781249999999997 0.313125 0.34781249999999997 0.27875 0.32359375 0.27875 0.32359375 0.313125 0.34781249999999997 0.313125
3 0.3446875 0.3320833328125 0.3446875 0.3120833328125 0.32406250000000003 0.3120833328125 0.32406250000000003 0.3320833328125 0.3446875 0.3320833328125
3 0.48109375 0.18062499999999998 0.48109375 0.12 0.43703125 0.12 0.43703125 0.18062499999999998 0.48109375 0.18062499999999998