1 0.7346874999999999 0.005625 0.7346874999999999 0.1125 0.84375 0.1125 0.84375 0.005625 0.7346874999999999 0.005625
1 0.673125 0.000625 0.673125 0.046875 0.73359375 0.046875 0.73359375 0.000625 0.673125 0.000625
1 0.85 0.0045833328125 0.85 0.08645833281250001 0.95390625 0.08645833281250001 0.95390625 0.0045833328125 0.85 0.0045833328125
1 0.8432812500000001 0.0852083328125 0.8432812500000001 0.1891666671875 0.9442187499999999 0.1891666671875 0.9442187499999999 0.0852083328125 0.8432812500000001 0.0852083328125
1 0.99609375 0.2327083328125 0.99609375 0.12875 0.93265625 0.12875 0.93265625 0.2327083328125 0.99609375 0.2327083328125
3 0.9971875000000001 0.745625 0.9971875000000001 0.5979166671875 0.8949999999999999 0.5979166671875 0.8949999999999999 0.745625 0.9971875000000001 0.745625
3 0.9901562500000001 0.4425 0.9901562500000001 0.4064583328125 0.93328125 0.4064583328125 0.93328125 0.4425 0.9901562500000001 0.4425
3 0.9901562500000001 0.47104166718749996 0.9901562500000001 0.440625 0.9262499999999999 0.440625 0.9262499999999999 0.47104166718749996 0.9901562500000001 0.47104166718749996
3 0.98734375 0.505 0.98734375 0.46333333281250005 0.92484375 0.46333333281250005 0.92484375 0.505 0.98734375 0.505
3 0.41890625000000004 0.385625 0.41890625000000004 0.2491666671875 0.3109375 0.2491666671875 0.3109375 0.385625 0.41890625000000004 0.385625
3 0.48703124999999997 0.4122916671875 0.48703124999999997 0.34020833281249996 0.36484375 0.34020833281249996 0.36484375 0.4122916671875 0.48703124999999997 0.4122916671875
3 0.6875 0.4502083328125 0.6875 0.3572916671875 0.5325 0.3572916671875 0.5325 0.4502083328125 0.6875 0.4502083328125
3 0.8153124999999999 0.4804166671875 0.8153124999999999 0.4064583328125 0.6704687500000001 0.4064583328125 0.6704687500000001 0.4804166671875 0.8153124999999999 0.4804166671875
3 0.8665625 0.491875 0.8665625 0.4291666671875 0.8153124999999999 0.4291666671875 0.8153124999999999 0.491875 0.8665625 0.491875
3 0.9120312500000001 0.43499999999999994 0.9120312500000001 0.3952083328125 0.80109375 0.3952083328125 0.80109375 0.43499999999999994 0.9120312500000001 0.43499999999999994
3 0.91484375 0.46708333281250003 0.91484375 0.43875000000000003 0.85515625 0.43875000000000003 0.85515625 0.46708333281250003 0.91484375 0.46708333281250003
3 0.9106249999999999 0.499375 0.9106249999999999 0.4614583328125 0.85234375 0.4614583328125 0.85234375 0.499375 0.9106249999999999 0.499375
3 0.8607812499999999 0.671875 0.8607812499999999 0.6035416671875 0.8096875000000001 0.6035416671875 0.8096875000000001 0.671875 0.8607812499999999 0.671875
3 0.818125 0.671875 0.818125 0.5447916671875 0.7471875 0.5447916671875 0.7471875 0.671875 0.818125 0.671875
3 0.75703125 0.683125 0.75703125 0.495625 0.5709375 0.495625 0.5709375 0.683125 0.75703125 0.683125
3 0.6135937499999999 0.5808333328125 0.6135937499999999 0.5202083328125 0.47437500000000005 0.5202083328125 0.47437500000000005 0.5808333328125 0.6135937499999999 0.5808333328125
3 0.6107812499999999 0.624375 0.6107812499999999 0.5733333328125 0.47859375000000004 0.5733333328125 0.47859375000000004 0.624375 0.6107812499999999 0.624375
3 0.6107812499999999 0.671875 0.6107812499999999 0.61875 0.4828125 0.61875 0.4828125 0.671875 0.6107812499999999 0.671875
3 0.4884375 0.686875 0.4884375 0.5904166671875 0.355 0.5904166671875 0.355 0.686875 0.4884375 0.686875
3 0.36062500000000003 0.686875 0.36062500000000003 0.5506249999999999 0.11625 0.5506249999999999 0.11625 0.686875 0.36062500000000003 0.686875
3 0.10484374999999999 0.2435416671875 0.10484374999999999 0.1070833328125 0.0025 0.1070833328125 0.0025 0.2435416671875 0.10484374999999999 0.2435416671875
3 0.08921875 0.34020833281249996 0.08921875 0.2304166671875 0.0025 0.2304166671875 0.0025 0.34020833281249996 0.08921875 0.34020833281249996
3 0.2128125 0.3725 0.2128125 0.255 0.0878125 0.255 0.0878125 0.3725 0.2128125 0.3725
3 0.215625 0.2814583328125 0.215625 0.143125 0.09343749999999999 0.143125 0.09343749999999999 0.2814583328125 0.215625 0.2814583328125
3 0.319375 0.30604166718750003 0.319375 0.1772916671875 0.2184375 0.1772916671875 0.2184375 0.30604166718750003 0.319375 0.30604166718750003
3 0.31515624999999997 0.38937499999999997 0.31515624999999997 0.2870833328125 0.21000000000000002 0.2870833328125 0.21000000000000002 0.38937499999999997 0.31515624999999997 0.38937499999999997