1 0.725 0.0083333328125 0.725 0.1275 0.98171875 0.1275 0.98171875 0.0083333328125 0.725 0.0083333328125
3 0.34968750000000004 0.5310416671875 0.34968750000000004 0.2889583328125 0.0128125 0.2889583328125 0.0128125 0.5310416671875 0.34968750000000004 0.5310416671875
3 0.079375 0.5185416671875 0.079375 0.009375 0.0026562499999999998 0.009375 0.0026562499999999998 0.5185416671875 0.079375 0.5185416671875
3 0.27546875000000004 0.3139583328125 0.27546875000000004 0.1297916671875 0.041875 0.1297916671875 0.041875 0.3139583328125 0.27546875000000004 0.3139583328125
3 0.65703125 0.5391666671875 0.65703125 0.37 0.39140625 0.37 0.39140625 0.5391666671875 0.65703125 0.5391666671875
3 0.6796875 0.45958333281249997 0.6796875 0.2935416671875 0.45968749999999997 0.2935416671875 0.45968749999999997 0.45958333281249997 0.6796875 0.45958333281249997
3 0.8971875 0.4927083328125 0.8971875 0.3791666671875 0.676875 0.3791666671875 0.676875 0.4927083328125 0.8971875 0.4927083328125
3 0.9542187500000001 0.41166666718749995 0.9542187500000001 0.32083333281250004 0.7887500000000001 0.32083333281250004 0.7887500000000001 0.41166666718749995 0.9542187500000001 0.41166666718749995
3 0.9542187500000001 0.48 0.9542187500000001 0.41166666718749995 0.8809374999999999 0.41166666718749995 0.8809374999999999 0.48 0.9542187500000001 0.48
3 0.98140625 0.473125 0.98140625 0.31625000000000003 0.86890625 0.31625000000000003 0.86890625 0.473125 0.98140625 0.473125
3 0.996875 0.4322916671875 0.996875 0.359375 0.978125 0.359375 0.978125 0.4322916671875 0.996875 0.4322916671875
3 0.99515625 0.4754166671875 0.99515625 0.42770833281250004 0.983125 0.42770833281250004 0.983125 0.4754166671875 0.99515625 0.4754166671875
3 0.95078125 0.6254166671875 0.95078125 0.54125 0.83828125 0.54125 0.83828125 0.6254166671875 0.95078125 0.6254166671875
3 0.9371875 0.698125 0.9371875 0.6185416671875 0.86546875 0.6185416671875 0.86546875 0.698125 0.9371875 0.698125
3 0.9712500000000001 0.66875 0.9712500000000001 0.5891666671875 0.9268750000000001 0.5891666671875 0.9268750000000001 0.66875 0.9712500000000001 0.66875
3 0.9217187499999999 0.7233333328125 0.9217187499999999 0.5891666671875 0.7325 0.5891666671875 0.7325 0.7233333328125 0.9217187499999999 0.7233333328125
3 0.8775000000000001 0.8072916671874999 0.8775000000000001 0.6277083328125 0.62 0.6277083328125 0.62 0.8072916671874999 0.8775000000000001 0.8072916671874999
3 0.77171875 0.850625 0.77171875 0.698125 0.57734375 0.698125 0.57734375 0.850625 0.77171875 0.850625
3 0.6659375 0.975625 0.6659375 0.7527083328125 0.425625 0.7527083328125 0.425625 0.975625 0.6659375 0.975625
3 0.34921875 0.9891666671875001 0.34921875 0.728125 0.0675 0.728125 0.0675 0.9891666671875001 0.34921875 0.9891666671875001
3 0.9985937500000001 0.6072916671875 0.9985937500000001 0.5527083328125 0.99 0.5527083328125 0.99 0.6072916671875 0.9985937500000001 0.6072916671875