2 1 0.0564583328125 0.25203125000000004 0.0564583328125 0.25203125000000004 0.7150000000000001 1 0.7150000000000001 1 0.0564583328125
4 0.64328125 0.5416666671875 0.64328125 0.1647916671875 0.41734375 0.1647916671875 0.41734375 0.5416666671875 0.64328125 0.5416666671875
4 0.42890625 0.0045833328125 0.42890625 0.153125 0.676875 0.153125 0.676875 0.0045833328125 0.42890625 0.0045833328125
4 0.660625 0.0045833328125 0.660625 0.1929166671875 0.9846875 0.1929166671875 0.9846875 0.0045833328125 0.660625 0.0045833328125
4 0.98171875 0.5429166671875 0.98171875 0.1891666671875 0.89140625 0.1891666671875 0.89140625 0.5429166671875 0.98171875 0.5429166671875
4 0.23937499999999998 0.3583333328125 0.23937499999999998 0.5095833328125 0.425 0.5095833328125 0.425 0.3583333328125 0.23937499999999998 0.3583333328125
4 0.1528125 0.349375 0.1528125 0.5045833328125 0.25 0.5045833328125 0.25 0.349375 0.1528125 0.349375
4 0.23078125 0.2314583328125 0.23078125 0.3620833328125 0.42312500000000003 0.3620833328125 0.42312500000000003 0.2314583328125 0.23078125 0.2314583328125
4 0.22984374999999999 0.0941666671875 0.22984374999999999 0.22749999999999998 0.42109375 0.22749999999999998 0.42109375 0.0941666671875 0.22984374999999999 0.0941666671875
4 0.23078125 0.003125 0.23078125 0.0929166671875 0.42312500000000003 0.0929166671875 0.42312500000000003 0.003125 0.23078125 0.003125
1 0.9949999999999999 0.05125 0.9949999999999999 0.0033333328125 0.9503125000000001 0.0033333328125 0.9503125000000001 0.05125 0.9949999999999999 0.05125
1 0.9962500000000001 0.0945833328125 0.9962500000000001 0.055625 0.94921875 0.055625 0.94921875 0.0945833328125 0.9962500000000001 0.0945833328125
1 0.9995312500000001 0.1483333328125 0.9995312500000001 0.09895833281250001 0.94796875 0.09895833281250001 0.94796875 0.1483333328125 0.9995312500000001 0.1483333328125
1 0.9995312500000001 0.1902083328125 0.9995312500000001 0.1558333328125 0.95140625 0.1558333328125 0.95140625 0.1902083328125 0.9995312500000001 0.1902083328125
1 0.9984375 0.23333333281250002 0.9984375 0.1945833328125 0.94921875 0.1945833328125 0.94921875 0.23333333281250002 0.9984375 0.23333333281250002
1 0.9928125 0.285625 0.9928125 0.23937499999999998 0.9446875 0.23937499999999998 0.9446875 0.285625 0.9928125 0.285625
1 0.99734375 0.3304166671875 0.99734375 0.29020833281249997 0.9412499999999999 0.29020833281249997 0.9412499999999999 0.3304166671875 0.99734375 0.3304166671875
1 0.9995312500000001 0.3752083328125 0.9995312500000001 0.3289583328125 0.93453125 0.3289583328125 0.93453125 0.3752083328125 0.9995312500000001 0.3752083328125
1 0.99734375 0.42604166718750003 0.99734375 0.37374999999999997 0.9278124999999999 0.37374999999999997 0.9278124999999999 0.42604166718750003 0.99734375 0.42604166718750003
1 0.99734375 0.46645833281250004 0.99734375 0.4185416671875 0.9223437499999999 0.4185416671875 0.9223437499999999 0.46645833281250004 0.99734375 0.46645833281250004
1 0.9995312500000001 0.5202083328125 0.9995312500000001 0.46645833281250004 0.914375 0.46645833281250004 0.914375 0.5202083328125 0.9995312500000001 0.5202083328125