1 0.46567708281250003 0.008240740625 0.46567708281250003 0.224259259375 0.9938541671875001 0.224259259375 0.9938541671875001 0.008240740625 0.46567708281250003 0.008240740625
1 0.32864583281250004 0.11824074062500001 0.32864583281250004 0.27148148125 0.4855208328125 0.27148148125 0.4855208328125 0.11824074062500001 0.32864583281250004 0.11824074062500001
1 0.2871354171875 0.0063888890625 0.2871354171875 0.1428703703125 0.339375 0.1428703703125 0.339375 0.0063888890625 0.2871354171875 0.0063888890625
1 0.2978125 0.17314814843749998 0.2978125 0.27925925937499996 0.3361458328125 0.27925925937499996 0.3361458328125 0.17314814843749998 0.2978125 0.17314814843749998
1 0.2775520828125 0.24324074062499998 0.2775520828125 0.2736111109375 0.2999479171875 0.2736111109375 0.2999479171875 0.24324074062499998 0.2775520828125 0.24324074062499998
1 0.28072916718749996 0.29444444375 0.28072916718749996 0.22620370312500002 0.2423958328125 0.22620370312500002 0.2423958328125 0.29444444375 0.28072916718749996 0.29444444375
1 0.2452083328125 0.258796296875 0.2452083328125 0.21212962968750002 0.2282291671875 0.21212962968750002 0.2282291671875 0.258796296875 0.2452083328125 0.258796296875
1 0.2493229171875 0.2916666671875 0.2493229171875 0.24416666718750002 0.2297916671875 0.24416666718750002 0.2297916671875 0.2916666671875 0.2493229171875 0.2916666671875
1 0.22875 0.26518518593749996 0.22875 0.21944444375 0.21593749999999998 0.21944444375 0.21593749999999998 0.26518518593749996 0.22875 0.26518518593749996
1 0.2297916671875 0.29444444375 0.2297916671875 0.259722221875 0.21796875 0.259722221875 0.21796875 0.29444444375 0.2297916671875 0.29444444375
1 0.2164583328125 0.29444444375 0.2164583328125 0.264259259375 0.20510416718750002 0.264259259375 0.20510416718750002 0.29444444375 0.2164583328125 0.29444444375
1 0.2015104171875 0.22768518593749998 0.2015104171875 0.184722221875 0.19125 0.184722221875 0.19125 0.22768518593749998 0.2015104171875 0.22768518593749998
1 0.12281249999999999 0.3799074078125 0.12281249999999999 0.40453703750000003 0.1710416671875 0.40453703750000003 0.1710416671875 0.3799074078125 0.12281249999999999 0.3799074078125
1 0.0682291671875 0.37851851875000003 0.0682291671875 0.40712962968750005 0.12281249999999999 0.40712962968750005 0.12281249999999999 0.37851851875000003 0.0682291671875 0.37851851875000003
1 0.0705729171875 0.41462962968749995 0.0705729171875 0.3846296296875 0.0128645828125 0.3846296296875 0.0128645828125 0.41462962968749995 0.0705729171875 0.41462962968749995
1 0.4521354171875 0.991296296875 0.4521354171875 0.8230555562499999 0.3715625 0.8230555562499999 0.3715625 0.991296296875 0.4521354171875 0.991296296875
1 0.2864583328125 0.589722221875 0.2864583328125 0.5321296296875 0.2571354171875 0.5321296296875 0.2571354171875 0.589722221875 0.2864583328125 0.589722221875
4 0.9096354171875 0.9993518515625001 0.9096354171875 0.4173148140625 0.5122395828124999 0.4173148140625 0.5122395828124999 0.9993518515625001 0.9096354171875 0.9993518515625001
4 0.9990625 0.9993518515625001 0.9990625 0.5493518515625 0.9002604171874999 0.5493518515625 0.9002604171874999 0.9993518515625001 0.9990625 0.9993518515625001
4 0.5028645828125 0.855740740625 0.5028645828125 0.3570370375 0.29734375 0.3570370375 0.29734375 0.855740740625 0.5028645828125 0.855740740625
4 0.3153645828125 0.7390740734375 0.3153645828125 0.344259259375 0.2721354171875 0.344259259375 0.2721354171875 0.7390740734375 0.3153645828125 0.7390740734375