1 0.68234375 0.1383333328125 0.68234375 0.0822916671875 0.55515625 0.0822916671875 0.55515625 0.1383333328125 0.68234375 0.1383333328125
1 0.7459374999999999 0.12 0.7459374999999999 0.0847916671875 0.68421875 0.0847916671875 0.68421875 0.12 0.7459374999999999 0.12
1 0.63546875 0.2947916671875 0.63546875 0.2633333328125 0.5796875 0.2633333328125 0.5796875 0.2947916671875 0.63546875 0.2947916671875
1 0.6334375 0.39375 0.6334375 0.375625 0.58265625 0.375625 0.58265625 0.39375 0.6334375 0.39375
1 0.8739062499999999 0.2008333328125 0.8739062499999999 0.134375 0.76640625 0.134375 0.76640625 0.2008333328125 0.8739062499999999 0.2008333328125
1 0.5610937500000001 0.43937499999999996 0.5610937500000001 0.410625 0.41546874999999994 0.410625 0.41546874999999994 0.43937499999999996 0.5610937500000001 0.43937499999999996
1 0.4184375 0.4329166671875 0.4184375 0.409375 0.40171875 0.409375 0.40171875 0.4329166671875 0.4184375 0.4329166671875
1 0.4046875 0.425 0.4046875 0.40812499999999996 0.39 0.40812499999999996 0.39 0.425 0.4046875 0.425
1 0.05953125 0.6022916671874999 0.05953125 0.5110416671875 0.03328125 0.5110416671875 0.03328125 0.6022916671874999 0.05953125 0.6022916671874999
1 0 0.69875 0.04 0.69875 0.04 0.5683333328125 0 0.5683333328125 0 0.69875
1 0.27890625 0.076875 0.27890625 0.063125 0.23453125 0.063125 0.23453125 0.076875 0.27890625 0.076875
1 0.2784375 0.0908333328125 0.2784375 0.078125 0.2340625 0.078125 0.2340625 0.0908333328125 0.2784375 0.0908333328125
1 0.32796875000000003 0.0945833328125 0.32796875000000003 0.080625 0.28312499999999996 0.080625 0.28312499999999996 0.0945833328125 0.32796875000000003 0.0945833328125
1 0.379375 0.0958333328125 0.379375 0.080625 0.333125 0.080625 0.333125 0.0958333328125 0.379375 0.0958333328125
1 0.28546875 0.1675 0.28546875 0.1554166671875 0.24015625 0.1554166671875 0.24015625 0.1675 0.28546875 0.1675
1 0.33265625 0.1675 0.33265625 0.1554166671875 0.28734375 0.1554166671875 0.28734375 0.1675 0.33265625 0.1675
1 0.2859375 0.19125 0.2859375 0.18062499999999998 0.24015625 0.18062499999999998 0.24015625 0.19125 0.2859375 0.19125
1 0.33406250000000004 0.190625 0.33406250000000004 0.18 0.28828125 0.18 0.28828125 0.190625 0.33406250000000004 0.190625
1 0.33171875 0.2416666671875 0.33171875 0.2314583328125 0.28781249999999997 0.2314583328125 0.28781249999999997 0.2416666671875 0.33171875 0.2416666671875
1 0.3759375 0.2429166671875 0.3759375 0.2327083328125 0.33218749999999997 0.2327083328125 0.33218749999999997 0.2429166671875 0.3759375 0.2429166671875
1 0.28640625000000003 0.2660416671875 0.28640625000000003 0.2541666671875 0.24109375000000002 0.2541666671875 0.24109375000000002 0.2660416671875 0.28640625000000003 0.2660416671875
1 0.33078124999999997 0.2654166671875 0.33078124999999997 0.2560416671875 0.28781249999999997 0.2560416671875 0.28781249999999997 0.2654166671875 0.33078124999999997 0.2654166671875
1 0.3740625 0.26729166718749997 0.3740625 0.2541666671875 0.33265625 0.2541666671875 0.33265625 0.26729166718749997 0.3740625 0.26729166718749997
1 0.28734375 0.288125 0.28734375 0.27875 0.24203125 0.27875 0.24203125 0.288125 0.28734375 0.288125
1 0.33218749999999997 0.289375 0.33218749999999997 0.27749999999999997 0.28828125 0.27749999999999997 0.28828125 0.289375 0.33218749999999997 0.289375
1 0.3740625 0.288125 0.3740625 0.27749999999999997 0.33406250000000004 0.27749999999999997 0.33406250000000004 0.288125 0.3740625 0.288125
1 0.28640625000000003 0.3554166671875 0.28640625000000003 0.3435416671875 0.24359375 0.3435416671875 0.24359375 0.3554166671875 0.28640625000000003 0.3554166671875
1 0.33125 0.3541666671875 0.33125 0.3441666671875 0.28828125 0.3441666671875 0.28828125 0.3541666671875 0.33125 0.3541666671875
1 0.28734375 0.3779166671875 0.28734375 0.36604166718750003 0.2459375 0.36604166718750003 0.2459375 0.3779166671875 0.28734375 0.3779166671875
1 0.33359375 0.3772916671875 0.33359375 0.36604166718750003 0.28875 0.36604166718750003 0.28875 0.3772916671875 0.33359375 0.3772916671875
2 0.20859375 0.553125 0.20859375 0.08791666718749999 0.064375 0.08791666718749999 0.064375 0.553125 0.20859375 0.553125
4 0.9923437500000001 0.52625 0.9923437500000001 0.17375000000000002 0.624375 0.17375000000000002 0.624375 0.52625 0.9923437500000001 0.52625
4 0.38078124999999996 0.1954166671875 0.38078124999999996 0.1197916671875 0.323125 0.1197916671875 0.323125 0.1954166671875 0.38078124999999996 0.1954166671875
1 0.50671875 0.2304166671875 0.50671875 0.2125 0.42265625 0.2125 0.42265625 0.2304166671875 0.50671875 0.2304166671875
1 0.50671875 0.2497916671875 0.50671875 0.2304166671875 0.43171875000000004 0.2304166671875 0.43171875000000004 0.2497916671875 0.50671875 0.2497916671875
1 0.505625 0.26187499999999997 0.505625 0.2497916671875 0.43171875000000004 0.2497916671875 0.43171875000000004 0.26187499999999997 0.505625 0.26187499999999997
1 0.505625 0.2766666671875 0.505625 0.26187499999999997 0.43171875000000004 0.26187499999999997 0.43171875000000004 0.2766666671875 0.505625 0.2766666671875
1 0.51015625 0.2870833328125 0.51015625 0.2766666671875 0.43171875000000004 0.2766666671875 0.43171875000000004 0.2870833328125 0.51015625 0.2870833328125
1 0.51015625 0.308125 0.51015625 0.2870833328125 0.4328125 0.2870833328125 0.4328125 0.308125 0.51015625 0.308125