1 0.5360416671875 0.09675925937499999 0.5360416671875 0.025 0.47838541718750005 0.025 0.47838541718750005 0.09675925937499999 0.5360416671875 0.09675925937499999
1 0.48484375 0.12370370312500001 0.48484375 0.0699074078125 0.43942708281250004 0.0699074078125 0.43942708281250004 0.12370370312500001 0.48484375 0.12370370312500001
1 0.44015624999999997 0.1224074078125 0.44015624999999997 0.0813888890625 0.37093750000000003 0.0813888890625 0.37093750000000003 0.1224074078125 0.44015624999999997 0.1224074078125
1 0.37234375000000003 0.144259259375 0.37234375000000003 0.103240740625 0.35359375000000004 0.103240740625 0.35359375000000004 0.144259259375 0.37234375000000003 0.144259259375
1 0.41921875000000003 0.1788888890625 0.41921875000000003 0.1403703703125 0.37453125 0.1403703703125 0.37453125 0.1788888890625 0.41921875000000003 0.1788888890625
1 0.3738020828125 0.1916666671875 0.3738020828125 0.162222221875 0.3550520828125 0.162222221875 0.3550520828125 0.1916666671875 0.3738020828125 0.1916666671875
1 0.3492708328125 0.20833333281250002 0.3492708328125 0.1826851859375 0.3319791671875 0.1826851859375 0.3319791671875 0.20833333281250002 0.3492708328125 0.20833333281250002
1 0.5295833328125 0.0006481484375 0.5295833328125 0.05574074062499999 0.6053124999999999 0.05574074062499999 0.6053124999999999 0.0006481484375 0.5295833328125 0.0006481484375
1 0.18572916718750002 0.4331481484375 0.18572916718750002 0.3965740734375 0.0805208328125 0.3965740734375 0.0805208328125 0.4331481484375 0.18572916718750002 0.4331481484375
1 0.1896875 0.48231481406250004 0.1896875 0.4446296296875 0.10874999999999999 0.4446296296875 0.10874999999999999 0.48231481406250004 0.1896875 0.48231481406250004
2 0.2309895828125 0.38777777812499997 0.2309895828125 0.23009259218749997 0.1891666671875 0.23009259218749997 0.1891666671875 0.38777777812499997 0.2309895828125 0.38777777812499997
2 0.1690104171875 0.3583333328125 0.1690104171875 0.21861111093750002 0.1206770828125 0.21861111093750002 0.1206770828125 0.3583333328125 0.1690104171875 0.3583333328125
3 0.99640625 0.44666666718750003 0.99640625 0.34879629687499997 0.9404166671875 0.34879629687499997 0.9404166671875 0.44666666718750003 0.99640625 0.44666666718750003
3 0.99875 0.6866666671874999 0.99875 0.5638888890625 0.8989583328125 0.5638888890625 0.8989583328125 0.6866666671874999 0.99875 0.6866666671874999
3 0.9956770828125 0.7549074078125 0.9956770828125 0.651203703125 0.8928125 0.651203703125 0.8928125 0.7549074078125 0.9956770828125 0.7549074078125
3 0.99875 0.8067592593749999 0.99875 0.7058333328125 0.8913020828124999 0.7058333328125 0.8913020828124999 0.8067592593749999 0.99875 0.8067592593749999
3 0.8621354171875 0.7167592593750001 0.8621354171875 0.5939814812499999 0.7854166671875 0.5939814812499999 0.7854166671875 0.7167592593750001 0.8621354171875 0.7167592593750001
3 0.81609375 0.65944444375 0.81609375 0.550277778125 0.6733854171875 0.550277778125 0.6733854171875 0.65944444375 0.81609375 0.65944444375
3 0.6831770828125 0.573240740625 0.6831770828125 0.49574074062499995 0.5750520828125001 0.49574074062499995 0.5750520828125001 0.573240740625 0.6831770828125 0.573240740625
3 0.8623958328124999 0.4284259265625 0.8623958328124999 0.2715740734375 0.7485937500000001 0.2715740734375 0.7485937500000001 0.4284259265625 0.8623958328124999 0.4284259265625
3 0.8918229171875 0.44435185156249996 0.8918229171875 0.3579629625 0.7894791671875 0.3579629625 0.7894791671875 0.44435185156249996 0.8918229171875 0.44435185156249996
3 0.7728645828125 0.35111111093749997 0.7728645828125 0.264722221875 0.7063541671875 0.264722221875 0.7063541671875 0.35111111093749997 0.7728645828125 0.35111111093749997
3 0.75625 0.4056481484375 0.75625 0.3465740734375 0.70890625 0.3465740734375 0.70890625 0.4056481484375 0.75625 0.4056481484375
3 0.7166145828125 0.34203703750000003 0.7166145828125 0.2783333328125 0.6718229171875 0.2783333328125 0.6718229171875 0.34203703750000003 0.7166145828125 0.34203703750000003
3 0.7127604171875 0.4056481484375 0.7127604171875 0.34203703750000003 0.6718229171875 0.34203703750000003 0.6718229171875 0.4056481484375 0.7127604171875 0.4056481484375
3 0.6747395828125 0.344259259375 0.6747395828125 0.27851851875 0.6347395828125 0.27851851875 0.6347395828125 0.344259259375 0.6747395828125 0.344259259375
3 0.6743750000000001 0.3965740734375 0.6743750000000001 0.344259259375 0.6347395828125 0.344259259375 0.6347395828125 0.3965740734375 0.6743750000000001 0.3965740734375
3 0.6436979171874999 0.34203703750000003 0.6436979171874999 0.2828703703125 0.6002083328125 0.2828703703125 0.6002083328125 0.34203703750000003 0.6436979171874999 0.34203703750000003
3 0.6321875 0.3875 0.6321875 0.34203703750000003 0.6002083328125 0.34203703750000003 0.6002083328125 0.3875 0.6321875 0.3875
3 0.6040625000000001 0.3806481484375 0.6040625000000001 0.319259259375 0.56953125 0.319259259375 0.56953125 0.3806481484375 0.6040625000000001 0.3806481484375
3 0.56953125 0.3829629625 0.56953125 0.323796296875 0.5388020828125 0.323796296875 0.5388020828125 0.3829629625 0.56953125 0.3829629625
3 0.5861458328125 0.46703703750000003 0.5861458328125 0.4179629625 0.49880208281250005 0.4179629625 0.49880208281250005 0.46703703750000003 0.5861458328125 0.46703703750000003
3 0.5861458328125 0.5216666671875 0.5861458328125 0.46481481406249997 0.5042708328125001 0.46481481406249997 0.5042708328125001 0.5216666671875 0.5861458328125 0.5216666671875
3 0.5055729171875 0.5125 0.5055729171875 0.4693518515625 0.4774479171875 0.4693518515625 0.4774479171875 0.5125 0.5055729171875 0.5125
3 0.48640625000000004 0.4511111109375 0.48640625000000004 0.40796296249999997 0.453125 0.40796296249999997 0.453125 0.4511111109375 0.48640625000000004 0.4511111109375
3 0.4838541671875 0.4829629625 0.4838541671875 0.4465740734375 0.45953125000000006 0.4465740734375 0.45953125000000006 0.4829629625 0.4838541671875 0.4829629625
3 0.5183854171875 0.3601851859375 0.5183854171875 0.3261111109375 0.48255208281249995 0.3261111109375 0.48255208281249995 0.3601851859375 0.5183854171875 0.3601851859375
3 0.5209374999999999 0.323796296875 0.5209374999999999 0.28555555625 0.45463541718749995 0.28555555625 0.45463541718749995 0.323796296875 0.5209374999999999 0.323796296875
3 0.48255208281249995 0.36472222187500003 0.48255208281249995 0.3215740734375 0.453125 0.3215740734375 0.453125 0.36472222187500003 0.48255208281249995 0.36472222187500003
3 0.4608333328125 0.34203703750000003 0.4608333328125 0.314722221875 0.4275520828125 0.314722221875 0.4275520828125 0.34203703750000003 0.4608333328125 0.34203703750000003
3 0.4633854171875 0.4875 0.4633854171875 0.4238888890625 0.4365104171875 0.4238888890625 0.4365104171875 0.4875 0.4633854171875 0.4875
3 0.4390625 0.45574074062500003 0.4390625 0.4193518515625 0.41989583281250004 0.4193518515625 0.41989583281250004 0.45574074062500003 0.4390625 0.45574074062500003
3 0.4620833328125 0.24648148124999997 0.4620833328125 0.20101851874999999 0.43265624999999996 0.20101851874999999 0.43265624999999996 0.24648148124999997 0.4620833328125 0.24648148124999997
3 0.4402604171875 0.4376851859375 0.4402604171875 0.409259259375 0.39765625 0.409259259375 0.39765625 0.4376851859375 0.4402604171875 0.4376851859375
3 0.4136458328125 0.41398148125 0.4136458328125 0.387222221875 0.3798958328125 0.387222221875 0.3798958328125 0.41398148125 0.4136458328125 0.41398148125
3 0.40385416718749995 0.439259259375 0.40385416718749995 0.4124074078125 0.38078124999999996 0.4124074078125 0.38078124999999996 0.439259259375 0.40385416718749995 0.439259259375
3 0.40651041718750003 0.4376851859375 0.40651041718750003 0.36194444375 0.3665625 0.36194444375 0.3665625 0.4376851859375 0.40651041718750003 0.4376851859375
3 0.4180729171875 0.36666666718749996 0.4180729171875 0.2750925921875 0.38078124999999996 0.2750925921875 0.38078124999999996 0.36666666718749996 0.4180729171875 0.36666666718749996
3 0.4127604171875 0.35555555625 0.4127604171875 0.3224074078125 0.40208333281249997 0.3224074078125 0.40208333281249997 0.35555555625 0.4127604171875 0.35555555625
3 0.43052083281250003 0.35398148125 0.43052083281250003 0.3224074078125 0.41098958281250003 0.3224074078125 0.41098958281250003 0.35398148125 0.43052083281250003 0.35398148125
3 0.0734895828125 0.3303703703125 0.0734895828125 0.30509259218749996 0.0334895828125 0.30509259218749996 0.0334895828125 0.3303703703125 0.0734895828125 0.3303703703125
3 0.0734895828125 0.3461111109375 0.0734895828125 0.328796296875 0.0521354171875 0.328796296875 0.0521354171875 0.3461111109375 0.0734895828125 0.3461111109375
3 0.05390625 0.36666666718749996 0.05390625 0.327222221875 0.034375 0.327222221875 0.034375 0.36666666718749996 0.05390625 0.36666666718749996
3 0.021041667187499998 0.38240740781250004 0.021041667187499998 0.3366666671875 0.0032812500000000003 0.3366666671875 0.0032812500000000003 0.38240740781250004 0.021041667187499998 0.38240740781250004