1 0.56203125 0.1775 0.56203125 0.057499999999999996 0.28640625000000003 0.057499999999999996 0.28640625000000003 0.1775 0.56203125 0.1775
1 0.54453125 0.7847916671874999 0.54453125 0.6335416671874999 0.1290625 0.6335416671874999 0.1290625 0.7847916671874999 0.54453125 0.7847916671874999
1 0 0.8279166671875 0.1065625 0.8279166671875 0.1065625 0.72875 0 0.72875 0 0.8279166671875
1 0.7390625 0.6754166671874999 0.7390625 0.5722916671875 0.5659375 0.5722916671875 0.5659375 0.6754166671874999 0.7390625 0.6754166671874999
1 0.76046875 0.26208333281249996 0.76046875 0.14750000000000002 0.5689062500000001 0.14750000000000002 0.5689062500000001 0.26208333281249996 0.76046875 0.26208333281249996
1 0.8504687499999999 0.3025 0.8504687499999999 0.2204166671875 0.7537499999999999 0.2204166671875 0.7537499999999999 0.3025 0.8504687499999999 0.3025
1 0.75171875 0 0.75171875 0.071875 0.8348437499999999 0.071875 0.8348437499999999 0 0.75171875 0
1 0.84296875 0.6041666671875 0.84296875 0.5325 0.74265625 0.5325 0.74265625 0.6041666671875 0.84296875 0.6041666671875
1 0.84828125 0.4922916671875 0.84828125 0.44333333281250004 0.7421875 0.44333333281250004 0.7421875 0.4922916671875 0.84828125 0.4922916671875
1 0.8920312499999999 0.5452083328125 0.8920312499999999 0.509375 0.8434375 0.509375 0.8434375 0.5452083328125 0.8920312499999999 0.5452083328125
1 0.9471875000000001 0.509375 0.9471875000000001 0.48354166718749997 0.8896875 0.48354166718749997 0.8896875 0.509375 0.9471875000000001 0.509375
1 0.929375 0.3495833328125 0.929375 0.309375 0.8660937499999999 0.309375 0.8660937499999999 0.3495833328125 0.929375 0.3495833328125
1 0.13484374999999998 0.5170833328125 0.13484374999999998 0.49770833281250004 0.06546874999999999 0.49770833281250004 0.06546874999999999 0.5170833328125 0.13484374999999998 0.5170833328125
3 0.11734375 0.41958333281250004 0.11734375 0.4064583328125 0.0803125 0.4064583328125 0.0803125 0.41958333281250004 0.11734375 0.41958333281250004
3 0.11656249999999999 0.4404166671875 0.11656249999999999 0.41958333281250004 0.0828125 0.41958333281250004 0.0828125 0.4404166671875 0.11656249999999999 0.4404166671875
3 0.09765625 0.4995833328125 0.09765625 0.4722916671875 0.07546875 0.4722916671875 0.07546875 0.4995833328125 0.09765625 0.4995833328125
3 0.08453125 0.44604166718749994 0.08453125 0.42833333281249997 0.0671875 0.42833333281249997 0.0671875 0.44604166718749994 0.08453125 0.44604166718749994