1 0.1740625 0.003240740625 0.1740625 0.08527777812500001 0.2425520828125 0.08527777812500001 0.2425520828125 0.003240740625 0.1740625 0.003240740625
1 0.1769270828125 0.06731481406249999 0.1769270828125 0.012222221875 0.1206770828125 0.012222221875 0.1206770828125 0.06731481406249999 0.1769270828125 0.06731481406249999
1 0.1761979171875 0.146759259375 0.1761979171875 0.0724074078125 0.1242708328125 0.0724074078125 0.1242708328125 0.146759259375 0.1761979171875 0.146759259375
1 0.12552083281249998 0.1620370375 0.12552083281249998 0.126296296875 0.0940104171875 0.126296296875 0.0940104171875 0.1620370375 0.12552083281249998 0.1620370375
1 0.09406250000000001 0.176203703125 0.09406250000000001 0.1434259265625 0.07958333281249999 0.1434259265625 0.07958333281249999 0.176203703125 0.09406250000000001 0.176203703125
1 0.08005208281250001 0.18407407343749999 0.08005208281250001 0.15444444375 0.0680208328125 0.15444444375 0.0680208328125 0.18407407343749999 0.08005208281250001 0.18407407343749999
3 0.8619270828125 0.5236111109375 0.8619270828125 0.420277778125 0.65515625 0.420277778125 0.65515625 0.5236111109375 0.8619270828125 0.5236111109375
3 0.6613541671875 0.4881481484375 0.6613541671875 0.3958333328125 0.5192187500000001 0.3958333328125 0.5192187500000001 0.4881481484375 0.6613541671875 0.4881481484375
3 0.6198958328125 0.4625925921875 0.6198958328125 0.23638888906250002 0.4244791671875 0.23638888906250002 0.4244791671875 0.4625925921875 0.6198958328125 0.4625925921875
3 0.4282291671875 0.3034259265625 0.4282291671875 0.2428703703125 0.3823958328125 0.2428703703125 0.3823958328125 0.3034259265625 0.4282291671875 0.3034259265625
3 0.4282291671875 0.35 0.4282291671875 0.3025925921875 0.3838020828125 0.3025925921875 0.3838020828125 0.35 0.4282291671875 0.35
3 0.4282291671875 0.398703703125 0.4282291671875 0.35 0.38234375 0.35 0.38234375 0.398703703125 0.4282291671875 0.398703703125
3 0.4282291671875 0.43814814843749994 0.4282291671875 0.398703703125 0.3867708328125 0.398703703125 0.3867708328125 0.43814814843749994 0.4282291671875 0.43814814843749994
3 0.5325520828125 0.7421296296875 0.5325520828125 0.4974074078125 0.37046875 0.4974074078125 0.37046875 0.7421296296875 0.5325520828125 0.7421296296875
3 0.5903125 0.6974074078125 0.5903125 0.55 0.39859374999999997 0.55 0.39859374999999997 0.6974074078125 0.5903125 0.6974074078125
3 0.5126041671875 0.77898148125 0.5126041671875 0.6605555562500001 0.4022916671875 0.6605555562500001 0.4022916671875 0.77898148125 0.5126041671875 0.77898148125
3 0.7028125000000001 0.8578703703125001 0.7028125000000001 0.63555555625 0.50296875 0.63555555625 0.50296875 0.8578703703125001 0.7028125000000001 0.8578703703125001
3 0.7671875 0.955277778125 0.7671875 0.751296296875 0.61765625 0.751296296875 0.61765625 0.955277778125 0.7671875 0.955277778125
3 0.9949479171875 0.9949999999999999 0.9949479171875 0.768703703125 0.7916145828125 0.768703703125 0.7916145828125 0.9949999999999999 0.9949479171875 0.9949999999999999
3 0.9980208328125 0.5993518515625 0.9980208328125 0.41111111093749997 0.9642708328125 0.41111111093749997 0.9642708328125 0.5993518515625 0.9980208328125 0.5993518515625
3 0.4332291671875 0.67898148125 0.4332291671875 0.481296296875 0.3151041671875 0.481296296875 0.3151041671875 0.67898148125 0.4332291671875 0.67898148125
3 0.33734375 0.636203703125 0.33734375 0.5520370375 0.30281250000000004 0.5520370375 0.30281250000000004 0.636203703125 0.33734375 0.636203703125
3 0.3040625 0.5338888890625 0.3040625 0.4656481484375 0.2478125 0.4656481484375 0.2478125 0.5338888890625 0.3040625 0.5338888890625
3 0.3066145828125 0.590740740625 0.3066145828125 0.5270370375 0.2516145828125 0.5270370375 0.2516145828125 0.590740740625 0.3066145828125 0.590740740625
3 0.2567708328125 0.520277778125 0.2567708328125 0.4543518515625 0.2158333328125 0.4543518515625 0.2158333328125 0.520277778125 0.2567708328125 0.520277778125
3 0.25036458281249996 0.565740740625 0.25036458281249996 0.5134259265625001 0.2260416671875 0.5134259265625001 0.2260416671875 0.565740740625 0.25036458281249996 0.565740740625
3 0.22989583281249998 0.5498148140625 0.22989583281249998 0.49296296249999993 0.20817708281249997 0.49296296249999993 0.20817708281249997 0.5498148140625 0.22989583281249998 0.5498148140625
3 0.21197916718749998 0.5338888890625 0.21197916718749998 0.4770370375 0.1877083328125 0.4770370375 0.1877083328125 0.5338888890625 0.21197916718749998 0.5338888890625
3 0.2675520828125 0.388703703125 0.2675520828125 0.27055555625 0.1813020828125 0.27055555625 0.1813020828125 0.388703703125 0.2675520828125 0.388703703125
3 0.30921875 0.358796296875 0.30921875 0.2928703703125 0.2158333328125 0.2928703703125 0.2158333328125 0.358796296875 0.30921875 0.358796296875
3 0.3603645828125 0.4225 0.3603645828125 0.3406481484375 0.2593229171875 0.3406481484375 0.2593229171875 0.4225 0.3603645828125 0.4225
3 0.26953125 0.40657407343749996 0.26953125 0.35425925937499997 0.2234895828125 0.35425925937499997 0.2234895828125 0.40657407343749996 0.26953125 0.40657407343749996
3 0.16848958281249998 0.3701851859375 0.16848958281249998 0.3451851859375 0.1429166671875 0.3451851859375 0.1429166671875 0.3701851859375 0.16848958281249998 0.3701851859375
3 0.22526041718749998 0.426759259375 0.22526041718749998 0.396759259375 0.14796875 0.396759259375 0.14796875 0.426759259375 0.22526041718749998 0.426759259375
3 0.22703125000000002 0.46944444374999994 0.22703125000000002 0.426759259375 0.1515104171875 0.426759259375 0.1515104171875 0.46944444374999994 0.22703125000000002 0.46944444374999994
3 0.1692708328125 0.5073148140625 0.1692708328125 0.47259259218749994 0.1515104171875 0.47259259218749994 0.1515104171875 0.5073148140625 0.1692708328125 0.5073148140625
3 0.1497395828125 0.4220370375 0.1497395828125 0.3936111109375 0.1328645828125 0.3936111109375 0.1328645828125 0.4220370375 0.1497395828125 0.4220370375
3 0.1497395828125 0.4583333328125 0.1497395828125 0.4220370375 0.1408854171875 0.4220370375 0.1408854171875 0.4583333328125 0.1497395828125 0.4583333328125
3 0.1551041671875 0.49148148125 0.1551041671875 0.45990740781249995 0.14265624999999998 0.45990740781249995 0.14265624999999998 0.49148148125 0.1551041671875 0.49148148125
3 0.1639583328125 0.3320370375 0.1639583328125 0.3020370375 0.11953125 0.3020370375 0.11953125 0.3320370375 0.1639583328125 0.3320370375
3 0.1639583328125 0.366759259375 0.1639583328125 0.3336111109375 0.12401041718750001 0.3336111109375 0.12401041718750001 0.366759259375 0.1639583328125 0.366759259375
3 0.12401041718750001 0.3320370375 0.12401041718750001 0.3051851859375 0.11333333281249999 0.3051851859375 0.11333333281249999 0.3320370375 0.12401041718750001 0.3320370375
3 0.12489583281250001 0.36833333281249997 0.12489583281250001 0.3351851859375 0.11421875 0.3351851859375 0.11421875 0.36833333281249997 0.12489583281250001 0.36833333281249997
3 0.1319791671875 0.4583333328125 0.1319791671875 0.41101851875 0.123125 0.41101851875 0.123125 0.4583333328125 0.1319791671875 0.4583333328125
3 0.13640625 0.47416666718749995 0.13640625 0.44731481406249995 0.1266666671875 0.44731481406249995 0.1266666671875 0.47416666718749995 0.13640625 0.47416666718749995