1 0.6465625 0.6308333328125 0.6465625 0.5058333328125 0.44703125000000005 0.5058333328125 0.44703125000000005 0.6308333328125 0.6465625 0.6308333328125
1 0.6431250000000001 0.8856249999999999 0.6431250000000001 0.74 0.44703125000000005 0.74 0.44703125000000005 0.8856249999999999 0.6431250000000001 0.8856249999999999
1 0.39078124999999997 0.9947916671874999 0.39078124999999997 0.8422916671875 0.08546875000000001 0.8422916671875 0.08546875000000001 0.9947916671874999 0.39078124999999997 0.9947916671874999
1 0.788125 0.7945833328125 0.788125 0.6672916671875 0.6465625 0.6672916671875 0.6465625 0.7945833328125 0.788125 0.7945833328125
1 0.90921875 0.6425 0.90921875 0.5777083328125 0.8582812499999999 0.5777083328125 0.8582812499999999 0.6425 0.90921875 0.6425
1 0.9376562500000001 0.603125 0.9376562500000001 0.5541666671875001 0.9057812500000001 0.5541666671875001 0.9057812500000001 0.603125 0.9376562500000001 0.603125
1 0.9353125 0.5145833328125 0.9353125 0.47520833281249997 0.87734375 0.47520833281249997 0.87734375 0.5145833328125 0.9353125 0.5145833328125
1 0.9767187500000001 0.5635416671875 0.9767187500000001 0.5289583328125 0.95546875 0.5289583328125 0.95546875 0.5635416671875 0.9767187500000001 0.5635416671875
1 0.9578125 0.5745833328125001 0.9578125 0.5320833328125001 0.93296875 0.5320833328125001 0.93296875 0.5745833328125001 0.9578125 0.5745833328125001
1 0.5075000000000001 0.0010416671875 0.5075000000000001 0.0875 0.6915625000000001 0.0875 0.6915625000000001 0.0010416671875 0.5075000000000001 0.0010416671875
1 0.68984375 0.030625000000000003 0.68984375 0.169375 0.8178124999999999 0.169375 0.8178124999999999 0.030625000000000003 0.68984375 0.030625000000000003
1 0.8126562500000001 0.1533333328125 0.8126562500000001 0.23291666718749998 0.8910937499999999 0.23291666718749998 0.8910937499999999 0.1533333328125 0.8126562500000001 0.1533333328125
1 0.89453125 0.2102083328125 0.89453125 0.26937500000000003 0.9268750000000001 0.26937500000000003 0.9268750000000001 0.2102083328125 0.89453125 0.2102083328125
1 0.92421875 0.24125000000000002 0.92421875 0.2925 0.95078125 0.2925 0.95078125 0.24125000000000002 0.92421875 0.24125000000000002
1 0.9493750000000001 0.2708333328125 0.9493750000000001 0.3135416671875 0.96328125 0.3135416671875 0.96328125 0.2708333328125 0.9493750000000001 0.2708333328125
1 0.9609375 0.2883333328125 0.9609375 0.3233333328125 0.9854687500000001 0.3233333328125 0.9854687500000001 0.2883333328125 0.9609375 0.2883333328125
4 0.8768750000000001 0.6954166671875 0.8768750000000001 0.3891666671875 0.6846875 0.3891666671875 0.6846875 0.6954166671875 0.8768750000000001 0.6954166671875
3 0.524375 0.1120833328125 0.524375 0.289375 0.69625 0.289375 0.69625 0.1120833328125 0.524375 0.1120833328125
3 0.12125 0.005625 0.12125 0.22937500000000002 0.31765625000000003 0.22937500000000002 0.31765625000000003 0.005625 0.12125 0.005625
3 0.0046875 0.0029166671875000003 0.0046875 0.213125 0.11921875 0.213125 0.11921875 0.0029166671875000003 0.0046875 0.0029166671875000003
3 0.913125 0.3604166671875 0.913125 0.2647916671875 0.8640625 0.2647916671875 0.8640625 0.3604166671875 0.913125 0.3604166671875