1 0.48 0.196875 0.48 0.043125000000000004 0.13578125000000002 0.043125000000000004 0.13578125000000002 0.196875 0.48 0.196875
1 0.9140625 0.195625 0.9140625 0.048333332812500004 0.5278125 0.048333332812500004 0.5278125 0.195625 0.9140625 0.195625
1 0.13 0.24125000000000002 0.13 0.13187500000000002 0.0009375 0.13187500000000002 0.0009375 0.24125000000000002 0.13 0.24125000000000002
1 0.159375 0.8525 0.159375 0.7404166671875 0.0009375 0.7404166671875 0.0009375 0.8525 0.159375 0.8525
1 0.5025000000000001 0.9541666671875 0.5025000000000001 0.76 0.1603125 0.76 0.1603125 0.9541666671875 0.5025000000000001 0.9541666671875
1 0.8729687500000001 0.9568749999999999 0.8729687500000001 0.866875 0.5034375 0.866875 0.5034375 0.9568749999999999 0.8729687500000001 0.9568749999999999
1 0.5103125000000001 0.3729166671875 0.5103125000000001 0.3441666671875 0.4340625 0.3441666671875 0.4340625 0.3729166671875 0.5103125000000001 0.3729166671875
1 0.5053124999999999 0.41333333281250006 0.5053124999999999 0.39125 0.43203125 0.39125 0.43203125 0.41333333281250006 0.5053124999999999 0.41333333281250006
1 0.50828125 0.4733333328125 0.50828125 0.4497916671875 0.4359375 0.4497916671875 0.4359375 0.4733333328125 0.50828125 0.4733333328125
1 0.56703125 0.3716666671875 0.56703125 0.349375 0.51125 0.349375 0.51125 0.3716666671875 0.56703125 0.3716666671875
4 0.5076562499999999 0.5775 0.5076562499999999 0.453125 0.43171875000000004 0.453125 0.43171875000000004 0.5775 0.5076562499999999 0.5775
4 0.5231250000000001 0.5814583328125 0.5231250000000001 0.47125000000000006 0.50671875 0.47125000000000006 0.50671875 0.5814583328125 0.5231250000000001 0.5814583328125