1 0.3640625 0.8247916671875 0.3640625 0.67 0.020624999999999998 0.67 0.020624999999999998 0.8247916671875 0.3640625 0.8247916671875
1 0.36046875 0.9841666671875 0.36046875 0.829375 0.07390624999999999 0.829375 0.07390624999999999 0.9841666671875 0.36046875 0.9841666671875
1 0.6482812499999999 0.036875000000000005 0.6482812499999999 0.16312500000000002 0.7618750000000001 0.16312500000000002 0.7618750000000001 0.036875000000000005 0.6482812499999999 0.036875000000000005
1 0.536875 0.0320833328125 0.536875 0.0810416671875 0.6434375 0.0810416671875 0.6434375 0.0320833328125 0.536875 0.0320833328125
1 0.7690625 0.13 0.7690625 0.22312500000000002 0.83296875 0.22312500000000002 0.83296875 0.13 0.7690625 0.13
1 0.82578125 0.1820833328125 0.82578125 0.25166666718749997 0.87921875 0.25166666718749997 0.87921875 0.1820833328125 0.82578125 0.1820833328125
1 0.8754687499999999 0.2258333328125 0.8754687499999999 0.2770833328125 0.9076562499999999 0.2770833328125 0.9076562499999999 0.2258333328125 0.8754687499999999 0.2258333328125
1 0.9042187500000001 0.256875 0.9042187500000001 0.29625 0.92546875 0.29625 0.92546875 0.256875 0.9042187500000001 0.256875
1 0.9151562500000001 0.5822916671875 0.9151562500000001 0.535625 0.770625 0.535625 0.770625 0.5822916671875 0.9151562500000001 0.5822916671875
1 0.86453125 0.0295833328125 0.86453125 0.09125 0.89421875 0.09125 0.89421875 0.0295833328125 0.86453125 0.0295833328125
3 0.5118750000000001 0.488125 0.5118750000000001 0.4420833328125 0.436875 0.4420833328125 0.436875 0.488125 0.5118750000000001 0.488125
3 0.5118750000000001 0.538125 0.5118750000000001 0.488125 0.47437500000000005 0.488125 0.47437500000000005 0.538125 0.5118750000000001 0.538125
3 0.47625 0.5552083328124999 0.47625 0.48166666718749995 0.41125 0.48166666718749995 0.41125 0.5552083328124999 0.47625 0.5552083328124999
3 0.48328125 0.42625 0.48328125 0.36312500000000003 0.34203125 0.36312500000000003 0.34203125 0.42625 0.48328125 0.42625
3 0.37765624999999997 0.3170833328125 0.37765624999999997 0.3670833328125 0.48421875 0.3670833328125 0.48421875 0.3170833328125 0.37765624999999997 0.3170833328125
3 0.32437499999999997 0.4158333328125 0.32437499999999997 0.36583333281249997 0.2246875 0.36583333281249997 0.2246875 0.4158333328125 0.32437499999999997 0.4158333328125
3 0.37765624999999997 0.36833333281249997 0.37765624999999997 0.3302083328125 0.30359375 0.3302083328125 0.30359375 0.36833333281249997 0.37765624999999997 0.36833333281249997
3 0.47328125 0.3289583328125 0.47328125 0.3670833328125 0.54734375 0.3670833328125 0.54734375 0.3289583328125 0.47328125 0.3289583328125
3 0.54734375 0.43562500000000004 0.54734375 0.36583333281249997 0.47140624999999997 0.36583333281249997 0.47140624999999997 0.43562500000000004 0.54734375 0.43562500000000004
3 0.67015625 0.4158333328125 0.67015625 0.37312500000000004 0.5575 0.37312500000000004 0.5575 0.4158333328125 0.67015625 0.4158333328125
3 0.56828125 0.3445833328125 0.56828125 0.37854166718750004 0.6678124999999999 0.37854166718750004 0.6678124999999999 0.3445833328125 0.56828125 0.3445833328125
3 0.7071875000000001 0.416875 0.7071875000000001 0.3466666671875 0.66203125 0.3466666671875 0.66203125 0.416875 0.7071875000000001 0.416875
3 0.7525000000000001 0.40374999999999994 0.7525000000000001 0.3752083328125 0.70484375 0.3752083328125 0.70484375 0.40374999999999994 0.7525000000000001 0.40374999999999994
3 0.65453125 0.46958333281250003 0.65453125 0.434375 0.5962500000000001 0.434375 0.5962500000000001 0.46958333281250003 0.65453125 0.46958333281250003
3 0.63984375 0.51 0.63984375 0.4652083328125 0.5821875000000001 0.4652083328125 0.5821875000000001 0.51 0.63984375 0.51
3 0.7318749999999999 0.47729166718749994 0.7318749999999999 0.43104166718750003 0.6446875000000001 0.43104166718750003 0.6446875000000001 0.47729166718749994 0.7318749999999999 0.47729166718749994
3 0.7318749999999999 0.5122916671875 0.7318749999999999 0.47729166718749994 0.64140625 0.47729166718749994 0.64140625 0.5122916671875 0.7318749999999999 0.5122916671875