1 0.2128125 0.7516666671875 0.2128125 0.7395833328125 0.150625 0.7395833328125 0.150625 0.7516666671875 0.2128125 0.7516666671875
1 0.1134375 0.4047916671875 0.1134375 0.3775 0.02390625 0.3775 0.02390625 0.4047916671875 0.1134375 0.4047916671875
1 0.6967187499999999 0.7902083328125 0.6967187499999999 0.7325 0.5390625 0.7325 0.5390625 0.7902083328125 0.6967187499999999 0.7902083328125
1 0.69828125 0.8983333328124999 0.69828125 0.8256249999999999 0.54203125 0.8256249999999999 0.54203125 0.8983333328124999 0.69828125 0.8983333328124999
1 0.72103693125 0.7467897734375 0.72275 0.756875 0.7134517046875 0.7501515140625 0.7145937499999999 0.756875 0.7058664765625 0.7535132578125 0.7064375 0.756875 0.69828125 0.756875 0.69828125 0.80625 0.8614062499999999 0.80625 0.8614062499999999 0.756875 0.7716875 0.756875 0.77889136875 0.7375 0.8651562500000001 0.7375 0.8651562500000001 0.6829166671875 0.7665482953125 0.72661931875 0.7710491078125 0.7375 0.7632068453125 0.7375 0.75896306875 0.7299810609375 0.7553645828125 0.7375 0.751377840625 0.7333428015625 0.747522321875 0.7375 0.739680059375 0.7375 0.7362073859375 0.7400662875 0.70046875 0.6829166671875 0.70046875 0.7375 0.7318377968750001 0.7375 0.728622159375 0.74342803125 0.72103693125 0.7467897734375
1 0.85671875 0.88125 0.85671875 0.8225 0.70046875 0.8225 0.70046875 0.88125 0.85671875 0.88125
1 0.5475 0.9243750000000001 0.5475 0.9956250000000001 0.7 0.9956250000000001 0.7 0.9243750000000001 0.5475 0.9243750000000001
4 0.5446875 0.9981249999999999 0.5446875 0.6654166671875 0.27625 0.6654166671875 0.27625 0.9981249999999999 0.5446875 0.9981249999999999
1 0 0.7789583328125 0.1153125 0.7789583328125 0.1153125 0.74 0 0.74 0 0.7789583328125
1 0.11578124999999999 0.361875 0.11578124999999999 0.3320833328125 0.02953125 0.3320833328125 0.02953125 0.361875 0.11578124999999999 0.361875
2 0.57421875 0.605 0.57421875 0.9889583328124999 0.7246875 0.9889583328124999 0.7246875 0.605 0.57421875 0.605
2 0.87625 0.5864583328124999 0.87625 0.8516666671875001 0.9553125 0.8516666671875001 0.9553125 0.5864583328124999 0.87625 0.5864583328124999
2 0.21000000000000002 0.58125 0.21000000000000002 0.77 0.25046875 0.77 0.25046875 0.58125 0.21000000000000002 0.58125
4 0.99734375 0.73375 0.99734375 0.676875 0.93578125 0.676875 0.93578125 0.73375 0.99734375 0.73375
4 0.99734375 0.6695833328125 0.99734375 0.6216666671875 0.93578125 0.6216666671875 0.93578125 0.6695833328125 0.99734375 0.6695833328125
4 0.9962500000000001 0.6216666671875 0.9962500000000001 0.5575 0.9290625 0.5575 0.9290625 0.6216666671875 0.9962500000000001 0.6216666671875