1 0.6421875 0.044375 0.6421875 0.0027083328125 0.6001562500000001 0.0027083328125 0.6001562500000001 0.044375 0.6421875 0.044375
1 0.59828125 0.0810416671875 0.59828125 0.0314583328125 0.5689062500000001 0.0314583328125 0.5689062500000001 0.0810416671875 0.59828125 0.0810416671875
1 0.56796875 0.10958333281249999 0.56796875 0.0691666671875 0.54453125 0.0691666671875 0.54453125 0.10958333281249999 0.56796875 0.10958333281249999
1 0.5425 0.13708333281250001 0.5425 0.103125 0.5190625 0.103125 0.5190625 0.13708333281250001 0.5425 0.13708333281250001
1 0.08890624999999999 0.0770833328125 0.08890624999999999 0.021041667187499998 0.0390625 0.021041667187499998 0.0390625 0.0770833328125 0.08890624999999999 0.0770833328125
3 0.99734375 0.46708333281250003 0.99734375 0.3939583328125 0.92671875 0.3939583328125 0.92671875 0.46708333281250003 0.99734375 0.46708333281250003
3 0.9932812500000001 0.3958333328125 0.9932812500000001 0.3391666671875 0.8787499999999999 0.3391666671875 0.8787499999999999 0.3958333328125 0.9932812500000001 0.3958333328125
3 0.8671875 0.440625 0.8671875 0.393125 0.8246874999999999 0.393125 0.8246874999999999 0.440625 0.8671875 0.440625
3 0.8643750000000001 0.4314583328125 0.8643750000000001 0.37124999999999997 0.7423437500000001 0.37124999999999997 0.7423437500000001 0.4314583328125 0.8643750000000001 0.4314583328125
3 0.7251562500000001 0.41645833281250005 0.7251562500000001 0.3075 0.63515625 0.3075 0.63515625 0.41645833281250005 0.7251562500000001 0.41645833281250005
3 0.7631249999999999 0.250625 0.7631249999999999 0.20645833281249998 0.73 0.20645833281249998 0.73 0.250625 0.7631249999999999 0.250625
3 0.78203125 0.2520833328125 0.78203125 0.1875 0.740625 0.1875 0.740625 0.2520833328125 0.78203125 0.2520833328125
3 0.8365625 0.24104166718750003 0.8365625 0.1575 0.7796875 0.1575 0.7796875 0.24104166718750003 0.8365625 0.24104166718750003
3 0.91703125 0.220625 0.91703125 0.1179166671875 0.82 0.1179166671875 0.82 0.220625 0.91703125 0.220625
3 0.914375 0.0066666671875 0.914375 0.2004166671875 0.99828125 0.2004166671875 0.99828125 0.0066666671875 0.914375 0.0066666671875
3 0.10609375000000001 0.27770833281249996 0.10609375000000001 0.2345833328125 0.039531250000000004 0.2345833328125 0.039531250000000004 0.27770833281249996 0.10609375000000001 0.27770833281249996
3 0.104375 0.311875 0.104375 0.2754166671875 0.06343750000000001 0.2754166671875 0.06343750000000001 0.311875 0.104375 0.311875
3 0.75578125 0.2754166671875 0.75578125 0.13 0.6704687500000001 0.13 0.6704687500000001 0.2754166671875 0.75578125 0.2754166671875
3 0.11453125 0.3983333328125 0.11453125 0.3595833328125 0.04984375 0.3595833328125 0.04984375 0.3983333328125 0.11453125 0.3983333328125
3 0.6825 0.18937500000000002 0.6825 0.1641666671875 0.649375 0.1641666671875 0.649375 0.18937500000000002 0.6825 0.18937500000000002
3 0.6837500000000001 0.21937500000000001 0.6837500000000001 0.18937500000000002 0.65171875 0.18937500000000002 0.65171875 0.21937500000000001 0.6837500000000001 0.21937500000000001
3 0.6825 0.2383333328125 0.6825 0.21937500000000001 0.65171875 0.21937500000000001 0.65171875 0.2383333328125 0.6825 0.2383333328125
3 0.6825 0.27458333281249997 0.6825 0.2383333328125 0.6481250000000001 0.2383333328125 0.6481250000000001 0.27458333281249997 0.6825 0.27458333281249997
3 0.6328125 0.2935416671875 0.6328125 0.24937499999999999 0.60078125 0.24937499999999999 0.60078125 0.2935416671875 0.6328125 0.2935416671875