1 0.436875 0 0.436875 0.16312500000000002 0.70484375 0.16312500000000002 0.70484375 0 0.436875 0
1 0.17984375 0 0.17984375 0.165625 0.428125 0.165625 0.428125 0 0.17984375 0
1 0 0 0 0.20729166718749997 0.17203125 0.20729166718749997 0.17203125 0 0 0
1 1 0.10833333281249999 0.8240624999999999 0.10833333281249999 0.8240624999999999 0.2360416671875 1 0.2360416671875 1 0.10833333281249999
3 0.8878125000000001 0.4683333328125 0.8878125000000001 0.38166666718750003 0.7446875000000001 0.38166666718750003 0.7446875000000001 0.4683333328125 0.8878125000000001 0.4683333328125
3 0.8868750000000001 0.5447916671875 0.8868750000000001 0.4683333328125 0.74875 0.4683333328125 0.74875 0.5447916671875 0.8868750000000001 0.5447916671875
3 0.99640625 0.5447916671875 0.99640625 0.4658333328125 0.89578125 0.4658333328125 0.89578125 0.5447916671875 0.99640625 0.5447916671875
3 0.96484375 0.7658333328125 0.96484375 0.6433333328125 0.84046875 0.6433333328125 0.84046875 0.7658333328125 0.96484375 0.7658333328125
3 0.999375 0.7433333328125 0.999375 0.6341666671875 0.9303125 0.6341666671875 0.9303125 0.7433333328125 0.999375 0.7433333328125
3 0.849375 0.7829166671875 0.849375 0.6447916671875 0.72703125 0.6447916671875 0.72703125 0.7829166671875 0.849375 0.7829166671875
3 0.70625 0.8106249999999999 0.70625 0.6566666671875 0.56421875 0.6566666671875 0.56421875 0.8106249999999999 0.70625 0.8106249999999999
3 0.5809375 0.7289583328125 0.5809375 0.6027083328125 0.4575 0.6027083328125 0.4575 0.7289583328125 0.5809375 0.7289583328125
3 0.5690625 0.8079166671875001 0.5690625 0.7262500000000001 0.4575 0.7262500000000001 0.4575 0.8079166671875001 0.5690625 0.8079166671875001
3 0.44671874999999994 0.8012499999999999 0.44671874999999994 0.6552083328125 0.29171874999999997 0.6552083328125 0.29171874999999997 0.8012499999999999 0.44671874999999994 0.8012499999999999
3 0.32328125 0.7933333328125001 0.32328125 0.6487499999999999 0.1615625 0.6487499999999999 0.1615625 0.7933333328125001 0.32328125 0.7933333328125001
3 0.18625 0.760625 0.18625 0.660625 0.08546875000000001 0.660625 0.08546875000000001 0.760625 0.18625 0.760625
3 0.09343749999999999 0.7408333328125 0.09343749999999999 0.6433333328125 0.0026562499999999998 0.6433333328125 0.0026562499999999998 0.7408333328125 0.09343749999999999 0.7408333328125
3 0.09640625 0.5027083328125 0.09640625 0.425 0.000625 0.425 0.000625 0.5027083328125 0.09640625 0.5027083328125
3 0.33328125000000003 0.5237499999999999 0.33328125000000003 0.42770833281250004 0.11515625 0.42770833281250004 0.11515625 0.5237499999999999 0.33328125000000003 0.5237499999999999
3 0.5482812499999999 0.44729166718749996 0.5482812499999999 0.3566666671875 0.38953125 0.3566666671875 0.38953125 0.44729166718749996 0.5482812499999999 0.44729166718749996
3 0.5482812499999999 0.5316666671875 0.5482812499999999 0.44875 0.39437500000000003 0.44875 0.39437500000000003 0.5316666671875 0.5482812499999999 0.5316666671875
3 0.7229687499999999 0.536875 0.7229687499999999 0.32375 0.54640625 0.32375 0.54640625 0.536875 0.7229687499999999 0.536875