1 0.46203125 0.7358333328125 0.46203125 0.5810416671875 0.174375 0.5810416671875 0.174375 0.7358333328125 0.46203125 0.7358333328125
1 0.46203125 0.890625 0.46203125 0.7483333328125 0.21453125 0.7483333328125 0.21453125 0.890625 0.46203125 0.890625
1 0.21218750000000003 0.9347916671875 0.21218750000000003 0.8179166671875 0.00625 0.8179166671875 0.00625 0.9347916671875 0.21218750000000003 0.9347916671875
1 0.6587500000000001 0.663125 0.6587500000000001 0.5493750000000001 0.4609375 0.5493750000000001 0.4609375 0.663125 0.6587500000000001 0.663125
1 0.18734375 0.6727083328125001 0.18734375 0.5747916671875 0.005 0.5747916671875 0.005 0.6727083328125001 0.18734375 0.6727083328125001
1 0.645625 0.7941666671875 0.645625 0.6772916671875 0.45734375 0.6772916671875 0.45734375 0.7941666671875 0.645625 0.7941666671875
1 0.8825 0.6016666671875 0.8825 0.5337500000000001 0.82328125 0.5337500000000001 0.82328125 0.6016666671875 0.8825 0.6016666671875
1 0.8292187500000001 0.6347916671875 0.8292187500000001 0.5510416671875 0.6753125 0.5510416671875 0.6753125 0.6347916671875 0.8292187500000001 0.6347916671875
1 0.48046875 0.0504166671875 0.48046875 0.1922916671875 0.675 0.1922916671875 0.675 0.0504166671875 0.48046875 0.0504166671875
1 0.18171874999999998 0.0014583328125 0.18171874999999998 0.11041666718750001 0.46421875 0.11041666718750001 0.46421875 0.0014583328125 0.18171874999999998 0.0014583328125
1 0.0017187500000000002 0.0014583328125 0.0017187500000000002 0.0641666671875 0.15109375 0.0641666671875 0.15109375 0.0014583328125 0.0017187500000000002 0.0014583328125
1 0.8571875 0.1972916671875 0.8571875 0.1195833328125 0.7748437499999999 0.1195833328125 0.7748437499999999 0.1972916671875 0.8571875 0.1972916671875
1 0.8529687499999999 0.276875 0.8529687499999999 0.2029166671875 0.7748437499999999 0.2029166671875 0.7748437499999999 0.276875 0.8529687499999999 0.276875
1 0.89140625 0.30520833281250004 0.89140625 0.2445833328125 0.85859375 0.2445833328125 0.85859375 0.30520833281250004 0.89140625 0.30520833281250004
1 0.93234375 0.2983333328125 0.93234375 0.2497916671875 0.8878125000000001 0.2497916671875 0.8878125000000001 0.2983333328125 0.93234375 0.2983333328125
1 0.92734375 0.32999999999999996 0.92734375 0.2891666671875 0.8868750000000001 0.2891666671875 0.8868750000000001 0.32999999999999996 0.92734375 0.32999999999999996
1 0.94609375 0.3497916671875 0.94609375 0.30625 0.9243750000000001 0.30625 0.9243750000000001 0.3497916671875 0.94609375 0.3497916671875
1 0.9589062500000001 0.35375 0.9589062500000001 0.3233333328125 0.9440625 0.3233333328125 0.9440625 0.35375 0.9589062500000001 0.35375
1 0.8671875 0.4010416671875 0.8671875 0.3391666671875 0.68359375 0.3391666671875 0.68359375 0.4010416671875 0.8671875 0.4010416671875
1 0.9223437499999999 0.5577083328125 0.9223437499999999 0.5129166671875 0.87796875 0.5129166671875 0.87796875 0.5577083328125 0.9223437499999999 0.5577083328125
1 0.9623437499999999 0.45041666718749995 0.9623437499999999 0.42291666718750004 0.9376562500000001 0.42291666718750004 0.9376562500000001 0.45041666718749995 0.9623437499999999 0.45041666718749995
1 0.9568749999999999 0.5270833328125 0.9568749999999999 0.49874999999999997 0.9301562499999999 0.49874999999999997 0.9301562499999999 0.5270833328125 0.9568749999999999 0.5270833328125
1 0.9712500000000001 0.4722916671875 0.9712500000000001 0.45208333281249996 0.9540625 0.45208333281249996 0.9540625 0.4722916671875 0.9712500000000001 0.4722916671875
1 0.971875 0.514375 0.971875 0.4922916671875 0.9540625 0.4922916671875 0.9540625 0.514375 0.971875 0.514375
1 0.75546875 0.00041666718749999997 0.75546875 0.044375 0.8390625 0.044375 0.8390625 0.00041666718749999997 0.75546875 0.00041666718749999997
1 0.8760937500000001 0.0972916671875 0.8760937500000001 0.0233333328125 0.83359375 0.0233333328125 0.83359375 0.0972916671875 0.8760937500000001 0.0972916671875
1 0.9171875 0.0964583328125 0.9171875 0.0352083328125 0.878125 0.0352083328125 0.878125 0.0964583328125 0.9171875 0.0964583328125
1 0.9165625000000001 0.15479166718749998 0.9165625000000001 0.0835416671875 0.8775000000000001 0.0835416671875 0.8775000000000001 0.15479166718749998 0.9165625000000001 0.15479166718749998
1 0.9412499999999999 0.1877083328125 0.9412499999999999 0.1375 0.91859375 0.1375 0.91859375 0.1877083328125 0.9412499999999999 0.1877083328125
1 0.9542187500000001 0.210625 0.9542187500000001 0.1677083328125 0.940625 0.1677083328125 0.940625 0.210625 0.9542187500000001 0.210625
1 0.9707812499999999 0.23625 0.9707812499999999 0.1877083328125 0.9535937499999999 0.1877083328125 0.9535937499999999 0.23625 0.9707812499999999 0.23625
1 0.97625 0.36104166718749997 0.97625 0.330625 0.9578125 0.330625 0.9578125 0.36104166718749997 0.97625 0.36104166718749997
4 0.610625 0.003125 0.610625 0.253125 0.79421875 0.253125 0.79421875 0.003125 0.610625 0.003125
4 0.9451562499999999 0.5275000000000001 0.9451562499999999 0.3725 0.8721875000000001 0.3725 0.8721875000000001 0.5275000000000001 0.9451562499999999 0.5275000000000001
1 0.00609375 0.26187499999999997 0.00609375 0.3175 0.20015624999999998 0.3175 0.20015624999999998 0.26187499999999997 0.00609375 0.26187499999999997