3 0.35812499999999997 0.0114583328125 0.35812499999999997 0.1858333328125 0.6625 0.1858333328125 0.6625 0.0114583328125 0.35812499999999997 0.0114583328125
3 0.83203125 0.1858333328125 0.83203125 0.06770833281250001 0.68921875 0.06770833281250001 0.68921875 0.1858333328125 0.83203125 0.1858333328125
3 0.8667187500000001 0.001875 0.8667187500000001 0.1858333328125 0.99609375 0.1858333328125 0.99609375 0.001875 0.8667187500000001 0.001875
3 0.3765625 0.2104166671875 0.3765625 0.060625 0.161875 0.060625 0.161875 0.2104166671875 0.3765625 0.2104166671875
3 0.1534375 0.2235416671875 0.1534375 0.07958333281249999 0.00140625 0.07958333281249999 0.00140625 0.2235416671875 0.1534375 0.2235416671875
3 0.2571875 0.663125 0.2571875 0.526875 0.00140625 0.526875 0.00140625 0.663125 0.2571875 0.663125
3 0.3325 0.7068749999999999 0.3325 0.5779166671875 0.0753125 0.5779166671875 0.0753125 0.7068749999999999 0.3325 0.7068749999999999
3 0.44312500000000005 0.7122916671875 0.44312500000000005 0.6022916671874999 0.28703124999999996 0.6022916671874999 0.28703124999999996 0.7122916671875 0.44312500000000005 0.7122916671875
3 0.6678124999999999 0.64625 0.6678124999999999 0.526875 0.44765625 0.526875 0.44765625 0.64625 0.6678124999999999 0.64625
3 0.670625 0.7408333328125 0.670625 0.6404166671875 0.4446875 0.6404166671875 0.4446875 0.7408333328125 0.670625 0.7408333328125
3 0.66921875 0.4964583328125 0.66921875 0.40750000000000003 0.49453125 0.40750000000000003 0.49453125 0.4964583328125 0.66921875 0.4964583328125
3 0.66640625 0.5495833328125 0.66640625 0.5039583328125 0.504375 0.5039583328125 0.504375 0.5495833328125 0.66640625 0.5495833328125
3 0.99921875 0.7731250000000001 0.99921875 0.6122916671875 0.79375 0.6122916671875 0.79375 0.7731250000000001 0.99921875 0.7731250000000001