1 0.91375 0.2921296296875 0.91375 0.17101851875000001 0.7708854171875 0.17101851875000001 0.7708854171875 0.2921296296875 0.91375 0.2921296296875
1 0.79015625 0.22898148125 0.79015625 0.12370370312500001 0.71609375 0.12370370312500001 0.71609375 0.22898148125 0.79015625 0.22898148125
1 0.78125 0.32370370312499996 0.78125 0.2474074078125 0.7183333328125 0.2474074078125 0.7183333328125 0.32370370312499996 0.78125 0.32370370312499996
1 0.71984375 0.344722221875 0.71984375 0.276296296875 0.6709895828125 0.276296296875 0.6709895828125 0.344722221875 0.71984375 0.344722221875
1 0.6672916671875 0.3578703703125 0.6672916671875 0.3065740734375 0.63546875 0.3065740734375 0.63546875 0.3578703703125 0.6672916671875 0.3578703703125
1 0.6709895828125 0.2868518515625 0.6709895828125 0.223703703125 0.6346875 0.223703703125 0.6346875 0.2868518515625 0.6709895828125 0.2868518515625
1 0.7213020828125 0.2565740734375 0.7213020828125 0.1868518515625 0.6694791671875 0.1868518515625 0.6694791671875 0.2565740734375 0.7213020828125 0.2565740734375
1 0.71390625 0.1815740734375 0.71390625 0.08944444375 0.6680208328125 0.08944444375 0.6680208328125 0.1815740734375 0.71390625 0.1815740734375
1 0.7114583328124999 0.0274074078125 0.7114583328124999 0.1365740734375 0.8081250000000001 0.1365740734375 0.8081250000000001 0.0274074078125 0.7114583328124999 0.0274074078125
1 0.9938541671875001 0.5349074078125 0.9938541671875001 0.45574074062500003 0.9616145828124999 0.45574074062500003 0.9616145828124999 0.5349074078125 0.9938541671875001 0.5349074078125
1 0.8726041671875 0.581296296875 0.8726041671875 0.5158333328125 0.66078125 0.5158333328125 0.66078125 0.581296296875 0.8726041671875 0.581296296875
1 0.8710416671875001 0.6795370375 0.8710416671875001 0.6086111109375001 0.6684895828124999 0.6086111109375001 0.6684895828124999 0.6795370375 0.8710416671875001 0.6795370375
1 0.6661458328125 0.55305555625 0.6661458328125 0.5121296296875 0.6252604171875 0.5121296296875 0.6252604171875 0.55305555625 0.6661458328125 0.55305555625
1 0.6674479171875001 0.6440740734375 0.6674479171875001 0.5849074078125 0.6329166671875 0.5849074078125 0.6329166671875 0.6440740734375 0.6674479171875001 0.6440740734375
1 0.2313020828125 0.8646296296875 0.2313020828125 0.6736111109375 0.0010937499999999999 0.6736111109375 0.0010937499999999999 0.8646296296875 0.2313020828125 0.8646296296875
1 0.23005208281249998 0.9987037031250001 0.23005208281249998 0.7986111109375 0.0010937499999999999 0.7986111109375 0.0010937499999999999 0.9987037031250001 0.23005208281249998 0.9987037031250001
4 0.9990625 0.99805555625 0.9990625 0.5096296296875 0.9420833328124999 0.5096296296875 0.9420833328124999 0.99805555625 0.9990625 0.99805555625
3 0.4222916671875 0.3881481484375 0.4222916671875 0.344722221875 0.3875 0.344722221875 0.3875 0.3881481484375 0.4222916671875 0.3881481484375