1 0.24375 0.0033333328125 0.24375 0.108125 0.57734375 0.108125 0.57734375 0.0033333328125 0.24375 0.0033333328125
1 0.3615625 0.03875 0.3615625 0.1541666671875 0.6534375 0.1541666671875 0.6534375 0.03875 0.3615625 0.03875
1 0.48609375000000005 0.135625 0.48609375000000005 0.23562500000000003 0.7203125 0.23562500000000003 0.7203125 0.135625 0.48609375000000005 0.135625
1 0.626875 0.21729166718749998 0.626875 0.268125 0.7584375 0.268125 0.7584375 0.21729166718749998 0.626875 0.21729166718749998
1 0.6453125 0.24500000000000002 0.6453125 0.3095833328125 0.79296875 0.3095833328125 0.79296875 0.24500000000000002 0.6453125 0.24500000000000002
1 0.72328125 0.3014583328125 0.72328125 0.3533333328125 0.84296875 0.3533333328125 0.84296875 0.3014583328125 0.72328125 0.3014583328125
1 0.7784375 0.3410416671875 0.7784375 0.37625000000000003 0.8607812499999999 0.37625000000000003 0.8607812499999999 0.3410416671875 0.7784375 0.3410416671875
1 0.6248437499999999 0.005625 0.6248437499999999 0.079375 0.7934375 0.079375 0.7934375 0.005625 0.6248437499999999 0.005625
3 0.1378125 0.6460416671875 0.1378125 0.36833333281249997 0.0035937499999999997 0.36833333281249997 0.0035937499999999997 0.6460416671875 0.1378125 0.6460416671875
3 0.08453125 0.0675 0.08453125 0.3447916671875 0.2365625 0.3447916671875 0.2365625 0.0675 0.08453125 0.0675
3 0.003125 0.0239583328125 0.003125 0.11937500000000001 0.09 0.11937500000000001 0.09 0.0239583328125 0.003125 0.0239583328125
3 0.00484375 0.0920833328125 0.00484375 0.19 0.09343749999999999 0.19 0.09343749999999999 0.0920833328125 0.00484375 0.0920833328125
3 0.078125 0.24 0.078125 0.15125 0.003125 0.15125 0.003125 0.24 0.078125 0.24
3 0.003125 0.22625 0.003125 0.308125 0.08484375 0.308125 0.08484375 0.22625 0.003125 0.22625
3 0.34921875 0.383125 0.34921875 0.308125 0.228125 0.308125 0.228125 0.383125 0.34921875 0.383125
3 0.4328125 0.40812499999999996 0.4328125 0.3285416671875 0.34578125000000004 0.3285416671875 0.34578125000000004 0.40812499999999996 0.4328125 0.40812499999999996
3 0.49078125000000006 0.421875 0.49078125000000006 0.35583333281249996 0.42765624999999996 0.35583333281249996 0.42765624999999996 0.421875 0.49078125000000006 0.421875
3 0.55734375 0.43541666718750005 0.55734375 0.3514583328125 0.48218750000000005 0.3514583328125 0.48218750000000005 0.43541666718750005 0.55734375 0.43541666718750005
3 0.605 0.4491666671875 0.605 0.30354166718750003 0.43624999999999997 0.30354166718750003 0.43624999999999997 0.4491666671875 0.605 0.4491666671875
3 0.6442187500000001 0.4627083328125 0.6442187500000001 0.4014583328125 0.59984375 0.4014583328125 0.59984375 0.4627083328125 0.6442187500000001 0.4627083328125
3 0.6715625000000001 0.48333333281249996 0.6715625000000001 0.433125 0.6375 0.433125 0.6375 0.48333333281249996 0.6715625000000001 0.48333333281249996
3 0.73125 0.4922916671875 0.73125 0.43541666718750005 0.6646875 0.43541666718750005 0.6646875 0.4922916671875 0.73125 0.4922916671875
3 0.6375 0.6152083328125 0.6375 0.5627083328125 0.5504687500000001 0.5627083328125 0.5504687500000001 0.6152083328125 0.6375 0.6152083328125
3 0.59484375 0.6310416671875 0.59484375 0.57875 0.55390625 0.57875 0.55390625 0.6310416671875 0.59484375 0.6310416671875
3 0.560625 0.5810416671875 0.560625 0.5264583328125 0.47203125 0.5264583328125 0.47203125 0.5810416671875 0.560625 0.5810416671875
3 0.5146875 0.621875 0.5146875 0.571875 0.4328125 0.571875 0.4328125 0.621875 0.5146875 0.621875
3 0.43109374999999994 0.6310416671875 0.43109374999999994 0.5422916671875 0.31171875 0.5422916671875 0.31171875 0.6310416671875 0.43109374999999994 0.6310416671875
3 0.31 0.6379166671875 0.31 0.5377083328125 0.24859375 0.5377083328125 0.24859375 0.6379166671875 0.31 0.6379166671875
3 0.228125 0.6241666671874999 0.228125 0.5377083328125 0.12578125 0.5377083328125 0.12578125 0.6241666671874999 0.228125 0.6241666671874999
3 0.66234375 0.6304166671875 0.66234375 0.5927083328125 0.62453125 0.5927083328125 0.62453125 0.6304166671875 0.66234375 0.6304166671875
3 0.69203125 0.6320833328125001 0.69203125 0.5862499999999999 0.65890625 0.5862499999999999 0.65890625 0.6320833328125001 0.69203125 0.6320833328125001
3 0.71328125 0.6241666671874999 0.71328125 0.5752083328125 0.6540625 0.5752083328125 0.6540625 0.6241666671874999 0.71328125 0.6241666671874999
3 0.7346874999999999 0.619375 0.7346874999999999 0.5816666671874999 0.7073437499999999 0.5816666671874999 0.7073437499999999 0.619375 0.7346874999999999 0.619375
3 0.7571875 0.5816666671874999 0.7571875 0.546875 0.6860937500000001 0.546875 0.6860937500000001 0.5816666671874999 0.7571875 0.5816666671874999
3 0.7571875 0.619375 0.7571875 0.583125 0.739375 0.583125 0.739375 0.619375 0.7571875 0.619375
3 0.75953125 0.47104166718749996 0.75953125 0.42833333281249997 0.7121875 0.42833333281249997 0.7121875 0.47104166718749996 0.75953125 0.47104166718749996
3 0.7546875 0.51375 0.7546875 0.47104166718749996 0.7109375 0.47104166718749996 0.7109375 0.51375 0.7546875 0.51375
3 0.7771874999999999 0.5183333328125 0.7771874999999999 0.4158333328125 0.7440625 0.4158333328125 0.7440625 0.5183333328125 0.7771874999999999 0.5183333328125
3 0.80796875 0.4883333328125 0.80796875 0.44895833281249997 0.78078125 0.44895833281249997 0.78078125 0.4883333328125 0.80796875 0.4883333328125
3 0.806875 0.52 0.806875 0.4883333328125 0.7771874999999999 0.4883333328125 0.7771874999999999 0.52 0.806875 0.52
3 0.81875 0.516875 0.81875 0.49000000000000005 0.8045312499999999 0.49000000000000005 0.8045312499999999 0.516875 0.81875 0.516875
3 0.83765625 0.499375 0.83765625 0.46624999999999994 0.8021874999999999 0.46624999999999994 0.8021874999999999 0.499375 0.83765625 0.499375
3 0.83765625 0.52 0.83765625 0.5010416671875 0.81875 0.5010416671875 0.81875 0.52 0.83765625 0.52
3 0.79859375 0.6210416671875 0.79859375 0.5847916671875 0.77609375 0.5847916671875 0.77609375 0.6210416671875 0.79859375 0.6210416671875
3 0.7737499999999999 0.6147916671875 0.7737499999999999 0.576875 0.7535937500000001 0.576875 0.7535937500000001 0.6147916671875 0.7737499999999999 0.6147916671875
3 0.8459375 0.5579166671875 0.8459375 0.5310416671875 0.784375 0.5310416671875 0.784375 0.5579166671875 0.8459375 0.5579166671875
3 0.8446875 0.5862499999999999 0.8446875 0.5641666671875 0.7854687499999999 0.5641666671875 0.7854687499999999 0.5862499999999999 0.8446875 0.5862499999999999
3 0.8353125 0.61625 0.8353125 0.5927083328125 0.8009375000000001 0.5927083328125 0.8009375000000001 0.61625 0.8353125 0.61625
3 0.85546875 0.5483333328125 0.85546875 0.5058333328125 0.83171875 0.5058333328125 0.83171875 0.5483333328125 0.85546875 0.5483333328125
3 0.87671875 0.5404166671875 0.87671875 0.4947916671875 0.8589062500000001 0.4947916671875 0.8589062500000001 0.5404166671875 0.87671875 0.5404166671875
3 0.53015625 0.0016666671875 0.53015625 0.0641666671875 0.6153125 0.0641666671875 0.6153125 0.0016666671875 0.53015625 0.0016666671875
3 0.57984375 0.0035416671875 0.57984375 0.0395833328125 0.6196875000000001 0.0395833328125 0.6196875000000001 0.0035416671875 0.57984375 0.0035416671875
3 0.61390625 0.0016666671875 0.61390625 0.0529166671875 0.6537499999999999 0.0529166671875 0.6537499999999999 0.0016666671875 0.61390625 0.0016666671875
3 0.6565624999999999 0.0775 0.6565624999999999 0.007291667187500001 0.61390625 0.007291667187500001 0.61390625 0.0775 0.6565624999999999 0.0775
3 0.64796875 0.1116666671875 0.64796875 0.0566666671875 0.618125 0.0566666671875 0.618125 0.1116666671875 0.64796875 0.1116666671875
3 0.69921875 0.079375 0.69921875 0.0035416671875 0.63953125 0.0035416671875 0.63953125 0.079375 0.69921875 0.079375
3 0.69640625 0.11541666718750002 0.69640625 0.0585416671875 0.63953125 0.0585416671875 0.63953125 0.11541666718750002 0.69640625 0.11541666718750002
3 0.68921875 0.1533333328125 0.68921875 0.1058333328125 0.65234375 0.1058333328125 0.65234375 0.1533333328125 0.68921875 0.1533333328125
3 0.7190624999999999 0.1835416671875 0.7190624999999999 0.12875 0.68640625 0.12875 0.68640625 0.1835416671875 0.7190624999999999 0.1835416671875
3 0.6878124999999999 0.0927083328125 0.6878124999999999 0.1589583328125 0.72046875 0.1589583328125 0.72046875 0.0927083328125 0.6878124999999999 0.0927083328125
3 0.69203125 0.0585416671875 0.69203125 0.11916666718749999 0.72328125 0.11916666718749999 0.72328125 0.0585416671875 0.69203125 0.0585416671875
3 0.7575000000000001 0.17041666718749998 0.7575000000000001 0.1079166671875 0.7290625000000001 0.1079166671875 0.7290625000000001 0.17041666718749998 0.7575000000000001 0.17041666718749998
3 0.73890625 0.19125 0.73890625 0.12479166718750001 0.721875 0.12479166718750001 0.721875 0.19125 0.73890625 0.19125
3 0.7603125000000001 0.20625 0.7603125000000001 0.1589583328125 0.7375 0.1589583328125 0.7375 0.20625 0.7603125000000001 0.20625
3 0.75171875 0.2366666671875 0.75171875 0.196875 0.7318749999999999 0.196875 0.7318749999999999 0.2366666671875 0.75171875 0.2366666671875
3 0.70203125 0.16458333281249998 0.70203125 0.20625 0.7318749999999999 0.20625 0.7318749999999999 0.16458333281249998 0.70203125 0.16458333281249998