1 0.59140625 0.0691666671875 0.59140625 0.00020833281250000002 0.55421875 0.00020833281250000002 0.55421875 0.0691666671875 0.59140625 0.0691666671875
1 0.07328124999999999 0.1695833328125 0.07328124999999999 0.0875 0.00296875 0.0875 0.00296875 0.1695833328125 0.07328124999999999 0.1695833328125
1 0.1153125 0.20208333281250002 0.1153125 0.1422916671875 0.07140625 0.1422916671875 0.07140625 0.20208333281250002 0.1153125 0.20208333281250002
1 0.1525 0.21916666718750002 0.1525 0.1735416671875 0.11828125 0.1735416671875 0.11828125 0.21916666718750002 0.1525 0.21916666718750002
1 0.13187500000000002 0.485 0.13187500000000002 0.43937499999999996 0.09578125 0.43937499999999996 0.09578125 0.485 0.13187500000000002 0.485
1 0.15546875 0.469375 0.15546875 0.438125 0.1290625 0.438125 0.1290625 0.469375 0.15546875 0.469375
1 0.56078125 0.100625 0.56078125 0.05500000000000001 0.53734375 0.05500000000000001 0.53734375 0.100625 0.56078125 0.100625
1 0.5215625 0.1614583328125 0.5215625 0.1147916671875 0.49406249999999996 0.1147916671875 0.49406249999999996 0.1614583328125 0.5215625 0.1614583328125
1 0.50171875 0.2216666671875 0.50171875 0.1977083328125 0.4884375 0.1977083328125 0.4884375 0.2216666671875 0.50171875 0.2216666671875
4 0.85671875 0.001875 0.85671875 0.703125 0.9981249999999999 0.703125 0.9981249999999999 0.001875 0.85671875 0.001875
4 0.9009375000000001 0.6608333328125 0.9009375000000001 0.055833332812500004 0.7067187500000001 0.055833332812500004 0.7067187500000001 0.6608333328125 0.9009375000000001 0.6608333328125
4 0.71921875 0.5672916671875 0.71921875 0.12875 0.6384375 0.12875 0.6384375 0.5672916671875 0.71921875 0.5672916671875
4 0.64234375 0.5364583328125 0.64234375 0.1891666671875 0.5990624999999999 0.1891666671875 0.5990624999999999 0.5364583328125 0.64234375 0.5364583328125
4 0.6009375 0.500625 0.6009375 0.22625 0.5596875 0.22625 0.5596875 0.500625 0.6009375 0.500625
4 0.564375 0.4672916671875 0.564375 0.24937499999999999 0.5326562499999999 0.24937499999999999 0.5326562499999999 0.4672916671875 0.564375 0.4672916671875
4 0.18171874999999998 0.453125 0.18171874999999998 0.2697916671875 0.14140625 0.2697916671875 0.14140625 0.453125 0.18171874999999998 0.453125
4 0.08265625 0.5237499999999999 0.08265625 0.198125 0.001875 0.198125 0.001875 0.5237499999999999 0.08265625 0.5237499999999999
4 0.16734374999999999 0.0302083328125 0.16734374999999999 0.2160416671875 0.21734375 0.2160416671875 0.21734375 0.0302083328125 0.16734374999999999 0.0302083328125
3 0.66625 0.13729166718750002 0.66625 0.0033333328125 0.61671875 0.0033333328125 0.61671875 0.13729166718750002 0.66625 0.13729166718750002
3 0.6235937500000001 0.16229166718750002 0.6235937500000001 0.0395833328125 0.5979687499999999 0.0395833328125 0.5979687499999999 0.16229166718750002 0.6235937500000001 0.16229166718750002
3 0.603125 0.18062499999999998 0.603125 0.0760416671875 0.57921875 0.0760416671875 0.57921875 0.18062499999999998 0.603125 0.18062499999999998
3 0.5623437499999999 0.200625 0.5623437499999999 0.1295833328125 0.535625 0.1295833328125 0.535625 0.200625 0.5623437499999999 0.200625
3 0.58796875 0.1820833328125 0.58796875 0.1085416671875 0.56328125 0.1085416671875 0.56328125 0.1820833328125 0.58796875 0.1820833328125
3 0.53859375 0.33479166718750003 0.53859375 0.2741666671875 0.51890625 0.2741666671875 0.51890625 0.33479166718750003 0.53859375 0.33479166718750003
3 0.5228125 0.23479166718750002 0.5228125 0.1795833328125 0.505 0.1795833328125 0.505 0.23479166718750002 0.5228125 0.23479166718750002