1 0.6509375000000001 0.47104166718749996 0.6509375000000001 0.3829166671875 0.49703125000000004 0.3829166671875 0.49703125000000004 0.47104166718749996 0.6509375000000001 0.47104166718749996
1 0.63515625 0.6816666671875 0.63515625 0.5972916671874999 0.49109375 0.5972916671874999 0.49109375 0.6816666671875 0.63515625 0.6816666671875
1 0.750625 0.6683333328125001 0.750625 0.6079166671875 0.6520312500000001 0.6079166671875 0.6520312500000001 0.6683333328125001 0.750625 0.6683333328125001
1 0.74875 0.5591666671875 0.74875 0.5027083328125 0.6520312500000001 0.5027083328125 0.6520312500000001 0.5591666671875 0.74875 0.5591666671875
1 0.80890625 0.5777083328125 0.80890625 0.5170833328125 0.7457812500000001 0.5170833328125 0.7457812500000001 0.5777083328125 0.80890625 0.5777083328125
1 0.81375 0.47625 0.81375 0.41312499999999996 0.661875 0.41312499999999996 0.661875 0.47625 0.81375 0.47625
1 0.8592187499999999 0.5697916671875001 0.8592187499999999 0.525 0.80890625 0.525 0.80890625 0.5697916671875001 0.8592187499999999 0.5697916671875001
1 0.806875 0.6591666671875 0.806875 0.6027083328125 0.75171875 0.6027083328125 0.75171875 0.6591666671875 0.806875 0.6591666671875
1 0.85625 0.6539583328125 0.85625 0.6079166671875 0.805 0.6079166671875 0.805 0.6539583328125 0.85625 0.6539583328125
1 0.90359375 0.65 0.90359375 0.5972916671874999 0.84828125 0.5972916671874999 0.84828125 0.65 0.90359375 0.65
1 0.93328125 0.6447916671875 0.93328125 0.59875 0.90171875 0.59875 0.90171875 0.6447916671875 0.93328125 0.6447916671875
1 0.9707812499999999 0.6472916671875 0.9707812499999999 0.59875 0.93125 0.59875 0.93125 0.6472916671875 0.9707812499999999 0.6472916671875
1 0.91046875 0.5393749999999999 0.91046875 0.48687500000000006 0.86015625 0.48687500000000006 0.86015625 0.5393749999999999 0.91046875 0.5393749999999999
1 0.97171875 0.55 0.97171875 0.5131249999999999 0.9115624999999999 0.5131249999999999 0.9115624999999999 0.55 0.97171875 0.55
1 0.28875 0.7316666671875 0.28875 0.614375 0.000625 0.614375 0.000625 0.7316666671875 0.28875 0.7316666671875
1 0.27140624999999996 0.0029166671875000003 0.27140624999999996 0.1052083328125 0.5428124999999999 0.1052083328125 0.5428124999999999 0.0029166671875000003 0.27140624999999996 0.0029166671875000003
1 0.66921875 0.2379166671875 0.66921875 0.048333332812500004 0.265625 0.048333332812500004 0.265625 0.2379166671875 0.66921875 0.2379166671875
1 0.7090625 0.004791667187499999 0.7090625 0.07875 0.8853125000000001 0.07875 0.8853125000000001 0.004791667187499999 0.7090625 0.004791667187499999
1 0.66359375 0.0427083328125 0.66359375 0.1602083328125 0.7815624999999999 0.1602083328125 0.7815624999999999 0.0427083328125 0.66359375 0.0427083328125
1 0.66921875 0.16583333281249998 0.66921875 0.27208333281249997 0.774375 0.27208333281249997 0.774375 0.16583333281249998 0.66921875 0.16583333281249998
1 0.87953125 0.26437499999999997 0.87953125 0.1866666671875 0.80140625 0.1866666671875 0.80140625 0.26437499999999997 0.87953125 0.26437499999999997
1 0.8724999999999999 0.3477083328125 0.8724999999999999 0.27208333281249997 0.81703125 0.27208333281249997 0.81703125 0.3477083328125 0.8724999999999999 0.3477083328125
1 0.82125 0.319375 0.82125 0.2133333328125 0.7659374999999999 0.2133333328125 0.7659374999999999 0.319375 0.82125 0.319375
1 0.9307812500000001 0.38 0.9307812500000001 0.315625 0.87671875 0.315625 0.87671875 0.38 0.9307812500000001 0.38
1 0.8196875 0.07125000000000001 0.8196875 0.15958333281249998 0.9321875000000001 0.15958333281249998 0.9321875000000001 0.07125000000000001 0.8196875 0.07125000000000001
1 0.8634375000000001 0.0064583328125 0.8634375000000001 0.0727083328125 0.9321875000000001 0.0727083328125 0.9321875000000001 0.0064583328125 0.8634375000000001 0.0064583328125
1 0.9487500000000001 0.2085416671875 0.9487500000000001 0.13125 0.9239062499999999 0.13125 0.9239062499999999 0.2085416671875 0.9487500000000001 0.2085416671875
1 0.97953125 0.2258333328125 0.97953125 0.15958333281249998 0.9464062500000001 0.15958333281249998 0.9464062500000001 0.2258333328125 0.97953125 0.2258333328125
1 0.93453125 0.2716666671875 0.93453125 0.33166666718750004 0.97953125 0.33166666718750004 0.97953125 0.2716666671875 0.93453125 0.2716666671875
1 0.94046875 0.3679166671875 0.94046875 0.40750000000000003 0.98078125 0.40750000000000003 0.98078125 0.3679166671875 0.94046875 0.3679166671875
4 0.95 0.3904166671875 0.95 0.17375000000000002 0.8673437500000001 0.17375000000000002 0.8673437500000001 0.3904166671875 0.95 0.3904166671875
4 0.02015625 0.146875 0.02015625 0.7045833328125 0.514375 0.7045833328125 0.514375 0.146875 0.02015625 0.146875
4 0.9981249999999999 0.22374999999999998 0.9981249999999999 0.1314583328125 0.9673437500000001 0.1314583328125 0.9673437500000001 0.22374999999999998 0.9981249999999999 0.22374999999999998