1 0.24734375000000003 0.1004166671875 0.24734375000000003 0.0522916671875 0.13578125000000002 0.0522916671875 0.13578125000000002 0.1004166671875 0.24734375000000003 0.1004166671875
1 0.13484374999999998 0.10958333281249999 0.13484374999999998 0.0770833328125 0.0859375 0.0770833328125 0.0859375 0.10958333281249999 0.13484374999999998 0.10958333281249999
1 0.13390625 0.1695833328125 0.13390625 0.13708333281250001 0.08203125 0.13708333281250001 0.08203125 0.1695833328125 0.13390625 0.1695833328125
1 0.22875 0.1552083328125 0.22875 0.12 0.13390625 0.12 0.13390625 0.1552083328125 0.22875 0.1552083328125
1 0.3303125 0.1408333328125 0.3303125 0.08875 0.22671875 0.08875 0.22671875 0.1408333328125 0.3303125 0.1408333328125
1 0.32640625 0.20729166718749997 0.32640625 0.1616666671875 0.2296875 0.1616666671875 0.2296875 0.20729166718749997 0.32640625 0.20729166718749997
1 0.2228125 0.22833333281249998 0.2228125 0.1864583328125 0.136875 0.1864583328125 0.136875 0.22833333281249998 0.2228125 0.22833333281249998
1 0.13296875 0.2477083328125 0.13296875 0.20729166718749997 0.0703125 0.20729166718749997 0.0703125 0.2477083328125 0.13296875 0.2477083328125
1 0.62265625 0 0.62265625 0.0522916671875 0.8084374999999999 0.0522916671875 0.8084374999999999 0 0.62265625 0
1 0.8015625 0.1460416671875 0.8015625 0.0758333328125 0.6157812500000001 0.0758333328125 0.6157812500000001 0.1460416671875 0.8015625 0.1460416671875
1 0.6118750000000001 0.164375 0.6118750000000001 0.1108333328125 0.526875 0.1108333328125 0.526875 0.164375 0.6118750000000001 0.164375
1 0.7615624999999999 0.715625 0.7615624999999999 0.6491666671874999 0.589375 0.6491666671874999 0.589375 0.715625 0.7615624999999999 0.715625
1 0.28046875 0.6635416671875001 0.28046875 0.5983333328125 0.06937499999999999 0.5983333328125 0.06937499999999999 0.6635416671875001 0.28046875 0.6635416671875001
1 0.43843750000000004 0.10645833281249999 0.43843750000000004 0.058750000000000004 0.34984375 0.058750000000000004 0.34984375 0.10645833281249999 0.43843750000000004 0.10645833281249999
2 0.29031250000000003 0.046875 0.29031250000000003 0.7212500000000001 0.573125 0.7212500000000001 0.573125 0.046875 0.29031250000000003 0.046875
4 0.10578125000000001 0.9954166671875001 0.10578125000000001 0.001875 0.00390625 0.001875 0.00390625 0.9954166671875001 0.10578125000000001 0.9954166671875001
3 0.319375 0.339375 0.319375 0.30520833281250004 0.24343750000000003 0.30520833281250004 0.24343750000000003 0.339375 0.319375 0.339375
3 0.32046874999999997 0.36583333281249997 0.32046874999999997 0.339375 0.2425 0.339375 0.2425 0.36583333281249997 0.32046874999999997 0.36583333281249997
3 0.32046874999999997 0.39729166718750003 0.32046874999999997 0.36583333281249997 0.2425 0.36583333281249997 0.2425 0.39729166718750003 0.32046874999999997 0.39729166718750003
3 0.32046874999999997 0.425 0.32046874999999997 0.39729166718750003 0.24546874999999999 0.39729166718750003 0.24546874999999999 0.425 0.32046874999999997 0.425
1 0.40140624999999996 0.1902083328125 0.40140624999999996 0.15125 0.34765625 0.15125 0.34765625 0.1902083328125 0.40140624999999996 0.1902083328125
3 0.62546875 0.43062500000000004 0.62546875 0.393125 0.5884375000000001 0.393125 0.5884375000000001 0.43062500000000004 0.62546875 0.43062500000000004
3 0.5873437499999999 0.43208333281250005 0.5873437499999999 0.40062499999999995 0.5504687500000001 0.40062499999999995 0.5504687500000001 0.43208333281250005 0.5873437499999999 0.43208333281250005