1 0.5503125 0.4341666671875 0.5503125 0.4002083328125 0.46140625 0.4002083328125 0.46140625 0.4341666671875 0.5503125 0.4341666671875
1 0.459375 0.43937499999999996 0.459375 0.40812499999999996 0.3675 0.40812499999999996 0.3675 0.43937499999999996 0.459375 0.43937499999999996
1 0.459375 0.32458333281249996 0.459375 0.2908333328125 0.36843750000000003 0.2908333328125 0.36843750000000003 0.32458333281249996 0.459375 0.32458333281249996
1 0 0.589375 0.11734375 0.589375 0.11734375 0.4810416671875 0 0.4810416671875 0 0.589375
2 0.017343749999999998 0.000625 0.017343749999999998 0.5045833328125 0.226875 0.5045833328125 0.226875 0.000625 0.017343749999999998 0.000625
4 0.67015625 0.46604166718749995 0.67015625 0.246875 0.5990624999999999 0.246875 0.5990624999999999 0.46604166718749995 0.67015625 0.46604166718749995
3 0.8770312499999999 0.4658333328125 0.8770312499999999 0.38687499999999997 0.73875 0.38687499999999997 0.73875 0.4658333328125 0.8770312499999999 0.4658333328125
3 0.80390625 0.3920833328125 0.80390625 0.3183333328125 0.7053125 0.3183333328125 0.7053125 0.3920833328125 0.80390625 0.3920833328125
3 0.7732812499999999 0.45520833281249995 0.7732812499999999 0.388125 0.70625 0.388125 0.70625 0.45520833281249995 0.7732812499999999 0.45520833281249995
3 0.72203125 0.43166666718749996 0.72203125 0.37374999999999997 0.66578125 0.37374999999999997 0.66578125 0.43166666718749996 0.72203125 0.43166666718749996
3 0.6678124999999999 0.43562500000000004 0.6678124999999999 0.38166666718750003 0.63328125 0.38166666718750003 0.63328125 0.43562500000000004 0.6678124999999999 0.43562500000000004
3 0.74171875 0.27229166718750003 0.74171875 0.2052083328125 0.655 0.2052083328125 0.655 0.27229166718750003 0.74171875 0.27229166718750003
3 0.8276562500000001 0.2341666671875 0.8276562500000001 0.0652083328125 0.729375 0.0652083328125 0.729375 0.2341666671875 0.8276562500000001 0.2341666671875
3 0.8276562500000001 0.216875 0.8276562500000001 0.11416666718749999 0.77078125 0.11416666718749999 0.77078125 0.216875 0.8276562500000001 0.216875
3 0.9018750000000001 0.12208333281249999 0.9018750000000001 0.0129166671875 0.8201562499999999 0.0129166671875 0.8201562499999999 0.12208333281249999 0.9018750000000001 0.12208333281249999
3 0.90390625 0.23395833281249998 0.90390625 0.1004166671875 0.79140625 0.1004166671875 0.79140625 0.23395833281249998 0.90390625 0.23395833281249998
3 0.9981249999999999 0.15479166718749998 0.9981249999999999 0.0402083328125 0.9018750000000001 0.0402083328125 0.9018750000000001 0.15479166718749998 0.9981249999999999 0.15479166718749998
3 0.89578125 0.0020833328125000002 0.89578125 0.0785416671875 0.99609375 0.0785416671875 0.99609375 0.0020833328125000002 0.89578125 0.0020833328125000002