1 0.16765625 0.985625 0.16765625 0.7652083328125 0.01125 0.7652083328125 0.01125 0.985625 0.16765625 0.985625
1 0 0.5370833328125 0.13921875 0.5370833328125 0.13921875 0.40812499999999996 0 0.40812499999999996 0 0.5370833328125
1 0.24484374999999997 0.7822916671875 0.24484374999999997 0.654375 0.15203125 0.654375 0.15203125 0.7822916671875 0.24484374999999997 0.7822916671875
1 0.325 0.6727083328125001 0.325 0.575 0.2478125 0.575 0.2478125 0.6727083328125001 0.325 0.6727083328125001
1 1 0.153125 0.95609375 0.153125 0.95609375 0.19979166718750002 1 0.19979166718750002 1 0.153125
1 1 0.017291667187500002 0.8574999999999999 0.017291667187500002 0.8574999999999999 0.0954166671875 1 0.0954166671875 1 0.017291667187500002
1 0.8099999999999999 0.0983333328125 0.8099999999999999 0.065625 0.74296875 0.065625 0.74296875 0.0983333328125 0.8099999999999999 0.0983333328125
1 0.82125 0.26749999999999996 0.82125 0.23291666718749998 0.72890625 0.23291666718749998 0.72890625 0.26749999999999996 0.82125 0.26749999999999996
1 0.87171875 0.274375 0.87171875 0.2429166671875 0.8198437500000001 0.2429166671875 0.8198437500000001 0.274375 0.87171875 0.274375
1 0.815625 0.395625 0.815625 0.37 0.75203125 0.37 0.75203125 0.395625 0.815625 0.395625
1 0.72609375 0.49874999999999997 0.72609375 0.46666666718750005 0.6214062499999999 0.46666666718750005 0.6214062499999999 0.49874999999999997 0.72609375 0.49874999999999997
1 0.5534375 0.25625 0.5534375 0.2464583328125 0.5193749999999999 0.2464583328125 0.5193749999999999 0.25625 0.5534375 0.25625
1 0.588125 0.25833333281250004 0.588125 0.2470833328125 0.5545312499999999 0.2470833328125 0.5545312499999999 0.25833333281250004 0.588125 0.25833333281250004
1 0.5525 0.271875 0.5525 0.2622916671875 0.5220312500000001 0.2622916671875 0.5220312500000001 0.271875 0.5525 0.271875
1 0.5875 0.2735416671875 0.5875 0.2635416671875 0.5540625 0.2635416671875 0.5540625 0.2735416671875 0.5875 0.2735416671875
1 0.58484375 0.3085416671875 0.58484375 0.29854166718749997 0.54953125 0.29854166718749997 0.54953125 0.3085416671875 0.58484375 0.3085416671875
1 0.614375 0.309375 0.614375 0.3014583328125 0.5845312500000001 0.3014583328125 0.5845312500000001 0.309375 0.614375 0.309375
1 0.61234375 0.32687499999999997 0.61234375 0.3177083328125 0.58265625 0.3177083328125 0.58265625 0.32687499999999997 0.61234375 0.32687499999999997
1 0.58328125 0.3241666671875 0.58328125 0.3154166671875 0.55125 0.3154166671875 0.55125 0.3241666671875 0.58328125 0.3241666671875
1 0.55015625 0.3233333328125 0.55015625 0.3116666671875 0.52078125 0.3116666671875 0.52078125 0.3233333328125 0.55015625 0.3233333328125
1 0.5504687500000001 0.33999999999999997 0.5504687500000001 0.3308333328125 0.52015625 0.3308333328125 0.52015625 0.33999999999999997 0.5504687500000001 0.33999999999999997
1 0.58 0.3408333328125 0.58 0.3304166671875 0.5525 0.3304166671875 0.5525 0.3408333328125 0.58 0.3408333328125
1 0.551875 0.3866666671875 0.551875 0.3747916671875 0.5196875000000001 0.3747916671875 0.5196875000000001 0.3866666671875 0.551875 0.3866666671875
1 0.58296875 0.3875 0.58296875 0.37625000000000003 0.54984375 0.37625000000000003 0.54984375 0.3875 0.58296875 0.3875
1 0.5823437499999999 0.4033333328125 0.5823437499999999 0.393125 0.5515625 0.393125 0.5515625 0.4033333328125 0.5823437499999999 0.4033333328125
1 0.5504687500000001 0.4033333328125 0.5504687500000001 0.39416666718750004 0.51875 0.39416666718750004 0.51875 0.4033333328125 0.5504687500000001 0.4033333328125
1 0.64109375 0.3722916671875 0.64109375 0.3858333328125 0.6993750000000001 0.3858333328125 0.6993750000000001 0.3722916671875 0.64109375 0.3722916671875
2 0.99609375 0.97625 0.99609375 0.24041666718750002 0.86640625 0.24041666718750002 0.86640625 0.97625 0.99609375 0.97625
2 0.43937499999999996 0.5954166671875 0.43937499999999996 0.30583333281249997 0.3365625 0.30583333281249997 0.3365625 0.5954166671875 0.43937499999999996 0.5954166671875
2 0.45765625 0.2797916671875 0.45765625 0.4545833328125 0.51796875 0.4545833328125 0.51796875 0.2797916671875 0.45765625 0.2797916671875
4 0.9528125 0.6454166671875 0.9528125 0.36604166718750003 0.6990624999999999 0.36604166718750003 0.6990624999999999 0.6454166671875 0.9528125 0.6454166671875
1 0.645625 0.35291666718750003 0.645625 0.3722916671875 0.6993750000000001 0.3722916671875 0.6993750000000001 0.35291666718750003 0.645625 0.35291666718750003
1 0.645625 0.34541666718749997 0.645625 0.35291666718750003 0.6993750000000001 0.35291666718750003 0.6993750000000001 0.34541666718749997 0.645625 0.34541666718749997
1 0.63671875 0.3275 0.63671875 0.34541666718749997 0.6993750000000001 0.34541666718749997 0.6993750000000001 0.3275 0.63671875 0.3275
1 0.63671875 0.3125 0.63671875 0.3275 0.6993750000000001 0.3275 0.6993750000000001 0.3125 0.63671875 0.3125