1 0.7834895828125 0.34342592656250004 0.7834895828125 0.25259259218749996 0.7309375 0.25259259218749996 0.7309375 0.34342592656250004 0.7834895828125 0.34342592656250004
1 0.7286979171875 0.36583333281249997 0.7286979171875 0.29601851875 0.7042708328125 0.29601851875 0.7042708328125 0.36583333281249997 0.7286979171875 0.36583333281249997
1 0.705 0.375 0.705 0.3275925921875 0.6813541671875 0.3275925921875 0.6813541671875 0.375 0.705 0.375
1 0.6842708328125 0.3868518515625 0.6842708328125 0.3421296296875 0.6709895828125 0.3421296296875 0.6709895828125 0.3868518515625 0.6842708328125 0.3868518515625
1 0.6717187499999999 0.394722221875 0.6717187499999999 0.3525925921875 0.6598437500000001 0.3525925921875 0.6598437500000001 0.394722221875 0.6717187499999999 0.394722221875
1 0.6613541671875 0.3974074078125 0.6613541671875 0.36444444374999996 0.6480208328125 0.36444444374999996 0.6480208328125 0.3974074078125 0.6613541671875 0.3974074078125
1 0.6487499999999999 0.40259259218750004 0.6487499999999999 0.37898148125 0.6369270828125 0.37898148125 0.6369270828125 0.40259259218750004 0.6487499999999999 0.40259259218750004
1 0.8375 0.805277778125 0.8375 0.6591666671875 0.7116666671874999 0.6591666671875 0.7116666671874999 0.805277778125 0.8375 0.805277778125
1 0.705 0.6315740734374999 0.705 0.575 0.66359375 0.575 0.66359375 0.6315740734374999 0.705 0.6315740734374999
1 0.66875 0.6039814812500001 0.66875 0.5631481484374999 0.65171875 0.5631481484374999 0.65171875 0.6039814812500001 0.66875 0.6039814812500001
1 0.6546875 0.56055555625 0.6546875 0.5315740734375 0.6332291671875 0.5315740734375 0.6332291671875 0.56055555625 0.6546875 0.56055555625
1 0.40895833281250005 0.6315740734374999 0.40895833281250005 0.5762962968750001 0.38234375 0.5762962968750001 0.38234375 0.6315740734374999 0.40895833281250005 0.6315740734374999
1 0.4030208328125 0.569722221875 0.4030208328125 0.5275925921875 0.3808333328125 0.5275925921875 0.3808333328125 0.569722221875 0.4030208328125 0.569722221875
1 0.3778645828125 0.55 0.3778645828125 0.5025925921875001 0.3016666671875 0.5025925921875001 0.3016666671875 0.55 0.3778645828125 0.55
1 0.31124999999999997 0.8171296296874999 0.31124999999999997 0.7171296296875 0.2565104171875 0.7171296296875 0.2565104171875 0.8171296296874999 0.31124999999999997 0.8171296296874999
1 0.37640625 0.7078703703125 0.37640625 0.6434259265625 0.3497395828125 0.6434259265625 0.3497395828125 0.7078703703125 0.37640625 0.7078703703125
1 0.25427083281249996 0.85 0.25427083281249996 0.7025925921875 0.16546875 0.7025925921875 0.16546875 0.85 0.25427083281249996 0.85
1 0.3171875 0.3881481484375 0.3171875 0.32370370312499996 0.25203125000000004 0.32370370312499996 0.25203125000000004 0.3881481484375 0.3171875 0.3881481484375
1 0.1580729171875 0.2868518515625 0.1580729171875 0.37101851875 0.2513020828125 0.37101851875 0.2513020828125 0.2868518515625 0.1580729171875 0.2868518515625
1 0.35343749999999996 0.40259259218750004 0.35343749999999996 0.35 0.3164583328125 0.35 0.3164583328125 0.40259259218750004 0.35343749999999996 0.40259259218750004
1 0.3830729171875 0.401296296875 0.3830729171875 0.36055555625 0.35270833281249997 0.36055555625 0.35270833281249997 0.401296296875 0.3830729171875 0.401296296875
1 0.4030208328125 0.41055555625 0.4030208328125 0.376296296875 0.38234375 0.376296296875 0.38234375 0.41055555625 0.4030208328125 0.41055555625
1 0.3556770828125 0.31444444374999997 0.3556770828125 0.25916666718750003 0.3194270828125 0.25916666718750003 0.3194270828125 0.31444444374999997 0.3556770828125 0.31444444374999997
1 0.3171875 0.2921296296875 0.3171875 0.2184259265625 0.2491145828125 0.2184259265625 0.2491145828125 0.2921296296875 0.3171875 0.2921296296875
1 0.25015624999999997 0.00601851875 0.25015624999999997 0.0770370375 0.3084895828125 0.0770370375 0.3084895828125 0.00601851875 0.25015624999999997 0.00601851875
1 0.3084895828125 0.046944443749999995 0.3084895828125 0.139722221875 0.3483854171875 0.139722221875 0.3483854171875 0.046944443749999995 0.3084895828125 0.046944443749999995
1 0.37140625 0.17250000000000001 0.37140625 0.0961111109375 0.3438020828125 0.0961111109375 0.3438020828125 0.17250000000000001 0.37140625 0.17250000000000001
1 0.4024479171875 0.21398148125 0.4024479171875 0.1315740734375 0.37296874999999996 0.1315740734375 0.37296874999999996 0.21398148125 0.4024479171875 0.21398148125
1 0.42093749999999996 0.2359259265625 0.42093749999999996 0.1843518515625 0.4024479171875 0.1843518515625 0.4024479171875 0.2359259265625 0.42093749999999996 0.2359259265625
1 0.43265624999999996 0.2501851859375 0.43265624999999996 0.21944444375 0.4190625 0.21944444375 0.4190625 0.2501851859375 0.43265624999999996 0.2501851859375
1 0.45854166718749995 0.1854629625 0.45854166718749995 0.1306481484375 0.445 0.1306481484375 0.445 0.1854629625 0.45854166718749995 0.1854629625
1 0.4486979171875 0.3061111109375 0.4486979171875 0.268796296875 0.4344791671875 0.268796296875 0.4344791671875 0.3061111109375 0.4486979171875 0.3061111109375
1 0.4604166671875 0.3170370375 0.4604166671875 0.285277778125 0.45239583281250006 0.285277778125 0.45239583281250006 0.3170370375 0.4604166671875 0.3170370375
1 0.47520833281249997 0.2370370375 0.47520833281249997 0.20740740781250003 0.4622395828125 0.20740740781250003 0.4622395828125 0.2370370375 0.47520833281249997 0.2370370375
1 0.4622395828125 0.45305555625 0.4622395828125 0.42453703750000005 0.4376041671875 0.42453703750000005 0.4376041671875 0.45305555625 0.4622395828125 0.45305555625
1 0.4381770828125 0.415740740625 0.4381770828125 0.3883333328125 0.4190625 0.3883333328125 0.4190625 0.415740740625 0.4381770828125 0.415740740625
1 0.4376041671875 0.34120370312500004 0.4376041671875 0.3093518515625 0.40552083281250006 0.3093518515625 0.40552083281250006 0.34120370312500004 0.4376041671875 0.34120370312500004
1 0.00390625 0.743240740625 0.00390625 0.9906481484375 0.1338541671875 0.9906481484375 0.1338541671875 0.743240740625 0.00390625 0.743240740625
1 0.00020833281250000002 0.52194444375 0.00020833281250000002 0.780740740625 0.1356770828125 0.780740740625 0.1356770828125 0.52194444375 0.00020833281250000002 0.52194444375
1 0.00390625 0.3120370375 0.00390625 0.52194444375 0.1356770828125 0.52194444375 0.1356770828125 0.3120370375 0.00390625 0.3120370375
1 0.0011458328125 0.0533333328125 0.0011458328125 0.308796296875 0.1503645828125 0.308796296875 0.1503645828125 0.0533333328125 0.0011458328125 0.0533333328125