1 0.44015624999999997 0.579375 0.44015624999999997 0.49145833281250006 0.07671875 0.49145833281250006 0.07671875 0.579375 0.44015624999999997 0.579375
1 0.43703125 0.4408333328125 0.43703125 0.36604166718750003 0.084375 0.36604166718750003 0.084375 0.4408333328125 0.43703125 0.4408333328125
1 0.5 0.48875 0.5 0.43645833281249996 0.440625 0.43645833281249996 0.440625 0.48875 0.5 0.48875
1 0.07453125000000001 0.2325 0.07453125000000001 0.2972916671875 0.43484375000000003 0.2972916671875 0.43484375000000003 0.2325 0.07453125000000001 0.2325
1 0.65546875 0.5085416671874999 0.65546875 0.45499999999999996 0.58796875 0.45499999999999996 0.58796875 0.5085416671874999 0.65546875 0.5085416671874999
1 0.43734375 0.4933333328125 0.43734375 0.5425 0.48312499999999997 0.5425 0.48312499999999997 0.4933333328125 0.43734375 0.4933333328125
2 0.47234375 0.0954166671875 0.47234375 0.5389583328125 0.6246875000000001 0.5389583328125 0.6246875000000001 0.0954166671875 0.47234375 0.0954166671875
2 0.0010937499999999999 0 0.0010937499999999999 0.7224999999999999 0.0821875 0.7224999999999999 0.0821875 0 0.0010937499999999999 0
4 0.605 0.3554166671875 0.605 0.4875 0.7840625 0.4875 0.7840625 0.3554166671875 0.605 0.3554166671875
4 0.6068749999999999 0.2695833328125 0.6068749999999999 0.35812499999999997 0.78703125 0.35812499999999997 0.78703125 0.2695833328125 0.6068749999999999 0.2695833328125
4 0.5901562499999999 0.168125 0.5901562499999999 0.27229166718750003 0.79296875 0.27229166718750003 0.79296875 0.168125 0.5901562499999999 0.168125
4 0.57421875 0.075625 0.57421875 0.18125 0.8 0.18125 0.8 0.075625 0.57421875 0.075625
4 0.58125 0 0.58125 0.0966666671875 0.79796875 0.0966666671875 0.79796875 0 0.58125 0
4 0.9984375 0.47083333281249995 0.9984375 0.2677083328125 0.83265625 0.2677083328125 0.83265625 0.47083333281249995 0.9984375 0.47083333281249995
4 0.9984375 0.26916666718750004 0.9984375 0.093125 0.83828125 0.093125 0.83828125 0.26916666718750004 0.9984375 0.26916666718750004
4 0.79234375 0.278125 0.79234375 0.4604166671875 0.8315625000000001 0.4604166671875 0.8315625000000001 0.278125 0.79234375 0.278125