1 0.33468749999999997 0.0147916671875 0.33468749999999997 0.1660416671875 0.62109375 0.1660416671875 0.62109375 0.0147916671875 0.33468749999999997 0.0147916671875
1 0.4971875 0.1120833328125 0.4971875 0.0045833328125 0.14421875 0.0045833328125 0.14421875 0.1120833328125 0.4971875 0.1120833328125
1 0.49109375 0.07958333281249999 0.49109375 0.1820833328125 0.69140625 0.1820833328125 0.69140625 0.07958333281249999 0.49109375 0.07958333281249999
1 0.6696875 0.1329166671875 0.6696875 0.2077083328125 0.74109375 0.2077083328125 0.74109375 0.1329166671875 0.6696875 0.1329166671875
1 0.6921875 0.1735416671875 0.6921875 0.2483333328125 0.781875 0.2483333328125 0.781875 0.1735416671875 0.6921875 0.1735416671875
1 0.75390625 0.2108333328125 0.75390625 0.26437499999999997 0.8099999999999999 0.26437499999999997 0.8099999999999999 0.2108333328125 0.75390625 0.2108333328125
1 0.8003125000000001 0.2472916671875 0.8003125000000001 0.278125 0.82203125 0.278125 0.82203125 0.2472916671875 0.8003125000000001 0.2472916671875
1 0.77140625 0.09770833281249999 0.77140625 0.14791666718750002 0.81875 0.14791666718750002 0.81875 0.09770833281249999 0.77140625 0.09770833281249999
1 0.77953125 0.2808333328125 0.77953125 0.31124999999999997 0.86015625 0.31124999999999997 0.86015625 0.2808333328125 0.77953125 0.2808333328125
1 0.61609375 0.0035416671875 0.61609375 0.0783333328125 0.77796875 0.0783333328125 0.77796875 0.0035416671875 0.61609375 0.0035416671875
1 0.7846875 0.153125 0.7846875 0.19083333281249998 0.84546875 0.19083333281249998 0.84546875 0.153125 0.7846875 0.153125
1 0.79484375 0.17541666718749999 0.79484375 0.21000000000000002 0.8565625000000001 0.21000000000000002 0.8565625000000001 0.17541666718749999 0.79484375 0.17541666718749999
1 0.9553125 0.45375 0.9553125 0.44749999999999995 0.896875 0.44749999999999995 0.896875 0.45375 0.9553125 0.45375
1 0.954375 0.48645833281249995 0.954375 0.46791666718749997 0.9053125 0.46791666718749997 0.9053125 0.48645833281249995 0.954375 0.48645833281249995
2 0.9923437500000001 0.45958333281249997 0.9923437500000001 0.3725 0.9490624999999999 0.3725 0.9490624999999999 0.45958333281249997 0.9923437500000001 0.45958333281249997
2 0.95 0.42750000000000005 0.95 0.3595833328125 0.9096875000000001 0.3595833328125 0.9096875000000001 0.42750000000000005 0.95 0.42750000000000005
3 0.47062499999999996 0.4110416671875 0.47062499999999996 0.2520833328125 0.38 0.2520833328125 0.38 0.4110416671875 0.47062499999999996 0.4110416671875
3 0.3825 0.2972916671875 0.3825 0.23562500000000003 0.21578124999999998 0.23562500000000003 0.21578124999999998 0.2972916671875 0.3825 0.2972916671875
3 0.37265625 0.335625 0.37265625 0.2947916671875 0.2621875 0.2947916671875 0.2621875 0.335625 0.37265625 0.335625
3 0.37859375 0.37625000000000003 0.37859375 0.338125 0.2759375 0.338125 0.2759375 0.37625000000000003 0.37859375 0.37625000000000003
3 0.275 0.36833333281249997 0.275 0.3183333328125 0.18515625 0.3183333328125 0.18515625 0.36833333281249997 0.275 0.36833333281249997
3 0.2690625 0.4158333328125 0.2690625 0.3710416671875 0.18515625 0.3710416671875 0.18515625 0.4158333328125 0.2690625 0.4158333328125
3 0.37953125 0.4170833328125 0.37953125 0.3710416671875 0.27109375 0.3710416671875 0.27109375 0.4170833328125 0.37953125 0.4170833328125
3 0.41421875 0.660625 0.41421875 0.45520833281249995 0.24343750000000003 0.45520833281249995 0.24343750000000003 0.660625 0.41421875 0.660625
3 0.06671875000000001 0.438125 0.06671875000000001 0.3697916671875 0.0026562499999999998 0.3697916671875 0.0026562499999999998 0.438125 0.06671875000000001 0.438125
3 0.15859375 0.7183333328125 0.15859375 0.560625 0.01046875 0.560625 0.01046875 0.7183333328125 0.15859375 0.7183333328125
3 0.47531249999999997 0.5658333328125 0.47531249999999997 0.488125 0.40531249999999996 0.488125 0.40531249999999996 0.5658333328125 0.47531249999999997 0.5658333328125
3 0.59171875 0.5739583328125 0.59171875 0.5008333328125001 0.469375 0.5008333328125001 0.469375 0.5739583328125 0.59171875 0.5739583328125
3 0.655 0.5408333328125 0.655 0.5027083328125 0.59375 0.5027083328125 0.59375 0.5408333328125 0.655 0.5408333328125
3 0.6853125 0.5131249999999999 0.6853125 0.4754166671875 0.62828125 0.4754166671875 0.62828125 0.5131249999999999 0.6853125 0.5131249999999999
3 0.71421875 0.5237499999999999 0.71421875 0.49729166718749995 0.67859375 0.49729166718749995 0.67859375 0.5237499999999999 0.71421875 0.5237499999999999
3 0.73 0.514375 0.73 0.47895833281250005 0.6884375 0.47895833281250005 0.6884375 0.514375 0.73 0.514375
3 0.7535937500000001 0.514375 0.7535937500000001 0.488125 0.72890625 0.488125 0.72890625 0.514375 0.7535937500000001 0.514375
3 0.71609375 0.4183333328125 0.71609375 0.313125 0.5779687499999999 0.313125 0.5779687499999999 0.4183333328125 0.71609375 0.4183333328125
3 0.68453125 0.40520833281249996 0.68453125 0.36583333281249997 0.6470312500000001 0.36583333281249997 0.6470312500000001 0.40520833281249996 0.68453125 0.40520833281249996
3 0.6490625 0.41312499999999996 0.6490625 0.3670833328125 0.60359375 0.3670833328125 0.60359375 0.41312499999999996 0.6490625 0.41312499999999996
3 0.61046875 0.4158333328125 0.61046875 0.36312500000000003 0.5582812500000001 0.36312500000000003 0.5582812500000001 0.4158333328125 0.61046875 0.4158333328125
3 0.55125 0.4091666671875 0.55125 0.3579166671875 0.4803125 0.3579166671875 0.4803125 0.4091666671875 0.55125 0.4091666671875
3 0.74375 0.40791666718749997 0.74375 0.3670833328125 0.7053125 0.3670833328125 0.7053125 0.40791666718749997 0.74375 0.40791666718749997
3 0.75859375 0.42625 0.75859375 0.38166666718750003 0.7309375 0.38166666718750003 0.7309375 0.42625 0.75859375 0.42625
3 0.79015625 0.42104166718749997 0.79015625 0.38166666718750003 0.75859375 0.38166666718750003 0.75859375 0.42104166718749997 0.79015625 0.42104166718749997
3 0.80890625 0.3947916671875 0.80890625 0.361875 0.7457812500000001 0.361875 0.7457812500000001 0.3947916671875 0.80890625 0.3947916671875
3 0.80984375 0.4158333328125 0.80984375 0.3947916671875 0.7931250000000001 0.3947916671875 0.7931250000000001 0.4158333328125 0.80984375 0.4158333328125
3 0.7675 0.514375 0.7675 0.48166666718749995 0.7378125 0.48166666718749995 0.7378125 0.514375 0.7675 0.514375
3 0.77828125 0.5052083328125 0.77828125 0.4777083328125 0.74375 0.4777083328125 0.74375 0.5052083328125 0.77828125 0.5052083328125
3 0.79796875 0.4960416671875 0.79796875 0.46979166718750004 0.77625 0.46979166718750004 0.77625 0.4960416671875 0.79796875 0.4960416671875
3 0.80796875 0.4683333328125 0.80796875 0.4408333328125 0.7634375 0.4408333328125 0.7634375 0.4683333328125 0.80796875 0.4683333328125
3 0.80796875 0.49729166718749995 0.80796875 0.4683333328125 0.7990625 0.4683333328125 0.7990625 0.49729166718749995 0.80796875 0.49729166718749995
3 0.6590625 0.0570833328125 0.6590625 0.0045833328125 0.6056250000000001 0.0045833328125 0.6056250000000001 0.0570833328125 0.6590625 0.0570833328125
3 0.65421875 0.0779166671875 0.65421875 0.0341666671875 0.61640625 0.0341666671875 0.61640625 0.0779166671875 0.65421875 0.0779166671875
3 0.6525000000000001 0.10874999999999999 0.6525000000000001 0.0647916671875 0.61546875 0.0647916671875 0.61546875 0.10874999999999999 0.6525000000000001 0.10874999999999999
3 0.71171875 0.076875 0.71171875 0.0372916671875 0.6459374999999999 0.0372916671875 0.6459374999999999 0.076875 0.71171875 0.076875
3 0.7109375 0.09 0.7109375 0.0570833328125 0.65421875 0.0570833328125 0.65421875 0.09 0.7109375 0.09
3 0.71171875 0.10645833281249999 0.71171875 0.0779166671875 0.6534375 0.0779166671875 0.6534375 0.10645833281249999 0.71171875 0.10645833281249999
3 0.71171875 0.121875 0.71171875 0.09875 0.66234375 0.09875 0.66234375 0.121875 0.71171875 0.121875
3 0.7084374999999999 0.1504166671875 0.7084374999999999 0.11416666718749999 0.66234375 0.11416666718749999 0.66234375 0.1504166671875 0.7084374999999999 0.1504166671875
3 0.7306250000000001 0.09770833281249999 0.7306250000000001 0.060416667187499995 0.7125 0.060416667187499995 0.7125 0.09770833281249999 0.7306250000000001 0.09770833281249999
3 0.733125 0.11520833281250001 0.733125 0.09229166718750001 0.7068749999999999 0.09229166718750001 0.7068749999999999 0.11520833281250001 0.733125 0.11520833281250001
3 0.73234375 0.12833333281249998 0.73234375 0.11187499999999999 0.7109375 0.11187499999999999 0.7109375 0.12833333281249998 0.73234375 0.12833333281249998
3 0.733125 0.148125 0.733125 0.1272916671875 0.7150000000000001 0.1272916671875 0.7150000000000001 0.148125 0.733125 0.148125
3 0.728125 0.1679166671875 0.728125 0.139375 0.71171875 0.139375 0.71171875 0.1679166671875 0.728125 0.1679166671875
3 0.7603125000000001 0.1447916671875 0.7603125000000001 0.1020833328125 0.72734375 0.1020833328125 0.72734375 0.1447916671875 0.7603125000000001 0.1447916671875
3 0.7628125 0.166875 0.7628125 0.135 0.72484375 0.135 0.72484375 0.166875 0.7628125 0.166875
3 0.76109375 0.1964583328125 0.76109375 0.16354166718750002 0.73484375 0.16354166718750002 0.73484375 0.1964583328125 0.76109375 0.1964583328125
3 0.77921875 0.15687500000000001 0.77921875 0.12833333281249998 0.75859375 0.12833333281249998 0.75859375 0.15687500000000001 0.77921875 0.15687500000000001
3 0.7775000000000001 0.18875 0.7775000000000001 0.1602083328125 0.76515625 0.1602083328125 0.76515625 0.18875 0.7775000000000001 0.18875
3 0.7775000000000001 0.21291666718750002 0.7775000000000001 0.1877083328125 0.7618750000000001 0.1877083328125 0.7618750000000001 0.21291666718750002 0.7775000000000001 0.21291666718750002
3 0.8021874999999999 0.1854166671875 0.8021874999999999 0.1525 0.7775000000000001 0.1525 0.7775000000000001 0.1854166671875 0.8021874999999999 0.1854166671875
3 0.8071875000000001 0.2116666671875 0.8071875000000001 0.1897916671875 0.790625 0.1897916671875 0.790625 0.2116666671875 0.8071875000000001 0.2116666671875
3 0.78828125 0.22479166718750002 0.78828125 0.2008333328125 0.7759375000000001 0.2008333328125 0.7759375000000001 0.22479166718750002 0.78828125 0.22479166718750002
3 0.7996875 0.22937500000000002 0.7996875 0.20625 0.78734375 0.20625 0.78734375 0.22937500000000002 0.7996875 0.22937500000000002
3 0.82109375 0.4189583328125 0.82109375 0.36312500000000003 0.7996875 0.36312500000000003 0.7996875 0.4189583328125 0.82109375 0.4189583328125
3 0.8375 0.39375 0.8375 0.3752083328125 0.82359375 0.3752083328125 0.82359375 0.39375 0.8375 0.39375
3 0.8375 0.42125 0.8375 0.398125 0.8203125 0.398125 0.8203125 0.42125 0.8375 0.42125
3 0.853125 0.3947916671875 0.853125 0.3772916671875 0.8400000000000001 0.3772916671875 0.8400000000000001 0.3947916671875 0.853125 0.3947916671875
3 0.83671875 0.49020833281250004 0.83671875 0.45625 0.81703125 0.45625 0.81703125 0.49020833281250004 0.83671875 0.49020833281250004