1 1 0.5475 0.8074999999999999 0.5475 0.8074999999999999 0.7483333328125 1 0.7483333328125 1 0.5475
1 0.78203125 0.45499999999999996 0.78203125 0.378125 0.65109375 0.378125 0.65109375 0.45499999999999996 0.78203125 0.45499999999999996
1 0.6364062500000001 0 0.6364062500000001 0.06395833281249999 0.67640625 0.06395833281249999 0.67640625 0 0.6364062500000001 0
1 0.6364062500000001 0.0966666671875 0.6364062500000001 0.024791667187499998 0.6079687500000001 0.024791667187499998 0.6079687500000001 0.0966666671875 0.6364062500000001 0.0966666671875
1 0.6079687500000001 0.1408333328125 0.6079687500000001 0.074375 0.5806250000000001 0.074375 0.5806250000000001 0.1408333328125 0.6079687500000001 0.1408333328125
1 0.5806250000000001 0.164375 0.5806250000000001 0.1135416671875 0.5640625 0.1135416671875 0.5640625 0.164375 0.5806250000000001 0.164375
1 0.08203125 0.0966666671875 0.08203125 0.0027083328125 0.0009375 0.0027083328125 0.0009375 0.0966666671875 0.08203125 0.0966666671875
1 0.13187500000000002 0.133125 0.13187500000000002 0.0666666671875 0.08203125 0.0666666671875 0.08203125 0.133125 0.13187500000000002 0.133125
1 0.16609374999999998 0.16833333281250001 0.16609374999999998 0.12125 0.12515625 0.12125 0.12515625 0.16833333281250001 0.16609374999999998 0.16833333281250001
1 0.123125 0.30895833281249996 0.123125 0.258125 0.001875 0.258125 0.001875 0.30895833281249996 0.123125 0.30895833281249996
1 0.1690625 0.3441666671875 0.1690625 0.31416666718749997 0.13390625 0.31416666718749997 0.13390625 0.3441666671875 0.1690625 0.3441666671875
1 0.176875 0.41333333281250006 0.176875 0.3808333328125 0.13578125000000002 0.3808333328125 0.13578125000000002 0.41333333281250006 0.176875 0.41333333281250006
1 0.12125 0.485 0.12125 0.438125 0.07718749999999999 0.438125 0.07718749999999999 0.485 0.12125 0.485
1 0.603125 0.409375 0.603125 0.3741666671875 0.5709375 0.3741666671875 0.5709375 0.409375 0.603125 0.409375
1 0.5689062500000001 0.4002083328125 0.5689062500000001 0.3716666671875 0.5493750000000001 0.3716666671875 0.5493750000000001 0.4002083328125 0.5689062500000001 0.4002083328125
1 0.548125 0.20437500000000003 0.548125 0.1708333328125 0.52671875 0.1708333328125 0.52671875 0.20437500000000003 0.548125 0.20437500000000003
1 0.22359374999999998 0.11708333281250001 0.22359374999999998 0.07625 0.19296875 0.07625 0.19296875 0.11708333281250001 0.22359374999999998 0.11708333281250001
1 0.22546875000000002 0.20416666718749998 0.22546875000000002 0.16999999999999998 0.19765625 0.16999999999999998 0.19765625 0.20416666718749998 0.22546875000000002 0.20416666718749998