1 0 0.2425 0.24343750000000003 0.2425 0.24343750000000003 0.12395833281249999 0 0.12395833281249999 0 0.2425
1 0.563125 0.27375 0.563125 0.11875 0.23359375 0.11875 0.23359375 0.27375 0.563125 0.27375
1 0.75265625 0.319375 0.75265625 0.2008333328125 0.589375 0.2008333328125 0.589375 0.319375 0.75265625 0.319375
1 0.8378125000000001 0.3429166671875 0.8378125000000001 0.255625 0.7478125 0.255625 0.7478125 0.3429166671875 0.8378125000000001 0.3429166671875
1 0.818125 0 0.818125 0.08625000000000001 0.87984375 0.08625000000000001 0.87984375 0 0.818125 0
1 0.724375 0.8225 0.724375 0.6595833328125 0.3890625 0.6595833328125 0.3890625 0.8225 0.724375 0.8225
1 0.809375 0.6402083328125 0.809375 0.5802083328125 0.70375 0.5802083328125 0.70375 0.6402083328125 0.809375 0.6402083328125
1 0.37140625 0.5866666671874999 0.37140625 0.5175 0.2971875 0.5175 0.2971875 0.5866666671874999 0.37140625 0.5866666671874999
2 0.8856249999999999 0.7302083328125 0.8856249999999999 0.3120833328125 0.7259375 0.3120833328125 0.7259375 0.7302083328125 0.8856249999999999 0.7302083328125
2 0.9481249999999999 0.6595833328125 0.9481249999999999 0.3545833328125 0.85390625 0.3545833328125 0.85390625 0.6595833328125 0.9481249999999999 0.6595833328125
4 0.9125 0.34541666718749997 0.9125 0.0620833328125 0.701875 0.0620833328125 0.701875 0.34541666718749997 0.9125 0.34541666718749997