1 0.8583333328125 0.4246296296875 0.8583333328125 0.333703703125 0.75171875 0.333703703125 0.75171875 0.4246296296875 0.8583333328125 0.4246296296875
1 0.7498958328125 0.4436111109375 0.7498958328125 0.365740740625 0.6792708328125 0.365740740625 0.6792708328125 0.4436111109375 0.7498958328125 0.4436111109375
1 0.68140625 0.451203703125 0.68140625 0.38101851875000003 0.6408854171875 0.38101851875000003 0.6408854171875 0.451203703125 0.68140625 0.451203703125
1 0.6408854171875 0.451203703125 0.6408854171875 0.3943518515625 0.60890625 0.3943518515625 0.60890625 0.451203703125 0.6408854171875 0.451203703125
1 0.6057291671875 0.45870370312500003 0.6057291671875 0.41324074062499994 0.5844270828125 0.41324074062499994 0.5844270828125 0.45870370312500003 0.6057291671875 0.45870370312500003
1 0.5869791671875 0.45222222187499994 0.5869791671875 0.41805555625 0.5752604171875 0.41805555625 0.5752604171875 0.45222222187499994 0.5869791671875 0.45222222187499994
1 0.5783333328125 0.45416666718750004 0.5783333328125 0.42222222187499997 0.5603645828125 0.42222222187499997 0.5603645828125 0.45416666718750004 0.5783333328125 0.45416666718750004
1 0.6050520828125 0.666203703125 0.6050520828125 0.618703703125 0.5767708328125 0.618703703125 0.5767708328125 0.666203703125 0.6050520828125 0.666203703125
1 0.6835416671875 0.7999074078125 0.6835416671875 0.7051851859375 0.6398958328125001 0.7051851859375 0.6398958328125001 0.7999074078125 0.6835416671875 0.7999074078125
1 0.74453125 0.6841666671875 0.74453125 0.5925925921874999 0.6868229171875 0.5925925921874999 0.6868229171875 0.6841666671875 0.74453125 0.6841666671875
1 0.748125 0.8922222218750001 0.748125 0.7678703703124999 0.6868229171875 0.7678703703124999 0.6868229171875 0.8922222218750001 0.748125 0.8922222218750001
1 0.17265625 0.9984259265625001 0.17265625 0.8591666671875 0.0809375 0.8591666671875 0.0809375 0.9984259265625001 0.17265625 0.9984259265625001
1 0.0855729171875 0.8838888890625001 0.0855729171875 0.7228703703125 0.00421875 0.7228703703125 0.00421875 0.8838888890625001 0.0855729171875 0.8838888890625001
1 0.0011458328125 0.0216666671875 0.0011458328125 0.171759259375 0.08401041718749999 0.171759259375 0.08401041718749999 0.0216666671875 0.0011458328125 0.0216666671875
1 0.1223958328125 0.19351851874999998 0.1223958328125 0.2890740734375 0.22984374999999999 0.2890740734375 0.22984374999999999 0.19351851874999998 0.1223958328125 0.19351851874999998
1 0.2249479171875 0.248796296875 0.2249479171875 0.32194444375 0.2779166671875 0.32194444375 0.2779166671875 0.248796296875 0.2249479171875 0.248796296875
1 0.30359375 0.313703703125 0.30359375 0.360277778125 0.3293229171875 0.360277778125 0.3293229171875 0.313703703125 0.30359375 0.313703703125
1 0.3261979171875 0.333796296875 0.3261979171875 0.371296296875 0.3452083328125 0.371296296875 0.3452083328125 0.333796296875 0.3261979171875 0.333796296875
1 0.3431770828125 0.3484259265625 0.3431770828125 0.385 0.36015625 0.385 0.36015625 0.3484259265625 0.3431770828125 0.3484259265625
1 0.3205729171875 0.12092592656250001 0.3205729171875 0.1748148140625 0.3395833328125 0.1748148140625 0.3395833328125 0.12092592656250001 0.3205729171875 0.12092592656250001
4 0.8523958328125 0.9531481484375 0.8523958328125 0.50898148125 0.7434895828125 0.50898148125 0.7434895828125 0.9531481484375 0.8523958328125 0.9531481484375
4 0.6565104171875 0.725 0.6565104171875 0.48398148125 0.5966145828125 0.48398148125 0.5966145828125 0.725 0.6565104171875 0.725
4 0.5952083328125 0.63398148125 0.5952083328125 0.47888888906249993 0.56921875 0.47888888906249993 0.56921875 0.63398148125 0.5952083328125 0.63398148125
4 0.5767187500000001 0.618703703125 0.5767187500000001 0.46907407343749996 0.54921875 0.46907407343749996 0.54921875 0.618703703125 0.5767187500000001 0.618703703125
4 0.56171875 0.589259259375 0.56171875 0.4628703703125 0.5406770828125 0.4628703703125 0.5406770828125 0.589259259375 0.56171875 0.589259259375
4 0.5421875 0.5803703703124999 0.5421875 0.4646296296875 0.5291666671875 0.4646296296875 0.5291666671875 0.5803703703124999 0.5421875 0.5803703703124999
4 0.5326562499999999 0.5527777781250001 0.5326562499999999 0.4663888890625 0.5141666671875 0.4663888890625 0.5141666671875 0.5527777781250001 0.5326562499999999 0.5527777781250001
4 0.2446875 0.8809259265625 0.2446875 0.5037962968749999 0.1136979171875 0.5037962968749999 0.1136979171875 0.8809259265625 0.2446875 0.8809259265625
4 0.2783854171875 0.7900925921875 0.2783854171875 0.49629629687500004 0.2405208328125 0.49629629687500004 0.2405208328125 0.7900925921875 0.2783854171875 0.7900925921875
4 0.3126041671875 0.745277778125 0.3126041671875 0.49416666718749996 0.2699479171875 0.49416666718749996 0.2699479171875 0.745277778125 0.3126041671875 0.745277778125
4 0.3360416671875 0.690740740625 0.3360416671875 0.49101851874999997 0.3090104171875 0.49101851874999997 0.3090104171875 0.690740740625 0.3360416671875 0.690740740625
4 0.3636979171875 0.6341666671875 0.3636979171875 0.48351851874999996 0.3546875 0.48351851874999996 0.3546875 0.6341666671875 0.3636979171875 0.6341666671875
4 0.3528645828125 0.6650925921875 0.3528645828125 0.48675925937500003 0.3336458328125 0.48675925937500003 0.3336458328125 0.6650925921875 0.3528645828125 0.6650925921875
4 0.333125 0.011296296875 0.333125 0.19444444375 0.3530208328125 0.19444444375 0.3530208328125 0.011296296875 0.333125 0.011296296875
4 0.8858333328124999 0.0019444437500000002 0.8858333328124999 0.25444444375 0.9983333328124999 0.25444444375 0.9983333328124999 0.0019444437500000002 0.8858333328124999 0.0019444437500000002
4 0.39401041718749996 0.5775925921875 0.39401041718749996 0.4699074078125 0.37453125 0.4699074078125 0.37453125 0.5775925921875 0.39401041718749996 0.5775925921875
3 0.04109375 0.319722221875 0.04109375 0.451296296875 0.2091145828125 0.451296296875 0.2091145828125 0.319722221875 0.04109375 0.319722221875
3 0.0023958328125 0.24601851875 0.0023958328125 0.44120370312499996 0.0482291671875 0.44120370312499996 0.0482291671875 0.24601851875 0.0023958328125 0.24601851875
3 0.1164583328125 0.7462037031250001 0.1164583328125 0.54351851875 0.040781250000000005 0.54351851875 0.040781250000000005 0.7462037031250001 0.1164583328125 0.7462037031250001
3 0.20677083281250003 0.3365740734375 0.20677083281250003 0.45277777812500003 0.23515625 0.45277777812500003 0.23515625 0.3365740734375 0.20677083281250003 0.3365740734375
3 0.2653645828125 0.44731481406249995 0.2653645828125 0.35407407343749997 0.23515625 0.35407407343749997 0.23515625 0.44731481406249995 0.2653645828125 0.44731481406249995
3 0.2783333328125 0.45499999999999996 0.2783333328125 0.361759259375 0.25916666718750003 0.361759259375 0.25916666718750003 0.45499999999999996 0.2783333328125 0.45499999999999996
3 0.2944791671875 0.4529629625 0.2944791671875 0.36990740781250003 0.27734375 0.36990740781250003 0.27734375 0.4529629625 0.2944791671875 0.4529629625
3 0.30822916718750004 0.4491666671875 0.30822916718750004 0.3745370375 0.2936458328125 0.3745370375 0.2936458328125 0.4491666671875 0.30822916718750004 0.4491666671875
1 0.5494270828125 0.43407407343750004 0.5494270828125 0.4503703703125 0.5622395828125 0.4503703703125 0.5622395828125 0.43407407343750004 0.5494270828125 0.43407407343750004
1 0.5494270828125 0.45361111093749995 0.5494270828125 0.43407407343750004 0.53203125 0.43407407343750004 0.53203125 0.45361111093749995 0.5494270828125 0.45361111093749995
1 0.6455208328125 0.12490740781250001 0.6455208328125 0.0321296296875 0.6061979171874999 0.0321296296875 0.6061979171874999 0.12490740781250001 0.6455208328125 0.12490740781250001
1 0.6043229171875 0.180277778125 0.6043229171875 0.11842592656249999 0.5878645828125 0.11842592656249999 0.5878645828125 0.180277778125 0.6043229171875 0.180277778125
1 0.5878645828125 0.20305555625 0.5878645828125 0.16555555625 0.576875 0.16555555625 0.576875 0.20305555625 0.5878645828125 0.20305555625
1 0.5686458328125 0.24694444375 0.5686458328125 0.19981481406249998 0.55765625 0.19981481406249998 0.55765625 0.24694444375 0.5686458328125 0.24694444375
1 0.5540104171875 0.23398148124999998 0.5540104171875 0.24046296250000002 0.5567708328125 0.24046296250000002 0.5567708328125 0.23398148124999998 0.5540104171875 0.23398148124999998
1 0.54484375 0.23555555625000002 0.54484375 0.27296296249999996 0.5622395828125 0.27296296249999996 0.5622395828125 0.23555555625000002 0.54484375 0.23555555625000002
1 0.39484375 0.30694444375 0.39484375 0.28194444375 0.3886979171875 0.28194444375 0.3886979171875 0.30694444375 0.39484375 0.30694444375
1 0.3053125 0.33861111093749996 0.3053125 0.2906481484375 0.2780208328125 0.2906481484375 0.2780208328125 0.33861111093749996 0.3053125 0.33861111093749996
1 0.3721354171875 0.39148148125 0.3721354171875 0.3696296296875 0.36234375 0.3696296296875 0.36234375 0.39148148125 0.3721354171875 0.39148148125
1 0.4647395828125 0.5124074078125 0.4647395828125 0.5031481484375 0.44171875 0.5031481484375 0.44171875 0.5124074078125 0.4647395828125 0.5124074078125
1 0.48984375 0.5118518515625 0.48984375 0.5025925921875001 0.465625 0.5025925921875001 0.465625 0.5118518515625 0.48984375 0.5118518515625
1 0.42395833281249995 0.5063888890625 0.42395833281249995 0.51351851875 0.44078125 0.51351851875 0.44078125 0.5063888890625 0.42395833281249995 0.5063888890625
1 0.5431770828125 0.28953703750000004 0.5431770828125 0.2628703703125 0.5361458328125 0.2628703703125 0.5361458328125 0.28953703750000004 0.5431770828125 0.28953703750000004
1 0.5358333328125 0.3020370375 0.5358333328125 0.279722221875 0.5290625 0.279722221875 0.5290625 0.3020370375 0.5358333328125 0.3020370375