1 0.6415625 0.48687500000000006 0.6415625 0.41958333281250004 0.44875 0.41958333281250004 0.44875 0.48687500000000006 0.6415625 0.48687500000000006
1 0.43578124999999995 0.625 0.43578124999999995 0.5183333328125 0.1675 0.5183333328125 0.1675 0.625 0.43578124999999995 0.625
1 0.1684375 0.46312499999999995 0.1684375 0.3539583328125 0.00453125 0.3539583328125 0.00453125 0.46312499999999995 0.1684375 0.46312499999999995
1 0.169375 0.6539583328125 0.169375 0.5472916671875 0.0017187500000000002 0.5472916671875 0.0017187500000000002 0.6539583328125 0.169375 0.6539583328125
1 0.18515625 0.8237500000000001 0.18515625 0.7091666671875 0.000625 0.7091666671875 0.000625 0.8237500000000001 0.18515625 0.8237500000000001
1 0.44171875 0.77625 0.44171875 0.660625 0.18625 0.660625 0.18625 0.77625 0.44171875 0.77625
1 0.63625 0.6908333328125 0.63625 0.5789583328125001 0.47921874999999997 0.5789583328125001 0.47921874999999997 0.6908333328125 0.63625 0.6908333328125
1 0.73 0.6341666671875 0.73 0.55 0.6292187499999999 0.55 0.6292187499999999 0.6341666671875 0.73 0.6341666671875
1 0.7990625 0.6 0.7990625 0.5289583328125 0.725 0.5289583328125 0.725 0.6 0.7990625 0.6
1 0.79578125 0.46187500000000004 0.79578125 0.4172916671875 0.6559375000000001 0.4172916671875 0.6559375000000001 0.46187500000000004 0.79578125 0.46187500000000004
1 0.9746874999999999 0.5527083328125 0.9746874999999999 0.5052083328125 0.84546875 0.5052083328125 0.84546875 0.5527083328125 0.9746874999999999 0.5527083328125
1 0.9678125 0.62375 0.9678125 0.5697916671875001 0.84734375 0.5697916671875001 0.84734375 0.62375 0.9678125 0.62375
1 0.6598437500000001 0.22374999999999998 0.6598437500000001 0.1 0.48921875000000004 0.1 0.48921875000000004 0.22374999999999998 0.6598437500000001 0.22374999999999998
1 0.7970312500000001 0.2841666671875 0.7970312500000001 0.2210416671875 0.7428125 0.2210416671875 0.7428125 0.2841666671875 0.7970312500000001 0.2841666671875
1 0.8800000000000001 0.3183333328125 0.8800000000000001 0.27375 0.8 0.27375 0.8 0.3183333328125 0.8800000000000001 0.3183333328125
1 0.7990625 0.17375000000000002 0.7990625 0.1079166671875 0.7407812500000001 0.1079166671875 0.7407812500000001 0.17375000000000002 0.7990625 0.17375000000000002
1 0.22218749999999998 0.0325 0.22218749999999998 0.1497916671875 0.46359374999999997 0.1497916671875 0.46359374999999997 0.0325 0.22218749999999998 0.0325
1 0.003125 0.010624999999999999 0.003125 0.10604166718750001 0.21187499999999998 0.10604166718750001 0.21187499999999998 0.010624999999999999 0.003125 0.010624999999999999
4 0.49609375 0.001875 0.49609375 0.254375 0.7509375 0.254375 0.7509375 0.001875 0.49609375 0.001875
4 0.7692187500000001 0.0058333328125 0.7692187500000001 0.1160416671875 0.87890625 0.1160416671875 0.87890625 0.0058333328125 0.7692187500000001 0.0058333328125