1 0.75078125 0.2335416671875 0.75078125 0.10833333281249999 0.62265625 0.10833333281249999 0.62265625 0.2335416671875 0.75078125 0.2335416671875
1 0.7145312500000001 0.32999999999999996 0.7145312500000001 0.23479166718750002 0.62953125 0.23479166718750002 0.62953125 0.32999999999999996 0.7145312500000001 0.32999999999999996
1 0.75171875 0.7208333328125 0.75171875 0.5945833328125001 0.64328125 0.5945833328125001 0.64328125 0.7208333328125 0.75171875 0.7208333328125
1 0.68140625 0.9608333328124999 0.68140625 0.8004166671874999 0.6275000000000001 0.8004166671874999 0.6275000000000001 0.9608333328124999 0.68140625 0.9608333328124999
1 0.46281249999999996 0.0991666671875 0.46281249999999996 0.0847916671875 0.40109374999999997 0.0847916671875 0.40109374999999997 0.0991666671875 0.46281249999999996 0.0991666671875
1 0.5375 0.0983333328125 0.5375 0.08375 0.46421875 0.08375 0.46421875 0.0983333328125 0.5375 0.0983333328125
1 0.6196875000000001 0.1029166671875 0.6196875000000001 0.08645833281250001 0.5484375 0.08645833281250001 0.5484375 0.1029166671875 0.6196875000000001 0.1029166671875
1 0.46359374999999997 0.2052083328125 0.46359374999999997 0.18604166718749998 0.395 0.18604166718749998 0.395 0.2052083328125 0.46359374999999997 0.2052083328125
1 0.5409375 0.2060416671875 0.5409375 0.184375 0.4690625 0.184375 0.4690625 0.2060416671875 0.5409375 0.2060416671875
1 0.46359374999999997 0.2422916671875 0.46359374999999997 0.225 0.39296875 0.225 0.39296875 0.2422916671875 0.46359374999999997 0.2422916671875
1 0.5403125 0.2422916671875 0.5403125 0.21875 0.46828125 0.21875 0.46828125 0.2422916671875 0.5403125 0.2422916671875
1 0.536875 0.3210416671875 0.536875 0.2983333328125 0.46281249999999996 0.2983333328125 0.46281249999999996 0.3210416671875 0.536875 0.3210416671875
1 0.61015625 0.3272916671875 0.61015625 0.3020833328125 0.536875 0.3020833328125 0.536875 0.3272916671875 0.61015625 0.3272916671875
1 0.46078125 0.36 0.46078125 0.33645833281250004 0.38687499999999997 0.33645833281250004 0.38687499999999997 0.36 0.46078125 0.36
1 0.5334375 0.3616666671875 0.5334375 0.33999999999999997 0.46218750000000003 0.33999999999999997 0.46218750000000003 0.3616666671875 0.5334375 0.3616666671875
1 0.6115625 0.36625 0.6115625 0.34541666718749997 0.536875 0.34541666718749997 0.536875 0.36625 0.6115625 0.36625
1 0.45953125000000006 0.39875 0.45953125000000006 0.374375 0.38484375000000004 0.374375 0.38484375000000004 0.39875 0.45953125000000006 0.39875
1 0.5354687499999999 0.4014583328125 0.5354687499999999 0.37625000000000003 0.46015625 0.37625000000000003 0.46015625 0.4014583328125 0.5354687499999999 0.4014583328125
1 0.60609375 0.4014583328125 0.60609375 0.38166666718750003 0.5354687499999999 0.38166666718750003 0.5354687499999999 0.4014583328125 0.60609375 0.4014583328125
1 0.6909375 0.40520833281249996 0.6909375 0.3852083328125 0.61625 0.3852083328125 0.61625 0.40520833281249996 0.6909375 0.40520833281249996
1 0.764375 0.38708333281249996 0.764375 0.368125 0.7146874999999999 0.368125 0.7146874999999999 0.38708333281249996 0.764375 0.38708333281249996
1 0.756875 0.42416666718749996 0.756875 0.4114583328125 0.7059375 0.4114583328125 0.7059375 0.42416666718749996 0.756875 0.42416666718749996
1 0.45062499999999994 0.5110416671875 0.45062499999999994 0.49124999999999996 0.38078124999999996 0.49124999999999996 0.38078124999999996 0.5110416671875 0.45062499999999994 0.5110416671875
1 0.528125 0.51375 0.528125 0.489375 0.45406250000000004 0.489375 0.45406250000000004 0.51375 0.528125 0.51375
1 0.45265625 0.548125 0.45265625 0.5291666671875 0.3834375 0.5291666671875 0.3834375 0.548125 0.45265625 0.548125
1 0.52734375 0.5527083328125 0.52734375 0.531875 0.45140624999999995 0.531875 0.45140624999999995 0.5527083328125 0.52734375 0.5527083328125
1 0.9928125 0.49916666718749997 0.9928125 0.3589583328125 0.8057812500000001 0.3589583328125 0.8057812500000001 0.49916666718749997 0.9928125 0.49916666718749997
4 0.11640625 0.675 0.11640625 0.5364583328125 0.001875 0.5364583328125 0.001875 0.675 0.11640625 0.675
1 0.9962500000000001 0.691875 0.9962500000000001 0.5037499999999999 0.8146875 0.5037499999999999 0.8146875 0.691875 0.9962500000000001 0.691875
1 0.9917187500000001 0.9233333328125 0.9917187500000001 0.6470833328125 0.828125 0.6470833328125 0.828125 0.9233333328125 0.9917187500000001 0.9233333328125
1 0.985 0.990625 0.985 0.74875 0.8035937499999999 0.74875 0.8035937499999999 0.990625 0.985 0.990625
1 0.99390625 0.3483333328125 0.99390625 0.1483333328125 0.8146875 0.1483333328125 0.8146875 0.3483333328125 0.99390625 0.3483333328125
1 0.8114062499999999 0.0154166671875 0.8114062499999999 0.22291666718749997 0.9928125 0.22291666718749997 0.9928125 0.0154166671875 0.8114062499999999 0.0154166671875
4 0.61421875 0.23937499999999998 0.61421875 0.13625 0.54140625 0.13625 0.54140625 0.23937499999999998 0.61421875 0.23937499999999998
3 0.048593750000000005 0.3410416671875 0.048593750000000005 0.3170833328125 0.01046875 0.3170833328125 0.01046875 0.3410416671875 0.048593750000000005 0.3410416671875