1 0.7949479171875 0.0924074078125 0.7949479171875 0.2459259265625 0.9984895828125 0.2459259265625 0.9984895828125 0.0924074078125 0.7949479171875 0.0924074078125
1 0.9984895828125 0.8446296296875 0.9984895828125 0.70444444375 0.7885416671875001 0.70444444375 0.7885416671875001 0.8446296296875 0.9984895828125 0.8446296296875
1 0.9995833328125 0.9715740734375 0.9995833328125 0.789722221875 0.7853125000000001 0.789722221875 0.7853125000000001 0.9715740734375 0.9995833328125 0.9715740734375
4 0.7394270828125 0.5711111109375 0.7394270828125 0.41861111093750003 0.5324479171875 0.41861111093750003 0.5324479171875 0.5711111109375 0.7394270828125 0.5711111109375
4 0.6903645828125 0.773703703125 0.6903645828125 0.564722221875 0.53390625 0.564722221875 0.53390625 0.773703703125 0.6903645828125 0.773703703125
4 0.5627604171875 0.694259259375 0.5627604171875 0.4199074078125 0.4761979171875 0.4199074078125 0.4761979171875 0.694259259375 0.5627604171875 0.694259259375
4 0.4805208328125 0.65444444375 0.4805208328125 0.4199074078125 0.4257291671875 0.4199074078125 0.4257291671875 0.65444444375 0.4805208328125 0.65444444375
4 0.5360416671875 0.1288888890625 0.5360416671875 0.3134259265625 0.8079166671875001 0.3134259265625 0.8079166671875001 0.1288888890625 0.5360416671875 0.1288888890625
4 0.6636979171874999 0.3326851859375 0.6636979171874999 0.0416666671875 0.490625 0.0416666671875 0.490625 0.3326851859375 0.6636979171874999 0.3326851859375
4 0.49927083281250006 0.36472222187500003 0.49927083281250006 0.10444444374999999 0.43583333281250003 0.10444444374999999 0.43583333281250003 0.36472222187500003 0.49927083281250006 0.36472222187500003
3 0.4334895828125 0.9705555562500001 0.4334895828125 0.757777778125 0.2984375 0.757777778125 0.2984375 0.9705555562500001 0.4334895828125 0.9705555562500001
3 0.4488020828125 0.9950925921874999 0.4488020828125 0.9350925921875 0.3168229171875 0.9350925921875 0.3168229171875 0.9950925921874999 0.4488020828125 0.9950925921874999
3 0.31375000000000003 0.9978703703124999 0.31375000000000003 0.883240740625 0.1234375 0.883240740625 0.1234375 0.9978703703124999 0.31375000000000003 0.9978703703124999
3 0.1265104171875 0.9950925921874999 0.1265104171875 0.9624074078125 0.00375 0.9624074078125 0.00375 0.9950925921874999 0.1265104171875 0.9950925921874999
3 0.0021874999999999998 0.8559259265625 0.0021874999999999998 0.9732407406249999 0.1219270828125 0.9732407406249999 0.1219270828125 0.8559259265625 0.0021874999999999998 0.8559259265625
3 0.0006770828125000001 0.7004629625 0.0006770828125000001 0.8859259265625001 0.1295833328125 0.8859259265625001 0.1295833328125 0.7004629625 0.0006770828125000001 0.7004629625
3 0.0021874999999999998 0.53398148125 0.0021874999999999998 0.7004629625 0.1311458328125 0.7004629625 0.1311458328125 0.53398148125 0.0021874999999999998 0.53398148125
3 0 0.5503703703125 0.1357291671875 0.5503703703125 0.1357291671875 0.37305555625000003 0 0.37305555625000003 0 0.5503703703125
3 0.1433854171875 0.37305555625000003 0.1433854171875 0.2284259265625 0.00375 0.2284259265625 0.00375 0.37305555625000003 0.1433854171875 0.37305555625000003
3 0.00375 0.0674074078125 0.00375 0.2420370375 0.141875 0.2420370375 0.141875 0.0674074078125 0.00375 0.0674074078125
3 0.0021874999999999998 0.0019444437500000002 0.0021874999999999998 0.0865740734375 0.14953125 0.0865740734375 0.14953125 0.0019444437500000002 0.0021874999999999998 0.0019444437500000002
3 0.33369791718749997 0.1684259265625 0.33369791718749997 0.0183333328125 0.1433854171875 0.0183333328125 0.1433854171875 0.1684259265625 0.33369791718749997 0.1684259265625
3 0.3091666671875 0.2529629625 0.3091666671875 0.154722221875 0.1480208328125 0.154722221875 0.1480208328125 0.2529629625 0.3091666671875 0.2529629625
3 0.3122395828125 0.3538888890625 0.3122395828125 0.25574074062499996 0.1449479171875 0.25574074062499996 0.1449479171875 0.3538888890625 0.3122395828125 0.3538888890625
3 0.30609375 0.4658333328125 0.30609375 0.3538888890625 0.13265625 0.3538888890625 0.13265625 0.4658333328125 0.30609375 0.4658333328125
3 0.3183854171875 0.5776851859375001 0.3183854171875 0.4658333328125 0.13421875 0.4658333328125 0.13421875 0.5776851859375001 0.3183854171875 0.5776851859375001
3 0.3183854171875 0.7059259265625 0.3183854171875 0.5749074078125 0.1280729171875 0.5749074078125 0.1280729171875 0.7059259265625 0.3183854171875 0.7059259265625
3 0.32145833281249997 0.7904629625 0.32145833281249997 0.6786111109374999 0.1388020828125 0.6786111109374999 0.1388020828125 0.7904629625 0.32145833281249997 0.7904629625
3 0.32145833281249997 0.9296296296875 0.32145833281249997 0.7631481484375 0.1203645828125 0.7631481484375 0.1203645828125 0.9296296296875 0.32145833281249997 0.9296296296875
3 0.29072916718749997 0.0019444437500000002 0.29072916718749997 0.10833333281249999 0.42734375 0.10833333281249999 0.42734375 0.0019444437500000002 0.29072916718749997 0.0019444437500000002
3 0.41963541718749997 0.1765740734375 0.41963541718749997 0.094722221875 0.296875 0.094722221875 0.296875 0.1765740734375 0.41963541718749997 0.1765740734375
3 0.41963541718749997 0.2448148140625 0.41963541718749997 0.1765740734375 0.2999479171875 0.1765740734375 0.2999479171875 0.2448148140625 0.41963541718749997 0.2448148140625
3 0.4211979171875 0.321203703125 0.4211979171875 0.2448148140625 0.3014583328125 0.2448148140625 0.3014583328125 0.321203703125 0.4211979171875 0.321203703125
3 0.4211979171875 0.37851851875000003 0.4211979171875 0.321203703125 0.30302083281250003 0.321203703125 0.30302083281250003 0.37851851875000003 0.4211979171875 0.37851851875000003
3 0.4135416671875 0.4658333328125 0.4135416671875 0.37851851875000003 0.30302083281250003 0.37851851875000003 0.30302083281250003 0.4658333328125 0.4135416671875 0.4658333328125
3 0.4135416671875 0.536759259375 0.4135416671875 0.4658333328125 0.2953645828125 0.4658333328125 0.2953645828125 0.536759259375 0.4135416671875 0.536759259375
3 0.4150520828125 0.6186111109375 0.4150520828125 0.536759259375 0.2922916671875 0.536759259375 0.2922916671875 0.6186111109375 0.4150520828125 0.6186111109375
3 0.4150520828125 0.6950000000000001 0.4150520828125 0.602222221875 0.2738541671875 0.602222221875 0.2738541671875 0.6950000000000001 0.4150520828125 0.6950000000000001
3 0.40484375000000006 0.7823148140625 0.40484375000000006 0.682222221875 0.2782291671875 0.682222221875 0.2782291671875 0.7823148140625 0.40484375000000006 0.7823148140625