1 0.9988020828125 0.6324074078125 0.9988020828125 0.5525925921875 0.7035416671875 0.5525925921875 0.7035416671875 0.6324074078125 0.9988020828125 0.6324074078125
1 0.9975520828125 0.7574074078125 0.9975520828125 0.6619444437500001 0.7072395828125 0.6619444437500001 0.7072395828125 0.7574074078125 0.9975520828125 0.7574074078125
1 0.7046875 0.60055555625 0.7046875 0.5391666671875 0.6547916671875 0.5391666671875 0.6547916671875 0.60055555625 0.7046875 0.60055555625
1 0.7084895828125 0.714259259375 0.7084895828125 0.6278703703125 0.65734375 0.6278703703125 0.65734375 0.714259259375 0.7084895828125 0.714259259375
1 0.7122395828125 0.33101851875 0.7122395828125 0.2546296296875 0.65890625 0.2546296296875 0.65890625 0.33101851875 0.7122395828125 0.33101851875
1 0.79734375 0.32444444375 0.79734375 0.2178703703125 0.7114583328124999 0.2178703703125 0.7114583328124999 0.32444444375 0.79734375 0.32444444375
1 0.7114583328124999 0.2454629625 0.7114583328124999 0.1573148140625 0.6604166671875 0.1573148140625 0.6604166671875 0.2454629625 0.7114583328124999 0.2454629625
1 0.7884375 0.19805555625 0.7884375 0.09148148125 0.71 0.09148148125 0.71 0.19805555625 0.7884375 0.19805555625
1 0.7909375 0.15601851875 0.7909375 0.2734259265625 0.9081770828125 0.2734259265625 0.9081770828125 0.15601851875 0.7909375 0.15601851875
1 0.9060416671875 0.0801851859375 0.9060416671875 0.2109259265625 0.9998437499999999 0.2109259265625 0.9998437499999999 0.0801851859375 0.9060416671875 0.0801851859375
1 0.7920833328125 0.0040740734375 0.7920833328125 0.14055555625 0.91640625 0.14055555625 0.91640625 0.0040740734375 0.7920833328125 0.0040740734375
1 0.7030729171875 0.0040740734375 0.7030729171875 0.10231481406250001 0.7859375 0.10231481406250001 0.7859375 0.0040740734375 0.7030729171875 0.0040740734375
4 0.0016666671875 0.49296296249999993 0.0016666671875 0.7339814812500001 0.1625 0.7339814812500001 0.1625 0.49296296249999993 0.0016666671875 0.49296296249999993
3 0.3897395828125 0.373703703125 0.3897395828125 0.326296296875 0.34828125 0.326296296875 0.34828125 0.373703703125 0.3897395828125 0.373703703125