1 0.48875 0.11229166718750001 0.48875 0.0822916671875 0.39984375 0.0822916671875 0.39984375 0.11229166718750001 0.48875 0.11229166718750001
1 0.57484375 0.1147916671875 0.57484375 0.0810416671875 0.48687500000000006 0.0810416671875 0.48687500000000006 0.1147916671875 0.57484375 0.1147916671875
1 0.40078125 0.1616666671875 0.40078125 0.134375 0.306875 0.134375 0.306875 0.1616666671875 0.40078125 0.1616666671875
1 0.48968749999999994 0.1591666671875 0.48968749999999994 0.133125 0.39984375 0.133125 0.39984375 0.1591666671875 0.48968749999999994 0.1591666671875
1 0.5767187500000001 0.1604166671875 0.5767187500000001 0.135625 0.48968749999999994 0.135625 0.48968749999999994 0.1604166671875 0.5767187500000001 0.1604166671875
1 0.40078125 0.21000000000000002 0.40078125 0.1775 0.30984375000000003 0.1775 0.30984375000000003 0.21000000000000002 0.40078125 0.21000000000000002
1 0.48968749999999994 0.2060416671875 0.48968749999999994 0.18125 0.40265625 0.18125 0.40265625 0.2060416671875 0.48968749999999994 0.2060416671875
1 0.5728125000000001 0.20729166718749997 0.5728125000000001 0.18 0.48875 0.18 0.48875 0.20729166718749997 0.5728125000000001 0.20729166718749997
1 0.6598437500000001 0.2060416671875 0.6598437500000001 0.18125 0.5796875 0.18125 0.5796875 0.2060416671875 0.6598437500000001 0.2060416671875
1 0.39875 0.3404166671875 0.39875 0.31416666718749997 0.311875 0.31416666718749997 0.311875 0.3404166671875 0.39875 0.3404166671875
1 0.48687500000000006 0.3404166671875 0.48687500000000006 0.30895833281249996 0.4046875 0.30895833281249996 0.4046875 0.3404166671875 0.48687500000000006 0.3404166671875
1 0.40078125 0.3897916671875 0.40078125 0.3625 0.31765625000000003 0.3625 0.31765625000000003 0.3897916671875 0.40078125 0.3897916671875
1 0.48484375 0.3860416671875 0.48484375 0.3597916671875 0.40265625 0.3597916671875 0.40265625 0.3860416671875 0.48484375 0.3860416671875
1 0.8006249999999999 0.1004166671875 0.8006249999999999 0.0014583328125 0.693125 0.0014583328125 0.693125 0.1004166671875 0.8006249999999999 0.1004166671875
1 0.6910937500000001 0.135625 0.6910937500000001 0.05625 0.6481250000000001 0.05625 0.6481250000000001 0.135625 0.6910937500000001 0.135625
1 0.76046875 0.30375 0.76046875 0.2504166671875 0.69703125 0.2504166671875 0.69703125 0.30375 0.76046875 0.30375
1 0.6959375 0.3077083328125 0.6959375 0.26729166718749997 0.64515625 0.26729166718749997 0.64515625 0.3077083328125 0.6959375 0.3077083328125
1 0.8739062499999999 0.3325 0.8739062499999999 0.27770833281249996 0.75265625 0.27770833281249996 0.75265625 0.3325 0.8739062499999999 0.3325
1 0.83671875 0.5254166671875 0.83671875 0.45625 0.74296875 0.45625 0.74296875 0.5254166671875 0.83671875 0.5254166671875
1 0.75953125 0.4877083328125 0.75953125 0.44458333281250006 0.69984375 0.44458333281250006 0.69984375 0.4877083328125 0.75953125 0.4877083328125
1 0.70375 0.47458333281250004 0.70375 0.43541666718750005 0.6520312500000001 0.43541666718750005 0.6520312500000001 0.47458333281250004 0.70375 0.47458333281250004
1 0.6471875 0.39125 0.6471875 0.35208333281250004 0.60609375 0.35208333281250004 0.60609375 0.39125 0.6471875 0.39125
1 0.64515625 0.45104166718750005 0.64515625 0.4172916671875 0.6109375 0.4172916671875 0.6109375 0.45104166718750005 0.64515625 0.45104166718750005
1 0.057499999999999996 0.246875 0.057499999999999996 0.1991666671875 0.00046875 0.1991666671875 0.00046875 0.246875 0.057499999999999996 0.246875
4 0.02734375 0.3514583328125 0.02734375 0.4858333328125 0.06875 0.4858333328125 0.06875 0.3514583328125 0.02734375 0.3514583328125
1 0.9949999999999999 0.5635416671875 0.9949999999999999 0.491875 0.92109375 0.491875 0.92109375 0.5635416671875 0.9949999999999999 0.5635416671875
1 0.9984375 0.48875 0.9984375 0.42458333281250005 0.914375 0.42458333281250005 0.914375 0.48875 0.9984375 0.48875
1 0.9928125 0.4185416671875 0.9928125 0.3572916671875 0.9154687499999999 0.3572916671875 0.9154687499999999 0.4185416671875 0.9928125 0.4185416671875
1 0.99390625 0.35583333281249996 0.99390625 0.2870833328125 0.9178124999999999 0.2870833328125 0.9178124999999999 0.35583333281249996 0.99390625 0.35583333281249996
1 0.9917187500000001 0.2841666671875 0.9917187500000001 0.2095833328125 0.9121874999999999 0.2095833328125 0.9121874999999999 0.2841666671875 0.9917187500000001 0.2841666671875
1 0.99734375 0.20812499999999998 0.99734375 0.1258333328125 0.91671875 0.1258333328125 0.91671875 0.20812499999999998 0.99734375 0.20812499999999998
1 0.9962500000000001 0.1183333328125 0.9962500000000001 0.055625 0.91890625 0.055625 0.91890625 0.1183333328125 0.9962500000000001 0.1183333328125
1 0.99734375 0.05125 0.99734375 0.0064583328125 0.9223437499999999 0.0064583328125 0.9223437499999999 0.05125 0.99734375 0.05125