2 0.7798437500000001 0.4702083328125 0.7798437500000001 0.20416666718749998 0.6995312499999999 0.20416666718749998 0.6995312499999999 0.4702083328125 0.7798437500000001 0.4702083328125
2 0.26109375 0.6127083328125 0.26109375 0.057499999999999996 0.0653125 0.057499999999999996 0.0653125 0.6127083328125 0.26109375 0.6127083328125
1 0.21359374999999997 0.47854166718749996 0.21359374999999997 0.5539583328125001 0.3225 0.5539583328125001 0.3225 0.47854166718749996 0.21359374999999997 0.47854166718749996
1 0.7409375 0.4022916671875 0.7409375 0.4302083328125 0.83515625 0.4302083328125 0.83515625 0.4022916671875 0.7409375 0.4022916671875
1 0.9571875000000001 0.40041666718749996 0.9571875000000001 0.43479166718749995 0.99765625 0.43479166718749995 0.99765625 0.40041666718749996 0.9571875000000001 0.40041666718749996
1 0.9565625000000001 0.2320833328125 0.9565625000000001 0.26187499999999997 0.99703125 0.26187499999999997 0.99703125 0.2320833328125 0.9565625000000001 0.2320833328125
1 0.8659375 0.418125 0.8659375 0.2525 0.8359375 0.2525 0.8359375 0.418125 0.8659375 0.418125
1 0 0.5520833328125 0.12578125 0.5520833328125 0.12578125 0.4739583328125 0 0.4739583328125 0 0.5520833328125
1 0 0.625625 0.10484374999999999 0.625625 0.10484374999999999 0.5325 0 0.5325 0 0.625625
4 0.50203125 0.25375000000000003 0.50203125 0.47416666718749995 0.71484375 0.47416666718749995 0.71484375 0.25375000000000003 0.50203125 0.25375000000000003
4 0.71484375 0.263125 0.71484375 0.0427083328125 0.5009375 0.0427083328125 0.5009375 0.263125 0.71484375 0.263125
4 0.46046875 0.2802083328125 0.46046875 0.46770833281249996 0.5009375 0.46770833281249996 0.5009375 0.2802083328125 0.46046875 0.2802083328125
4 0.4653125 0.1785416671875 0.4653125 0.27625 0.5 0.27625 0.5 0.1785416671875 0.4653125 0.1785416671875
4 0.464375 0.5045833328125 0.464375 0.3608333328125 0.22875 0.3608333328125 0.22875 0.5045833328125 0.464375 0.5045833328125
4 0.22078125 0.25375000000000003 0.22078125 0.36604166718750003 0.46234374999999994 0.36604166718750003 0.46234374999999994 0.25375000000000003 0.22078125 0.25375000000000003
4 0.21984374999999998 0.13625 0.21984374999999998 0.265625 0.46343750000000006 0.265625 0.46343750000000006 0.13625 0.21984374999999998 0.13625
4 0.216875 0.029375000000000002 0.216875 0.15875 0.459375 0.15875 0.459375 0.029375000000000002 0.216875 0.029375000000000002
4 0.21593749999999998 0.0016666671875 0.21593749999999998 0.0466666671875 0.46046875 0.0466666671875 0.46046875 0.0016666671875 0.21593749999999998 0.0016666671875
4 0.86625 0.2972916671875 0.86625 0.42270833281250003 0.95734375 0.42270833281250003 0.95734375 0.2972916671875 0.86625 0.2972916671875
4 0.8573437500000001 0.1760416671875 0.8573437500000001 0.3 0.95828125 0.3 0.95828125 0.1760416671875 0.8573437500000001 0.1760416671875