1 0.9685937499999999 0.7295833328125 0.9685937499999999 0.625 0.70078125 0.625 0.70078125 0.7295833328125 0.9685937499999999 0.7295833328125
1 0.9959374999999999 0.7022916671874999 0.9959374999999999 0.6408333328125 0.9737500000000001 0.6408333328125 0.9737500000000001 0.7022916671874999 0.9959374999999999 0.7022916671874999
1 0.9071875 0.4204166671875 0.9071875 0.38166666718750003 0.7759375000000001 0.38166666718750003 0.7759375000000001 0.4204166671875 0.9071875 0.4204166671875
1 0.9907812500000001 0.45895833281250004 0.9907812500000001 0.4339583328125 0.93453125 0.4339583328125 0.93453125 0.45895833281250004 0.9907812500000001 0.45895833281250004
1 0.31890625 0.4408333328125 0.31890625 0.2497916671875 0.006875000000000001 0.2497916671875 0.006875000000000001 0.4408333328125 0.31890625 0.4408333328125
1 0.3103125 0.9022916671875001 0.3103125 0.7227083328125 0.0017187500000000002 0.7227083328125 0.0017187500000000002 0.9022916671875001 0.3103125 0.9022916671875001
1 0.52515625 0.8364583328125 0.52515625 0.7068749999999999 0.30015625 0.7068749999999999 0.30015625 0.8364583328125 0.52515625 0.8364583328125
1 0.551875 0.6883333328125001 0.551875 0.7379166671874999 0.66015625 0.7379166671874999 0.66015625 0.6883333328125001 0.551875 0.6883333328125001
1 0.551875 0.6322916671875001 0.551875 0.6883333328125001 0.66359375 0.6883333328125001 0.66359375 0.6322916671875001 0.551875 0.6322916671875001
1 0.52625 0.5616666671874999 0.52625 0.6322916671875001 0.66359375 0.6322916671875001 0.66359375 0.5616666671874999 0.52625 0.5616666671874999
1 0.525625 0.495 0.525625 0.5818749999999999 0.6659375 0.5818749999999999 0.6659375 0.495 0.525625 0.495
1 0.5349999999999999 0.43208333281250005 0.5349999999999999 0.5291666671875 0.670625 0.5291666671875 0.670625 0.43208333281250005 0.5349999999999999 0.43208333281250005
1 0.533125 0.3754166671875 0.533125 0.4716666671875 0.6753125 0.4716666671875 0.6753125 0.3754166671875 0.533125 0.3754166671875
1 0.4184375 0.328125 0.4184375 0.418125 0.6753125 0.418125 0.6753125 0.328125 0.4184375 0.328125
1 0.33703125 0.2760416671875 0.33703125 0.3466666671875 0.6799999999999999 0.3466666671875 0.6799999999999999 0.2760416671875 0.33703125 0.2760416671875
1 0.39453125 0.2316666671875 0.39453125 0.2945833328125 0.6828125 0.2945833328125 0.6828125 0.2316666671875 0.39453125 0.2316666671875
1 0.8846875000000001 0.255 0.8846875000000001 0.23104166718750002 0.8279687499999999 0.23104166718750002 0.8279687499999999 0.255 0.8846875000000001 0.255
1 0.5496875 0.13729166718750002 0.5496875 0.2372916671875 0.6790625 0.2372916671875 0.6790625 0.13729166718750002 0.5496875 0.13729166718750002