1 0.9581250000000001 0.423703703125 0.9581250000000001 0.26842592656250003 0.7967708328125 0.26842592656250003 0.7967708328125 0.423703703125 0.9581250000000001 0.423703703125
1 0.8027083328125 0.4328703703125 0.8027083328125 0.326296296875 0.70796875 0.326296296875 0.70796875 0.4328703703125 0.8027083328125 0.4328703703125
1 0.7109375 0.4341666671875 0.7109375 0.35657407343749997 0.66578125 0.35657407343749997 0.66578125 0.4341666671875 0.7109375 0.4341666671875
1 0.6598437500000001 0.43685185156250006 0.6598437500000001 0.37898148125 0.6132291671875 0.37898148125 0.6132291671875 0.43685185156250006 0.6598437500000001 0.43685185156250006
1 0.6169270828125 0.44472222187500005 0.6169270828125 0.3921296296875 0.5977083328125 0.3921296296875 0.5977083328125 0.44472222187500005 0.6169270828125 0.44472222187500005
1 0.6014062499999999 0.44601851875 0.6014062499999999 0.401296296875 0.5784374999999999 0.401296296875 0.5784374999999999 0.44601851875 0.6014062499999999 0.44601851875
1 0.5784374999999999 0.44870370312499996 0.5784374999999999 0.4078703703125 0.55921875 0.4078703703125 0.55921875 0.44870370312499996 0.5784374999999999 0.44870370312499996
1 0.5794791671875 0.1986111109375 0.5794791671875 0.117222221875 0.56578125 0.117222221875 0.56578125 0.1986111109375 0.5794791671875 0.1986111109375
1 0.5661979171875 0.21925925937500002 0.5661979171875 0.15527777812500002 0.5559375 0.15527777812500002 0.5559375 0.21925925937500002 0.5661979171875 0.21925925937500002
1 0.57859375 0.0974074078125 0.57859375 0.16138888906249999 0.6021875 0.16138888906249999 0.6021875 0.0974074078125 0.57859375 0.0974074078125
1 0.5619270828125 0.24962962968750002 0.5619270828125 0.204722221875 0.545625 0.204722221875 0.545625 0.24962962968750002 0.5619270828125 0.24962962968750002
1 0.5486458328125 0.27324074062500003 0.5486458328125 0.2299074078125 0.5404687499999999 0.2299074078125 0.5404687499999999 0.27324074062500003 0.5486458328125 0.27324074062500003
1 0.5602083328125 0.445277778125 0.5602083328125 0.42629629687500004 0.5530729171875 0.42629629687500004 0.5530729171875 0.445277778125 0.5602083328125 0.445277778125
1 0.5530729171875 0.4500925921875 0.5530729171875 0.4278703703125 0.5415104171875 0.4278703703125 0.5415104171875 0.4500925921875 0.5530729171875 0.4500925921875
1 0.54296875 0.45222222187499994 0.54296875 0.42944444375 0.5358333328125 0.42944444375 0.5358333328125 0.45222222187499994 0.54296875 0.45222222187499994
1 0.5364583328125 0.4500925921875 0.5364583328125 0.43370370312500006 0.5290104171875 0.43370370312500006 0.5290104171875 0.4500925921875 0.5364583328125 0.4500925921875
1 0.5358333328125 0.434722221875 0.5358333328125 0.41777777812499994 0.53078125 0.41777777812499994 0.53078125 0.434722221875 0.5358333328125 0.434722221875
1 0.5426562500000001 0.4321296296875 0.5426562500000001 0.41518518593750003 0.5361458328125 0.41518518593750003 0.5361458328125 0.4321296296875 0.5426562500000001 0.4321296296875
1 0.58703125 0.6574074078125001 0.58703125 0.6213888890625 0.5701041671875 0.6213888890625 0.5701041671875 0.6574074078125001 0.58703125 0.6574074078125001
1 0.5519270828125 0.5854629625000001 0.5519270828125 0.56601851875 0.5444791671875 0.56601851875 0.5444791671875 0.5854629625000001 0.5519270828125 0.5854629625000001
1 0.1953125 0.894259259375 0.1953125 0.7654629625 0.13244791718749999 0.7654629625 0.13244791718749999 0.894259259375 0.1953125 0.894259259375
1 0.24859375 0.7825 0.24859375 0.7066666671874999 0.20598958281250002 0.7066666671874999 0.20598958281250002 0.7825 0.24859375 0.7825
1 0.29125 0.7446296296875 0.29125 0.670740740625 0.24432291718750002 0.670740740625 0.24432291718750002 0.7446296296875 0.29125 0.7446296296875
1 0.24114583281250002 0.6403703703125 0.24114583281250002 0.5740740734374999 0.20916666718750002 0.5740740734374999 0.20916666718750002 0.6403703703125 0.24114583281250002 0.6403703703125
1 0.3356770828125 0.6659259265624999 0.3356770828125 0.6184259265625001 0.3110416671875 0.6184259265625001 0.3110416671875 0.6659259265624999 0.3356770828125 0.6659259265624999
1 0.3485416671875 0.64398148125 0.3485416671875 0.604722221875 0.3320833328125 0.604722221875 0.3320833328125 0.64398148125 0.3485416671875 0.64398148125
1 0.34187500000000004 0.5673148140625 0.34187500000000004 0.5316666671875 0.3141145828125 0.5316666671875 0.3141145828125 0.5673148140625 0.34187500000000004 0.5673148140625
1 0.3732291671875 0.6111111109375 0.3732291671875 0.5754629625 0.3608854171875 0.5754629625 0.3608854171875 0.6111111109375 0.3732291671875 0.6111111109375
1 0.3557291671875 0.6184259265625001 0.3557291671875 0.58555555625 0.3413541671875 0.58555555625 0.3413541671875 0.6184259265625001 0.3557291671875 0.6184259265625001
1 0.3711458328125 0.5398148140625 0.3711458328125 0.5124074078125 0.35625 0.5124074078125 0.35625 0.5398148140625 0.3711458328125 0.5398148140625
1 0.3819270828125 0.5581481484374999 0.3819270828125 0.5334259265625 0.36552083281250003 0.5334259265625 0.36552083281250003 0.5581481484374999 0.3819270828125 0.5581481484374999
1 0.3300520828125 0.34342592656250004 0.3300520828125 0.3781481484375 0.34802083281249996 0.3781481484375 0.34802083281249996 0.34342592656250004 0.3300520828125 0.34342592656250004
1 0.35625 0.36990740781250003 0.35625 0.39 0.36859375 0.39 0.36859375 0.36990740781250003 0.35625 0.36990740781250003
1 0.34802083281249996 0.21916666718750002 0.34802083281249996 0.249259259375 0.36703125000000003 0.249259259375 0.36703125000000003 0.21916666718750002 0.34802083281249996 0.21916666718750002
1 0.365 0.23555555625000002 0.365 0.271203703125 0.37734375 0.271203703125 0.37734375 0.23555555625000002 0.365 0.23555555625000002
1 0.31 0.3324074078125 0.31 0.36805555624999997 0.333125 0.36805555624999997 0.333125 0.3324074078125 0.31 0.3324074078125
1 0.28890625000000003 0.3113888890625 0.28890625000000003 0.35805555624999996 0.3115104171875 0.35805555624999996 0.3115104171875 0.3113888890625 0.28890625000000003 0.3113888890625
1 0.2539583328125 0.27851851875 0.2539583328125 0.3406481484375 0.2883854171875 0.3406481484375 0.2883854171875 0.27851851875 0.2539583328125 0.27851851875
1 0.21078125 0.2511111109375 0.21078125 0.31509259218749996 0.2534375 0.31509259218749996 0.2534375 0.2511111109375 0.21078125 0.2511111109375
1 0.34598958281250003 0.35648148125 0.34598958281250003 0.38074074062499996 0.35609375 0.38074074062499996 0.35609375 0.35648148125 0.34598958281250003 0.35648148125
1 0.3778125 0.3818518515625 0.3778125 0.40083333281250005 0.3849479171875 0.40083333281250005 0.3849479171875 0.3818518515625 0.3778125 0.3818518515625
1 0.36828125 0.375 0.36828125 0.39509259218750004 0.378125 0.39509259218750004 0.378125 0.375 0.36828125 0.375
1 0.1338541671875 0.18111111093750001 0.1338541671875 0.28851851875 0.2049479171875 0.28851851875 0.2049479171875 0.18111111093750001 0.1338541671875 0.18111111093750001
1 0.0221875 0.10398148125 0.0221875 0.24722222187499998 0.1308854171875 0.24722222187499998 0.1308854171875 0.10398148125 0.0221875 0.10398148125
4 0.9983333328124999 0.99555555625 0.9983333328124999 0.5173148140625 0.8295833328125 0.5173148140625 0.8295833328125 0.99555555625 0.9983333328124999 0.99555555625
4 0.8273958328125 0.996759259375 0.8273958328125 0.50194444375 0.7199479171875 0.50194444375 0.7199479171875 0.996759259375 0.8273958328125 0.996759259375
4 0.7300520828125 0.9186111109375 0.7300520828125 0.4865740734375 0.6773958328125 0.4865740734375 0.6773958328125 0.9186111109375 0.7300520828125 0.9186111109375
4 0.6773958328125 0.8199074078124999 0.6773958328125 0.4800925921875 0.62765625 0.4800925921875 0.62765625 0.8199074078124999 0.6773958328125 0.8199074078124999
4 0.6297916671875 0.7390740734375 0.6297916671875 0.47240740781249996 0.6002604171875 0.47240740781249996 0.6002604171875 0.7390740734375 0.6297916671875 0.7390740734375
4 0.6053124999999999 0.6865740734375 0.6053124999999999 0.4711111109375 0.5865625 0.4711111109375 0.5865625 0.6865740734375 0.6053124999999999 0.6865740734375
4 0.58796875 0.626296296875 0.58796875 0.4699074078125 0.5577083328125 0.4699074078125 0.5577083328125 0.626296296875 0.58796875 0.626296296875
4 0.5569791671875 0.6173148140625 0.5569791671875 0.4686111109375 0.5483333328125 0.4686111109375 0.5483333328125 0.6173148140625 0.5569791671875 0.6173148140625
4 0.31609375 0.69805555625 0.31609375 0.47888888906249993 0.2360416671875 0.47888888906249993 0.2360416671875 0.69805555625 0.31609375 0.69805555625
3 0.1506770828125 0.44472222187500005 0.1506770828125 0.3025925921875 0.0840625 0.3025925921875 0.0840625 0.44472222187500005 0.1506770828125 0.44472222187500005
3 0.18395833281250001 0.44472222187500005 0.18395833281250001 0.32370370312499996 0.1484375 0.32370370312499996 0.1484375 0.44472222187500005 0.18395833281250001 0.44472222187500005
3 0.25354166718750004 0.4421296296875 0.25354166718750004 0.35398148125 0.2165104171875 0.35398148125 0.2165104171875 0.4421296296875 0.25354166718750004 0.4421296296875
3 0.3253125 0.44601851875 0.3253125 0.3815740734375 0.3045833328125 0.3815740734375 0.3045833328125 0.44601851875 0.3253125 0.44601851875
1 0.306875 0.1298148140625 0.306875 0.06629629687500001 0.2830729171875 0.06629629687500001 0.2830729171875 0.1298148140625 0.306875 0.1298148140625
1 0.3297395828125 0.1721296296875 0.3297395828125 0.1151851859375 0.3077604171875 0.1151851859375 0.3077604171875 0.1721296296875 0.3297395828125 0.1721296296875
1 0.6171875 0.11194444374999998 0.6171875 0.0159259265625 0.5888020828125 0.0159259265625 0.5888020828125 0.11194444374999998 0.6171875 0.11194444374999998
1 0.43901041718749995 0.5246296296875 0.43901041718749995 0.5146296296874999 0.41197916718750005 0.5146296296874999 0.41197916718750005 0.5246296296875 0.43901041718749995 0.5246296296875
1 0.468125 0.521759259375 0.468125 0.5093518515625 0.44166666718750003 0.5093518515625 0.44166666718750003 0.521759259375 0.468125 0.521759259375
1 0.5002083328125 0.5201851859375 0.5002083328125 0.5088888890625001 0.47093749999999995 0.5088888890625001 0.47093749999999995 0.5201851859375 0.5002083328125 0.5201851859375