1 0.9140625 0.624375 0.9140625 0.5333333328125 0.66078125 0.5333333328125 0.66078125 0.624375 0.9140625 0.624375
1 0.8973437499999999 0.7222916671874999 0.8973437499999999 0.6166666671875001 0.65296875 0.6166666671875001 0.65296875 0.7222916671874999 0.8973437499999999 0.7222916671874999
1 0 0.166875 0.1846875 0.166875 0.1846875 0.0927083328125 0 0.0927083328125 0 0.166875
1 0.5815625 0.2204166671875 0.5815625 0.1395833328125 0.41937499999999994 0.1395833328125 0.41937499999999994 0.2204166671875 0.5815625 0.2204166671875
1 0.5845312500000001 0.074375 0.5845312500000001 0.0014583328125 0.428125 0.0014583328125 0.428125 0.074375 0.5845312500000001 0.074375
1 0.6646875 0.25166666718749997 0.6646875 0.1879166671875 0.5923437500000001 0.1879166671875 0.5923437500000001 0.25166666718749997 0.6646875 0.25166666718749997
1 0 0.48375 0.16328125 0.48375 0.16328125 0.409375 0 0.409375 0 0.48375
1 0.16328125 0.6858333328125 0.16328125 0.6127083328125 0.0009375 0.6127083328125 0.0009375 0.6858333328125 0.16328125 0.6858333328125
1 0.37921875 0.6739583328125 0.37921875 0.5970833328125 0.17390624999999998 0.5970833328125 0.17390624999999998 0.6739583328125 0.37921875 0.6739583328125
1 0.5571875000000001 0.6414583328125001 0.5571875000000001 0.5710416671874999 0.38125 0.5710416671874999 0.38125 0.6414583328125001 0.5571875000000001 0.6414583328125001
1 0.5571875000000001 0.46291666718749996 0.5571875000000001 0.395 0.29625 0.395 0.29625 0.46291666718749996 0.5571875000000001 0.46291666718749996
1 0.7703125 0.4641666671875 0.7703125 0.41208333281250004 0.5962500000000001 0.41208333281250004 0.5962500000000001 0.4641666671875 0.7703125 0.4641666671875
4 0.18265625000000002 0.001875 0.18265625000000002 0.20187499999999997 0.43265624999999996 0.20187499999999997 0.43265624999999996 0.001875 0.18265625000000002 0.001875
4 0.8400000000000001 0.4077083328125 0.8400000000000001 0.531875 0.9506249999999999 0.531875 0.9506249999999999 0.4077083328125 0.8400000000000001 0.4077083328125