1 0.5728125000000001 0.0826851859375 0.5728125000000001 0.1916666671875 0.8122395828125001 0.1916666671875 0.8122395828125001 0.0826851859375 0.5728125000000001 0.0826851859375
1 0.58078125 0.244259259375 0.58078125 0.1596296296875 0.5108333328125 0.1596296296875 0.5108333328125 0.244259259375 0.58078125 0.244259259375
1 0.48125 0.303240740625 0.48125 0.24555555624999997 0.4257291671875 0.24555555624999997 0.4257291671875 0.303240740625 0.48125 0.303240740625
1 0.42786458281249995 0.314722221875 0.42786458281249995 0.2699074078125 0.3997395828125 0.2699074078125 0.3997395828125 0.314722221875 0.42786458281249995 0.314722221875
1 0.40015625000000005 0.3273148140625 0.40015625000000005 0.288796296875 0.38057291718749997 0.288796296875 0.38057291718749997 0.3273148140625 0.40015625000000005 0.3273148140625
1 0.38057291718749997 0.340740740625 0.38057291718749997 0.2984259265625 0.3609375 0.2984259265625 0.3609375 0.340740740625 0.38057291718749997 0.340740740625
1 0.3596875 0.3496296296875 0.3596875 0.3125 0.3467708328125 0.3125 0.3467708328125 0.3496296296875 0.3596875 0.3496296296875
1 0.3434375 0.36148148125 0.3434375 0.32805555625 0.33421875 0.32805555625 0.33421875 0.36148148125 0.3434375 0.36148148125
1 0.3338020828125 0.3696296296875 0.3338020828125 0.33999999999999997 0.3250520828125 0.33999999999999997 0.3250520828125 0.3696296296875 0.3338020828125 0.3696296296875
1 0.3375520828125 0.3258333328125 0.3375520828125 0.30361111093750004 0.32255208281250003 0.30361111093750004 0.32255208281250003 0.3258333328125 0.3375520828125 0.3258333328125
1 0.3546875 0.28953703750000004 0.3546875 0.26351851875 0.32296874999999997 0.26351851875 0.32296874999999997 0.28953703750000004 0.3546875 0.28953703750000004
1 0.3567708328125 0.1218518515625 0.3567708328125 0.17601851875000002 0.3905729171875 0.17601851875000002 0.3905729171875 0.1218518515625 0.3567708328125 0.1218518515625
1 0.3601041671875 0.20416666718749998 0.3601041671875 0.14851851875 0.3459375 0.14851851875 0.3459375 0.20416666718749998 0.3601041671875 0.20416666718749998
1 0.3471875 0.21685185156250003 0.3471875 0.173796296875 0.33296875 0.173796296875 0.33296875 0.21685185156250003 0.3471875 0.21685185156250003
1 0.4227604171875 0.0013888890625 0.4227604171875 0.0740740734375 0.5792708328125 0.0740740734375 0.5792708328125 0.0013888890625 0.4227604171875 0.0013888890625
3 0.8930208328125 0.6052777781249999 0.8930208328125 0.5171296296875 0.8175000000000001 0.5171296296875 0.8175000000000001 0.6052777781249999 0.8930208328125 0.6052777781249999
3 0.9753125 0.6213888890625 0.9753125 0.5275925921875 0.8811458328124999 0.5275925921875 0.8811458328124999 0.6213888890625 0.9753125 0.6213888890625
3 0.9973958328125001 0.631203703125 0.9973958328125001 0.5493518515625 0.9716145828125 0.5493518515625 0.9716145828125 0.631203703125 0.9973958328125001 0.631203703125
3 0.9591145828125001 0.485740740625 0.9591145828125001 0.42314814843750004 0.8653124999999999 0.42314814843750004 0.8653124999999999 0.485740740625 0.9591145828125001 0.485740740625
3 0.9761979171874999 0.531203703125 0.9761979171874999 0.4951851859375 0.8695833328125 0.4951851859375 0.8695833328125 0.531203703125 0.9761979171874999 0.531203703125
3 0.8610416671875001 0.4933333328125 0.8610416671875001 0.42314814843750004 0.7608854171874999 0.42314814843750004 0.7608854171874999 0.4933333328125 0.8610416671875001 0.4933333328125
3 0.79390625 0.5728703703125 0.79390625 0.48194444374999995 0.6521874999999999 0.48194444374999995 0.6521874999999999 0.5728703703125 0.79390625 0.5728703703125
3 0.8471875000000001 0.8533333328125 0.8471875000000001 0.6979629625 0.7065104171875001 0.6979629625 0.7065104171875001 0.8533333328125 0.8471875000000001 0.8533333328125
3 0.9015625 0.8059259265625001 0.9015625 0.6315740734374999 0.77578125 0.6315740734374999 0.77578125 0.8059259265625001 0.9015625 0.8059259265625001
3 0.74171875 0.7661111109375 0.74171875 0.5956481484375 0.6095312500000001 0.5956481484375 0.6095312500000001 0.7661111109375 0.74171875 0.7661111109375
3 0.6230208328125 0.6315740734374999 0.6230208328125 0.5788888890624999 0.579375 0.5788888890624999 0.579375 0.6315740734374999 0.6230208328125 0.6315740734374999
3 0.6185937499999999 0.6737037031249999 0.6185937499999999 0.623703703125 0.5823437499999999 0.623703703125 0.5823437499999999 0.6737037031249999 0.6185937499999999 0.6737037031249999
3 0.6208333328125 0.7288888890624999 0.6208333328125 0.6737037031249999 0.5823437499999999 0.6737037031249999 0.5823437499999999 0.7288888890624999 0.6208333328125 0.7288888890624999
3 0.5830729171875 0.715740740625 0.5830729171875 0.6631481484374999 0.5527083328125 0.6631481484374999 0.5527083328125 0.715740740625 0.5830729171875 0.715740740625
3 0.5823437499999999 0.6670370375 0.5823437499999999 0.6184259265625001 0.5556770828125 0.6184259265625001 0.5556770828125 0.6670370375 0.5823437499999999 0.6670370375
3 0.5534895828125 0.57101851875 0.5534895828125 0.6315740734374999 0.5823437499999999 0.6315740734374999 0.5823437499999999 0.57101851875 0.5534895828125 0.57101851875
3 0.6511458328125 0.5525925921875 0.6511458328125 0.47888888906249993 0.5845312500000001 0.47888888906249993 0.5845312500000001 0.5525925921875 0.6511458328125 0.5525925921875
3 0.6644791671875 0.5538888890625 0.6644791671875 0.5038888890625 0.6222916671875 0.5038888890625 0.6222916671875 0.5538888890625 0.6644791671875 0.5538888890625
3 0.6304166671875 0.4934259265625 0.6304166671875 0.43814814843749994 0.53421875 0.43814814843749994 0.53421875 0.4934259265625 0.6304166671875 0.4934259265625
3 0.6067708328125 0.53944444375 0.6067708328125 0.490740740625 0.5371875 0.490740740625 0.5371875 0.53944444375 0.6067708328125 0.53944444375
3 0.5408854171875 0.5368518515625 0.5408854171875 0.48027777812499994 0.5113020828125 0.48027777812499994 0.5113020828125 0.5368518515625 0.5408854171875 0.5368518515625
3 0.5290625 0.4841666671875 0.5290625 0.440740740625 0.4609375 0.440740740625 0.4609375 0.4841666671875 0.5290625 0.4841666671875
3 0.5113020828125 0.5275925921875 0.5113020828125 0.48944444374999996 0.46390624999999996 0.48944444374999996 0.46390624999999996 0.5275925921875 0.5113020828125 0.5275925921875
3 0.5113020828125 0.665740740625 0.5113020828125 0.59601851875 0.46984375 0.59601851875 0.46984375 0.665740740625 0.5113020828125 0.665740740625
3 0.5357291671875 0.6775925921875 0.5357291671875 0.6 0.495 0.6 0.495 0.6775925921875 0.5357291671875 0.6775925921875
3 0.5675520828125 0.69601851875 0.5675520828125 0.6184259265625001 0.5194270828125 0.6184259265625001 0.5194270828125 0.69601851875 0.5675520828125 0.69601851875
3 0.50609375 0.590740740625 0.50609375 0.5473148140624999 0.4372916671875 0.5473148140624999 0.4372916671875 0.590740740625 0.50609375 0.590740740625
3 0.4765104171875 0.6354629625 0.4765104171875 0.5894444437499999 0.4446875 0.5894444437499999 0.4446875 0.6354629625 0.4765104171875 0.6354629625
3 0.4565104171875 0.6184259265625001 0.4565104171875 0.5894444437499999 0.43875000000000003 0.5894444437499999 0.43875000000000003 0.6184259265625001 0.4565104171875 0.6184259265625001
3 0.446875 0.6170370375 0.446875 0.5841666671875 0.4254166671875 0.5841666671875 0.4254166671875 0.6170370375 0.446875 0.6170370375
3 0.4380208328125 0.6170370375 0.4380208328125 0.5684259265625 0.40989583281249997 0.5684259265625 0.40989583281249997 0.6170370375 0.4380208328125 0.6170370375
3 0.44614583281250003 0.4841666671875 0.44614583281250003 0.44731481406249995 0.42984375 0.44731481406249995 0.42984375 0.4841666671875 0.44614583281250003 0.4841666671875
3 0.4957291671875 0.5170370375 0.4957291671875 0.4223148140625 0.4491145828125 0.4223148140625 0.4491145828125 0.5170370375 0.4957291671875 0.5170370375
3 0.45208333281249996 0.5118518515625 0.45208333281249996 0.4841666671875 0.4328125 0.4841666671875 0.4328125 0.5118518515625 0.45208333281249996 0.5118518515625
3 0.4350520828125 0.5131481484375 0.4350520828125 0.473703703125 0.39880208281249996 0.473703703125 0.39880208281249996 0.5131481484375 0.4350520828125 0.5131481484375
3 0.4046875 0.5065740734374999 0.4046875 0.473703703125 0.38395833281249997 0.473703703125 0.38395833281249997 0.5065740734374999 0.4046875 0.5065740734374999
3 0.46317708281250003 0.21314814843750002 0.46317708281250003 0.16444444375 0.40541666718749997 0.16444444375 0.40541666718749997 0.21314814843750002 0.46317708281250003 0.21314814843750002
3 0.43208333281250005 0.25 0.43208333281250005 0.22101851875 0.4083854171875 0.22101851875 0.4083854171875 0.25 0.43208333281250005 0.25
3 0.4328125 0.2788888890625 0.4328125 0.25 0.4091666671875 0.25 0.4091666671875 0.2788888890625 0.4328125 0.2788888890625
3 0.410625 0.29601851875 0.410625 0.23546296249999998 0.3980208328125 0.23546296249999998 0.3980208328125 0.29601851875 0.410625 0.29601851875
3 0.41208333281250004 0.24731481406250003 0.41208333281250004 0.2078703703125 0.3832291671875 0.2078703703125 0.3832291671875 0.24731481406250003 0.41208333281250004 0.24731481406250003
3 0.4061979171875 0.269722221875 0.4061979171875 0.24731481406250003 0.38395833281249997 0.24731481406250003 0.38395833281249997 0.269722221875 0.4061979171875 0.269722221875
3 0.40541666718749997 0.305277778125 0.40541666718749997 0.269722221875 0.3869270828125 0.269722221875 0.3869270828125 0.305277778125 0.40541666718749997 0.305277778125
3 0.3847395828125 0.24731481406250003 0.3847395828125 0.21574074062499998 0.3728645828125 0.21574074062499998 0.3728645828125 0.24731481406250003 0.3847395828125 0.24731481406250003
3 0.3891666671875 0.2775925921875 0.3891666671875 0.24870370312499998 0.3751041671875 0.24870370312499998 0.3751041671875 0.2775925921875 0.3891666671875 0.2775925921875
3 0.3891666671875 0.305277778125 0.3891666671875 0.2775925921875 0.3810416671875 0.2775925921875 0.3810416671875 0.305277778125 0.3891666671875 0.305277778125
3 0.0877604171875 0.6599999999999999 0.0877604171875 0.57944444375 0.0353645828125 0.57944444375 0.0353645828125 0.6599999999999999 0.0877604171875 0.6599999999999999
3 0.11416666718749999 0.5106481484375001 0.11416666718749999 0.4900925921875 0.0990625 0.4900925921875 0.0990625 0.5106481484375001 0.11416666718749999 0.5106481484375001
3 0.11416666718749999 0.5311111109375 0.11416666718749999 0.512222221875 0.09817708281250001 0.512222221875 0.09817708281250001 0.5311111109375 0.11416666718749999 0.5311111109375
3 0.11416666718749999 0.543796296875 0.11416666718749999 0.5311111109375 0.0999479171875 0.5311111109375 0.0999479171875 0.543796296875 0.11416666718749999 0.543796296875
3 0.02890625 0.655277778125 0.02890625 0.56055555625 0.0001041671875 0.56055555625 0.0001041671875 0.655277778125 0.02890625 0.655277778125
3 0.38046875 0.08212962968750001 0.38046875 0.045277778125 0.3619791671875 0.045277778125 0.3619791671875 0.08212962968750001 0.38046875 0.08212962968750001
3 0.37755208281249997 0.10185185156250001 0.37755208281249997 0.0728703703125 0.35973958281249996 0.0728703703125 0.35973958281249996 0.10185185156250001 0.37755208281249997 0.10185185156250001
3 0.37828125 0.134722221875 0.37828125 0.09398148125 0.36494791718749997 0.09398148125 0.36494791718749997 0.134722221875 0.37828125 0.134722221875
3 0.3908854171875 0.5723148140625 0.3908854171875 0.5974074078125 0.4102083328125 0.5974074078125 0.4102083328125 0.5723148140625 0.3908854171875 0.5723148140625