1 0.485 0.6227083328125 0.485 0.5152083328125 0.19125 0.5152083328125 0.19125 0.6227083328125 0.485 0.6227083328125
1 0.47671875 0.8247916671875 0.47671875 0.70625 0.18890625 0.70625 0.18890625 0.8247916671875 0.47671875 0.8247916671875
1 0.21625 0.630625 0.21625 0.5072916671875001 0.00296875 0.5072916671875001 0.00296875 0.630625 0.21625 0.630625
1 0.20078125 0.8847916671875 0.20078125 0.7379166671874999 0.001875 0.7379166671874999 0.001875 0.8847916671875 0.20078125 0.8847916671875
1 0.73953125 0.6889583328125 0.73953125 0.5972916671874999 0.50625 0.5972916671874999 0.50625 0.6889583328125 0.73953125 0.6889583328125
1 0.93140625 0.6620833328125 0.93140625 0.6212500000000001 0.8462500000000001 0.6212500000000001 0.8462500000000001 0.6620833328125 0.93140625 0.6620833328125
1 0.84140625 0.6810416671875 0.84140625 0.6116666671875 0.73953125 0.6116666671875 0.73953125 0.6810416671875 0.84140625 0.6810416671875
1 0.991875 0.6589583328125 0.991875 0.6179166671874999 0.9515625 0.6179166671874999 0.9515625 0.6589583328125 0.991875 0.6589583328125
1 0.98828125 0.5420833328125 0.98828125 0.5058333328125 0.9528125 0.5058333328125 0.9528125 0.5420833328125 0.98828125 0.5420833328125
1 0.9409375000000001 0.3020833328125 0.9409375000000001 0.2327083328125 0.8651562500000001 0.2327083328125 0.8651562500000001 0.3020833328125 0.9409375000000001 0.3020833328125
1 0.9290625 0.3479166671875 0.9290625 0.27999999999999997 0.8745312500000001 0.27999999999999997 0.8745312500000001 0.3479166671875 0.9290625 0.3479166671875
1 0.968125 0.37625000000000003 0.968125 0.3179166671875 0.93140625 0.3179166671875 0.93140625 0.37625000000000003 0.968125 0.37625000000000003
1 0.9978125 0.396875 0.9978125 0.343125 0.969375 0.343125 0.969375 0.396875 0.9978125 0.396875
1 0.8651562500000001 0.2958333328125 0.8651562500000001 0.1979166671875 0.7904687499999999 0.1979166671875 0.7904687499999999 0.2958333328125 0.8651562500000001 0.2958333328125
1 0.8012499999999999 0.2420833328125 0.8012499999999999 0.11895833281249998 0.6839062499999999 0.11895833281249998 0.6839062499999999 0.2420833328125 0.8012499999999999 0.2420833328125
1 0.6934375 0.0020833328125000002 0.6934375 0.11895833281249998 0.8059375 0.11895833281249998 0.8059375 0.0020833328125000002 0.6934375 0.0020833328125000002
1 0.8457812499999999 0.0020833328125000002 0.8457812499999999 0.0647916671875 0.9353125 0.0647916671875 0.9353125 0.0020833328125000002 0.8457812499999999 0.0020833328125000002
1 0.98078125 0.1385416671875 0.98078125 0.041875 0.93390625 0.041875 0.93390625 0.1385416671875 0.98078125 0.1385416671875
1 0.9978125 0.1783333328125 0.9978125 0.10458333281250001 0.9765625 0.10458333281250001 0.9765625 0.1783333328125 0.9978125 0.1783333328125
4 0.5278125 0.003125 0.5278125 0.1827083328125 0.701875 0.1827083328125 0.701875 0.003125 0.5278125 0.003125
4 0.960625 0.6464583328125 0.960625 0.41979166718750005 0.85609375 0.41979166718750005 0.85609375 0.6464583328125 0.960625 0.6464583328125