1 0.6139583328125 0.0019444437500000002 0.6139583328125 0.1416666671875 0.9579166671875001 0.1416666671875 0.9579166671875001 0.0019444437500000002 0.6139583328125 0.0019444437500000002
1 0.55984375 0.09805555625 0.55984375 0.19805555625 0.6132291671875 0.19805555625 0.6132291671875 0.09805555625 0.55984375 0.09805555625
1 0.5648958328125 0.235277778125 0.5648958328125 0.15324074062499998 0.51515625 0.15324074062499998 0.51515625 0.235277778125 0.5648958328125 0.235277778125
1 0.5172916671875 0.2775925921875 0.5172916671875 0.2199074078125 0.48343749999999996 0.2199074078125 0.48343749999999996 0.2775925921875 0.5172916671875 0.2775925921875
1 0.5194791671875 0.20574074062499997 0.5194791671875 0.1416666671875 0.48197916718749995 0.1416666671875 0.48197916718749995 0.20574074062499997 0.5194791671875 0.20574074062499997
1 0.48125 0.23009259218749997 0.48125 0.1788888890625 0.45890624999999996 0.1788888890625 0.45890624999999996 0.23009259218749997 0.48125 0.23009259218749997
1 0.48630208281250004 0.29675925937500003 0.48630208281250004 0.246759259375 0.46322916718749996 0.246759259375 0.46322916718749996 0.29675925937500003 0.48630208281250004 0.29675925937500003
1 0.4603125 0.314722221875 0.4603125 0.2686111109375 0.43869791718749995 0.2686111109375 0.43869791718749995 0.314722221875 0.4603125 0.314722221875
1 0.43968749999999995 0.3299074078125 0.43968749999999995 0.2925 0.4266666671875 0.2925 0.4266666671875 0.3299074078125 0.43968749999999995 0.3299074078125
1 0.0005208328124999999 0.19370370312500002 0.0005208328124999999 0.2654629625 0.0380208328125 0.2654629625 0.0380208328125 0.19370370312500002 0.0005208328124999999 0.19370370312500002
1 0.0041145828125 0.24240740781249998 0.0041145828125 0.2975 0.0719270828125 0.2975 0.0719270828125 0.24240740781249998 0.0041145828125 0.24240740781249998
1 0.0430729171875 0.2629629625 0.0430729171875 0.3154629625 0.0964583328125 0.3154629625 0.0964583328125 0.2629629625 0.0430729171875 0.2629629625
1 0.0769791671875 0.28861111093749997 0.0769791671875 0.3270370375 0.11807291718749999 0.3270370375 0.11807291718749999 0.28861111093749997 0.0769791671875 0.28861111093749997
1 0.0358333328125 0.0898148140625 0.0358333328125 0.143703703125 0.10942708281249999 0.143703703125 0.10942708281249999 0.0898148140625 0.0358333328125 0.0898148140625
1 0.0614583328125 0.15018518593750002 0.0614583328125 0.1920370375 0.1376041671875 0.1920370375 0.1376041671875 0.15018518593750002 0.0614583328125 0.15018518593750002
1 0.2702083328125 0.5288888890625 0.2702083328125 0.5057407406250001 0.205625 0.5057407406250001 0.205625 0.5288888890625 0.2702083328125 0.5288888890625
1 0.2677083328125 0.5645370375 0.2677083328125 0.534259259375 0.1951041671875 0.534259259375 0.1951041671875 0.5645370375 0.2677083328125 0.5645370375
2 0.3132291671875 0.512222221875 0.3132291671875 0.39555555625 0.26921875 0.39555555625 0.26921875 0.512222221875 0.3132291671875 0.512222221875
2 0.25265624999999997 0.4890740734375 0.25265624999999997 0.3929629625 0.21442708281249998 0.3929629625 0.21442708281249998 0.4890740734375 0.25265624999999997 0.4890740734375
3 0.9975520828125 0.56398148125 0.9975520828125 0.43555555625000003 0.809375 0.43555555625000003 0.809375 0.56398148125 0.9975520828125 0.56398148125
3 0.8171875 0.5343518515625 0.8171875 0.4388888890625 0.7213020828125 0.4388888890625 0.7213020828125 0.5343518515625 0.8171875 0.5343518515625
3 0.7084895828125 0.4548148140625 0.7084895828125 0.4048148140625 0.6534895828125 0.4048148140625 0.6534895828125 0.4548148140625 0.7084895828125 0.4548148140625
3 0.7084895828125 0.49574074062499995 0.7084895828125 0.4548148140625 0.65859375 0.4548148140625 0.65859375 0.49574074062499995 0.7084895828125 0.49574074062499995
3 0.7059375 0.541203703125 0.7059375 0.49574074062499995 0.65859375 0.49574074062499995 0.65859375 0.541203703125 0.7059375 0.541203703125
3 0.98859375 0.741296296875 0.98859375 0.64351851875 0.8210416671875 0.64351851875 0.8210416671875 0.741296296875 0.98859375 0.741296296875
3 0.9911458328125 0.8345370375 0.9911458328125 0.7436111109375 0.8862500000000001 0.7436111109375 0.8862500000000001 0.8345370375 0.9911458328125 0.8345370375
3 0.8939583328125 0.8459259265625001 0.8939583328125 0.69351851875 0.7008333328125 0.69351851875 0.7008333328125 0.8459259265625001 0.8939583328125 0.8459259265625001
3 0.7634895828125 0.7231481484375 0.7634895828125 0.6503703703125 0.6407291671875 0.6503703703125 0.6407291671875 0.7231481484375 0.7634895828125 0.7231481484375
3 0.7621875 0.7731481484375 0.7621875 0.7117592593750001 0.6458333328125 0.7117592593750001 0.6458333328125 0.7731481484375 0.7621875 0.7731481484375
3 0.7577083328125 0.7367592593750001 0.7577083328125 0.592777778125 0.6138541671875 0.592777778125 0.6138541671875 0.7367592593750001 0.7577083328125 0.7367592593750001
3 0.6213020828125 0.6988888890625 0.6213020828125 0.6136111109375 0.5616145828125 0.6136111109375 0.5616145828125 0.6988888890625 0.6213020828125 0.6988888890625
3 0.6426041671875 0.6154629625 0.6426041671875 0.5491666671875 0.5221875 0.5491666671875 0.5221875 0.6154629625 0.6426041671875 0.6154629625
3 0.5584374999999999 0.6609259265625 0.5584374999999999 0.6003703703125 0.52859375 0.6003703703125 0.52859375 0.6609259265625 0.5584374999999999 0.6609259265625
3 0.5317708328124999 0.717777778125 0.5317708328124999 0.592777778125 0.44760416718749996 0.592777778125 0.44760416718749996 0.717777778125 0.5317708328124999 0.717777778125
3 0.55734375 0.4600925921875 0.55734375 0.43361111093750004 0.5275000000000001 0.43361111093750004 0.5275000000000001 0.4600925921875 0.55734375 0.4600925921875
3 0.55734375 0.4828703703125 0.55734375 0.456296296875 0.5243229171875 0.456296296875 0.5243229171875 0.4828703703125 0.55734375 0.4828703703125
3 0.5488541671875 0.5131481484375 0.5488541671875 0.4809259265625 0.5243229171875 0.4809259265625 0.5243229171875 0.5131481484375 0.5488541671875 0.5131481484375
3 0.5871875 0.51694444375 0.5871875 0.45444444375000004 0.5467187499999999 0.45444444375000004 0.5467187499999999 0.51694444375 0.5871875 0.51694444375
3 0.62984375 0.4809259265625 0.62984375 0.44870370312499996 0.58828125 0.44870370312499996 0.58828125 0.4809259265625 0.62984375 0.4809259265625
3 0.665 0.51694444375 0.665 0.4904629625 0.6053124999999999 0.4904629625 0.6053124999999999 0.51694444375 0.665 0.51694444375
3 0.6042708328125 0.5245370375 0.6042708328125 0.48851851875 0.5797395828125 0.48851851875 0.5797395828125 0.5245370375 0.6042708328125 0.5245370375
3 0.021249999999999998 0.5276851859375 0.021249999999999998 0.4108333328125 0.0008333328124999999 0.4108333328125 0.0008333328124999999 0.5276851859375 0.021249999999999998 0.5276851859375
3 0.0408333328125 0.5213888890625 0.0408333328125 0.47555555624999996 0.0141666671875 0.47555555624999996 0.0141666671875 0.5213888890625 0.0408333328125 0.5213888890625
3 0.0603645828125 0.5276851859375 0.0603645828125 0.48351851874999996 0.0390104171875 0.48351851874999996 0.0390104171875 0.5276851859375 0.0603645828125 0.5276851859375
3 0.08875 0.5213888890625 0.08875 0.47712962968749995 0.055885417187499994 0.47712962968749995 0.055885417187499994 0.5213888890625 0.08875 0.5213888890625
3 0.1101041671875 0.48351851874999996 0.1101041671875 0.45351851875 0.044375 0.45351851875 0.044375 0.48351851874999996 0.1101041671875 0.48351851874999996
3 0.105625 0.5150925921875 0.105625 0.48351851874999996 0.0869791671875 0.48351851874999996 0.0869791671875 0.5150925921875 0.105625 0.5150925921875
3 0.1207291671875 0.5166666671875 0.1207291671875 0.4376851859375 0.10296875000000001 0.4376851859375 0.10296875000000001 0.5166666671875 0.1207291671875 0.5166666671875
3 0.11187499999999999 0.5798148140625 0.11187499999999999 0.5403703703125 0.06302083281250001 0.5403703703125 0.06302083281250001 0.5798148140625 0.11187499999999999 0.5798148140625
3 0.1101041671875 0.6145370375 0.1101041671875 0.5766666671875 0.09322916718749999 0.5766666671875 0.09322916718749999 0.6145370375 0.1101041671875 0.6145370375
3 0.0967708328125 0.6176851859375 0.0967708328125 0.57194444375 0.08786458281250001 0.57194444375 0.08786458281250001 0.6176851859375 0.0967708328125 0.6176851859375
3 0.08875 0.6382407406249999 0.08875 0.5813888890625 0.0745833328125 0.5813888890625 0.0745833328125 0.6382407406249999 0.08875 0.6382407406249999
3 0.0709895828125 0.65398148125 0.0709895828125 0.589259259375 0.0496875 0.589259259375 0.0496875 0.65398148125 0.0709895828125 0.65398148125
3 0.0408333328125 0.6698148140625 0.0408333328125 0.5971296296874999 0.0034895828125 0.5971296296874999 0.0034895828125 0.6698148140625 0.0408333328125 0.6698148140625
3 0.027500000000000004 0.679259259375 0.027500000000000004 0.6303703703125 0.0034895828125 0.6303703703125 0.0034895828125 0.679259259375 0.027500000000000004 0.679259259375
3 0.4982291671875 0.50555555625 0.4982291671875 0.47083333281249995 0.47776041718749995 0.47083333281249995 0.47776041718749995 0.50555555625 0.4982291671875 0.50555555625
3 0.5239583328124999 0.46925925937499996 0.5239583328124999 0.4361111109375 0.5008854171875 0.4361111109375 0.5008854171875 0.46925925937499996 0.5239583328124999 0.46925925937499996
3 0.5239583328124999 0.48981481406249994 0.5239583328124999 0.46925925937499996 0.5035416671874999 0.46925925937499996 0.5035416671874999 0.48981481406249994 0.5239583328124999 0.48981481406249994
3 0.5204166671875 0.5103703703125 0.5204166671875 0.48981481406249994 0.5035416671874999 0.48981481406249994 0.5035416671874999 0.5103703703125 0.5204166671875 0.5103703703125
3 0.476875 0.49925925937500004 0.476875 0.4613888890625 0.4458333328125 0.4613888890625 0.4458333328125 0.49925925937500004 0.476875 0.49925925937500004
3 0.49020833281250004 0.5908333328125 0.49020833281250004 0.5229629625000001 0.4564583328125 0.5229629625000001 0.4564583328125 0.5908333328125 0.49020833281250004 0.5908333328125
3 0.4618229171875 0.5529629625 0.4618229171875 0.5308333328125 0.45114583281250004 0.5308333328125 0.45114583281250004 0.5529629625 0.4618229171875 0.5529629625
3 0.4627083328125 0.568703703125 0.4627083328125 0.5561111109375 0.45203125 0.5561111109375 0.45203125 0.568703703125 0.4627083328125 0.568703703125
3 0.46359374999999997 0.5845370375 0.46359374999999997 0.568703703125 0.45203125 0.568703703125 0.45203125 0.5845370375 0.46359374999999997 0.5845370375
3 0.44760416718749996 0.578240740625 0.44760416718749996 0.5403703703125 0.42093749999999996 0.5403703703125 0.42093749999999996 0.578240740625 0.44760416718749996 0.578240740625
3 0.6802604171875 0.5024074078125 0.6802604171875 0.3966666671875 0.6074479171875 0.3966666671875 0.6074479171875 0.5024074078125 0.6802604171875 0.5024074078125
3 0.6504166671875 0.0016666671875 0.6504166671875 0.0451851859375 0.70796875 0.0451851859375 0.70796875 0.0016666671875 0.6504166671875 0.0016666671875
3 0.6131249999999999 0.0868518515625 0.6536458328125 0.0868518515625 0.6536458328125 0.0016666671875 0.6131249999999999 0.0016666671875 0.6131249999999999 0.0868518515625
3 0.48151041718750004 0.17055555625000002 0.48151041718750004 0.1468518515625 0.4452604171875 0.1468518515625 0.4452604171875 0.17055555625000002 0.48151041718750004 0.17055555625000002
3 0.4644791671875 0.183703703125 0.4644791671875 0.16398148125 0.44453125 0.16398148125 0.44453125 0.183703703125 0.4644791671875 0.183703703125
3 0.4644791671875 0.2048148140625 0.4644791671875 0.1824074078125 0.4459895828125 0.1824074078125 0.4459895828125 0.2048148140625 0.4644791671875 0.2048148140625
3 0.46229166718750003 0.2218518515625 0.46229166718750003 0.2048148140625 0.4452604171875 0.2048148140625 0.4452604171875 0.2218518515625 0.46229166718750003 0.2218518515625
3 0.46229166718750003 0.240277778125 0.46229166718750003 0.2218518515625 0.44375 0.2218518515625 0.44375 0.240277778125 0.46229166718750003 0.240277778125
3 0.46229166718750003 0.258703703125 0.46229166718750003 0.240277778125 0.44375 0.240277778125 0.44375 0.258703703125 0.46229166718750003 0.258703703125
3 0.46078125 0.2798148140625 0.46078125 0.258703703125 0.4474479171875 0.258703703125 0.4474479171875 0.2798148140625 0.46078125 0.2798148140625
3 0.4333854171875 0.2798148140625 0.4333854171875 0.25342592656249996 0.40750000000000003 0.25342592656249996 0.40750000000000003 0.2798148140625 0.4333854171875 0.2798148140625
3 0.46890625 0.03898148125 0.46890625 0.020555556250000002 0.4415625 0.020555556250000002 0.4415625 0.03898148125 0.46890625 0.03898148125
3 0.0603645828125 0.1798148140625 0.0603645828125 0.133703703125 0.0285416671875 0.133703703125 0.0285416671875 0.1798148140625 0.0603645828125 0.1798148140625
3 0.06109375 0.2061111109375 0.06109375 0.1798148140625 0.029270832812499998 0.1798148140625 0.029270832812499998 0.2061111109375 0.06109375 0.2061111109375
3 0.055208332812500004 0.2561111109375 0.055208332812500004 0.21000000000000002 0.0285416671875 0.21000000000000002 0.0285416671875 0.2561111109375 0.055208332812500004 0.2561111109375
3 0.13515625 0.4798148140625 0.13515625 0.45342592656249997 0.118125 0.45342592656249997 0.118125 0.4798148140625 0.13515625 0.4798148140625
3 0.13515625 0.5166666671875 0.13515625 0.4798148140625 0.1203125 0.4798148140625 0.1203125 0.5166666671875 0.13515625 0.5166666671875
3 0.1506770828125 0.473240740625 0.1506770828125 0.45342592656249997 0.1336458328125 0.45342592656249997 0.1336458328125 0.473240740625 0.1506770828125 0.473240740625
3 0.1506770828125 0.5008333328125001 0.1506770828125 0.473240740625 0.134375 0.473240740625 0.134375 0.5008333328125001 0.1506770828125 0.5008333328125001
3 0.0011458328125 0.06 0.0011458328125 0.119259259375 0.0144791671875 0.119259259375 0.0144791671875 0.06 0.0011458328125 0.06
3 0.03375 0.133703703125 0.03375 0.0771296296875 0.012291667187499999 0.0771296296875 0.012291667187499999 0.133703703125 0.03375 0.133703703125
3 0.0966666671875 0.2271296296875 0.0966666671875 0.1798148140625 0.07666666718750001 0.1798148140625 0.07666666718750001 0.2271296296875 0.0966666671875 0.2271296296875