1 0.76828125 0.13187500000000002 0.76828125 0.0039583328125 0.54453125 0.0039583328125 0.54453125 0.13187500000000002 0.76828125 0.13187500000000002
1 0.8417187500000001 0.1747916671875 0.8417187500000001 0.08625000000000001 0.7928124999999999 0.08625000000000001 0.7928124999999999 0.1747916671875 0.8417187500000001 0.1747916671875
1 0.3128125 0.1422916671875 0.3128125 0.104375 0.20625 0.104375 0.20625 0.1422916671875 0.3128125 0.1422916671875
1 0.37921875 0.14750000000000002 0.37921875 0.10958333281249999 0.31578125 0.10958333281249999 0.31578125 0.14750000000000002 0.37921875 0.14750000000000002
1 0.29125 0.285625 0.29125 0.2477083328125 0.21703125 0.2477083328125 0.21703125 0.285625 0.29125 0.285625
1 0.35671875000000003 0.2816666671875 0.35671875000000003 0.256875 0.29625 0.256875 0.29625 0.2816666671875 0.35671875000000003 0.2816666671875
1 0.2765625 0.36770833281250004 0.2765625 0.346875 0.213125 0.346875 0.213125 0.36770833281250004 0.2765625 0.36770833281250004
1 0.1896875 0.40416666718750005 0.1896875 0.36375 0.05953125 0.36375 0.05953125 0.40416666718750005 0.1896875 0.40416666718750005
1 0.05328125 0.15020833281249998 0.05328125 0.144375 0.025937500000000002 0.144375 0.025937500000000002 0.15020833281249998 0.05328125 0.15020833281249998
1 0.04625 0.221875 0.04625 0.2158333328125 0.019375 0.2158333328125 0.019375 0.221875 0.04625 0.221875
1 0.071875 0.22125 0.071875 0.213125 0.0475 0.213125 0.0475 0.22125 0.071875 0.22125
4 0.6625 0.7224999999999999 0.6625 0.2545833328125 0.23359375 0.2545833328125 0.23359375 0.7224999999999999 0.6625 0.7224999999999999
3 0.76734375 0.3852083328125 0.76734375 0.32125 0.660625 0.32125 0.660625 0.3852083328125 0.76734375 0.3852083328125
3 0.7221875 0.27375 0.7221875 0.350625 0.8201562499999999 0.350625 0.8201562499999999 0.27375 0.7221875 0.27375
3 0.8192187499999999 0.40833333281249995 0.8192187499999999 0.3391666671875 0.775 0.3391666671875 0.775 0.40833333281249995 0.8192187499999999 0.40833333281249995
3 0.8278125 0.4839583328125 0.8278125 0.4302083328125 0.7240624999999999 0.4302083328125 0.7240624999999999 0.4839583328125 0.8278125 0.4839583328125
3 0.81640625 0.5379166671875 0.81640625 0.47625 0.73359375 0.47625 0.73359375 0.5379166671875 0.81640625 0.5379166671875
3 0.6740625 0.46604166718749995 0.6740625 0.5441666671875 0.76828125 0.5441666671875 0.76828125 0.46604166718749995 0.6740625 0.46604166718749995
3 0.64234375 0.47625 0.64234375 0.5685416671875 0.71828125 0.5685416671875 0.71828125 0.47625 0.64234375 0.47625
3 0.8067187499999999 0.3647916671875 0.8067187499999999 0.399375 0.8432812500000001 0.399375 0.8432812500000001 0.3647916671875 0.8067187499999999 0.3647916671875
3 0.8192187499999999 0.3225 0.8192187499999999 0.3725 0.85671875 0.3725 0.85671875 0.3225 0.8192187499999999 0.3225
3 0.8375 0.36604166718750003 0.8375 0.401875 0.8643750000000001 0.401875 0.8643750000000001 0.36604166718750003 0.8375 0.36604166718750003
3 0.8853125000000001 0.3722916671875 0.8853125000000001 0.34249999999999997 0.8640625 0.34249999999999997 0.8640625 0.3722916671875 0.8853125000000001 0.3722916671875
3 0.91109375 0.3827083328125 0.91109375 0.3572916671875 0.88984375 0.3572916671875 0.88984375 0.3827083328125 0.91109375 0.3827083328125
3 0.8909375 0.3858333328125 0.8909375 0.4066666671875 0.9121874999999999 0.4066666671875 0.9121874999999999 0.3858333328125 0.8909375 0.3858333328125
3 0.8673437500000001 0.4454166671875 0.8673437500000001 0.469375 0.88984375 0.469375 0.88984375 0.4454166671875 0.8673437500000001 0.4454166671875
1 0.15609375 0.2214583328125 0.15609375 0.20645833281249998 0.09671874999999999 0.20645833281249998 0.09671874999999999 0.2214583328125 0.15609375 0.2214583328125
1 0.15609375 0.23937499999999998 0.15609375 0.2214583328125 0.09453125 0.2214583328125 0.09453125 0.23937499999999998 0.15609375 0.23937499999999998
1 0.15609375 0.254375 0.15609375 0.23937499999999998 0.09453125 0.23937499999999998 0.09453125 0.254375 0.15609375 0.254375
1 0.15609375 0.26625 0.15609375 0.254375 0.09671874999999999 0.254375 0.09671874999999999 0.26625 0.15609375 0.26625