1 0.6040625000000001 0.45375 0.6040625000000001 0.30520833281250004 0.1290625 0.30520833281250004 0.1290625 0.45375 0.6040625000000001 0.45375
1 0 0.6479166671875001 0.17890625 0.6479166671875001 0.17890625 0.5175 0 0.5175 0 0.6479166671875001
1 0.1759375 0.8787499999999999 0.1759375 0.75875 0.0009375 0.75875 0.0009375 0.8787499999999999 0.1759375 0.8787499999999999
1 0.5884375000000001 0.8564583328125 0.5884375000000001 0.7404166671875 0.28546875 0.7404166671875 0.28546875 0.8564583328125 0.5884375000000001 0.8564583328125
1 0.79375 0.82125 0.79375 0.714375 0.589375 0.714375 0.589375 0.82125 0.79375 0.82125
1 0.8103125 0.48375 0.8103125 0.375625 0.6079687500000001 0.375625 0.6079687500000001 0.48375 0.8103125 0.48375
1 0.9707812499999999 0.5645833328125 0.9707812499999999 0.47583333281250006 0.809375 0.47583333281250006 0.809375 0.5645833328125 0.9707812499999999 0.5645833328125
1 0.9609375 0.7887500000000001 0.9609375 0.7091666671875 0.7928124999999999 0.7091666671875 0.7928124999999999 0.7887500000000001 0.9609375 0.7887500000000001
1 0 0.24395833281249998 0.045 0.24395833281249998 0.045 0.164375 0 0.164375 0 0.24395833281249998
4 0.0403125 0.000625 0.0403125 0.21208333281249997 0.123125 0.21208333281249997 0.123125 0.000625 0.0403125 0.000625
1 0.9995312500000001 0.5739583328125 0.9995312500000001 0.5335416671875 0.969375 0.5335416671875 0.969375 0.5739583328125 0.9995312500000001 0.5739583328125
1 0.97046875 0.469375 0.97046875 0.5277083328125001 0.9949999999999999 0.5277083328125001 0.9949999999999999 0.469375 0.97046875 0.469375
1 0.9737500000000001 0.41270833281249997 0.9737500000000001 0.465 0.9962500000000001 0.465 0.9962500000000001 0.41270833281249997 0.9737500000000001 0.41270833281249997
1 0.8439062500000001 0.37374999999999997 0.8439062500000001 0.41270833281249997 0.9984375 0.41270833281249997 0.9984375 0.37374999999999997 0.8439062500000001 0.37374999999999997
1 0.80796875 0.3066666671875 0.80796875 0.3708333328125 0.9949999999999999 0.3708333328125 0.9949999999999999 0.3066666671875 0.80796875 0.3066666671875
1 0.806875 0.2483333328125 0.806875 0.3066666671875 0.9949999999999999 0.3066666671875 0.9949999999999999 0.2483333328125 0.806875 0.2483333328125