3 0.93921875 0.9945833328125 0.93921875 0.6472916671875 0.65421875 0.6472916671875 0.65421875 0.9945833328125 0.93921875 0.9945833328125
3 0.54484375 0.9416666671874999 0.54484375 0.6970833328125 0.354375 0.6970833328125 0.354375 0.9416666671874999 0.54484375 0.9416666671874999
3 0.36578125 0.9737500000000001 0.36578125 0.7010416671875 0.11281250000000001 0.7010416671875 0.11281250000000001 0.9737500000000001 0.36578125 0.9737500000000001
3 0.12140625000000001 0.9870833328125 0.12140625000000001 0.6516666671875 0.0034375000000000005 0.6516666671875 0.0034375000000000005 0.9870833328125 0.12140625000000001 0.9870833328125
3 0.36578125 0.5170833328125 0.36578125 0.3597916671875 0.1184375 0.3597916671875 0.1184375 0.5170833328125 0.36578125 0.5170833328125
3 0.6215625 0.49437499999999995 0.6215625 0.361875 0.375625 0.361875 0.375625 0.49437499999999995 0.6215625 0.49437499999999995
3 0.7409375 0.361875 0.7409375 0.2689583328125 0.520625 0.2689583328125 0.520625 0.361875 0.7409375 0.361875
3 0.73671875 0.4185416671875 0.73671875 0.35041666718750003 0.58890625 0.35041666718750003 0.58890625 0.4185416671875 0.73671875 0.4185416671875
3 0.73671875 0.4925 0.73671875 0.4185416671875 0.60734375 0.4185416671875 0.60734375 0.4925 0.73671875 0.4925
3 0.90296875 0.3541666671875 0.90296875 0.2935416671875 0.775 0.2935416671875 0.775 0.3541666671875 0.90296875 0.3541666671875
3 0.90296875 0.40729166718750004 0.90296875 0.3560416671875 0.7821875 0.3560416671875 0.7821875 0.40729166718750004 0.90296875 0.40729166718750004
3 0.8943749999999999 0.4564583328125 0.8943749999999999 0.40541666718749997 0.7821875 0.40541666718749997 0.7821875 0.4564583328125 0.8943749999999999 0.4564583328125
3 0.94265625 0.4564583328125 0.94265625 0.3827083328125 0.8943749999999999 0.3827083328125 0.8943749999999999 0.4564583328125 0.94265625 0.4564583328125
3 0.9853125 0.44895833281249997 0.9853125 0.4110416671875 0.9412499999999999 0.4110416671875 0.9412499999999999 0.44895833281249997 0.9853125 0.44895833281249997
3 0.90859375 0.6252083328125 0.90859375 0.5322916671875 0.73953125 0.5322916671875 0.73953125 0.6252083328125 0.90859375 0.6252083328125
3 0.96546875 0.66875 0.96546875 0.5777083328125 0.88015625 0.5777083328125 0.88015625 0.66875 0.96546875 0.66875