1 0.43796875 0.0006481484375 0.43796875 0.0365740734375 0.48343749999999996 0.0365740734375 0.48343749999999996 0.0006481484375 0.43796875 0.0006481484375
1 0.43510416718749995 0.094259259375 0.43510416718749995 0.0006481484375 0.3997395828125 0.0006481484375 0.3997395828125 0.094259259375 0.43510416718749995 0.094259259375
1 0.3997395828125 0.12759259218750002 0.3997395828125 0.037777778125 0.3694791671875 0.037777778125 0.3694791671875 0.12759259218750002 0.3997395828125 0.12759259218750002
1 0.37093750000000003 0.15194444375 0.37093750000000003 0.08398148125 0.3428125 0.08398148125 0.3428125 0.15194444375 0.37093750000000003 0.15194444375
1 0.0492708328125 0.66601851875 0.0492708328125 0.5673148140625 0.0002604171875 0.5673148140625 0.0002604171875 0.66601851875 0.0492708328125 0.66601851875
2 0.2086458328125 0.4916666671875 0.2086458328125 0.13398148125 0.1257291671875 0.13398148125 0.1257291671875 0.4916666671875 0.2086458328125 0.4916666671875
2 0.0023958328125 0.35064814843750003 0.0023958328125 0.525 0.0550520828125 0.525 0.0550520828125 0.35064814843750003 0.0023958328125 0.35064814843750003
4 0.3223958328125 0.473703703125 0.3223958328125 0.3220370375 0.2043229171875 0.3220370375 0.2043229171875 0.473703703125 0.3223958328125 0.473703703125
4 0.35432291718750003 0.496759259375 0.35432291718750003 0.326296296875 0.32406250000000003 0.326296296875 0.32406250000000003 0.496759259375 0.35432291718750003 0.496759259375
3 0.9552083328125001 0.9993518515625001 0.9552083328125001 0.8333333328125001 0.7569791671874999 0.8333333328125001 0.7569791671874999 0.9993518515625001 0.9552083328125001 0.9993518515625001
3 0.9961458328124999 0.9925 0.9961458328124999 0.8856481484375 0.9014583328124999 0.8856481484375 0.9014583328124999 0.9925 0.9961458328124999 0.9925
3 0.7275520828125 0.4786111109375 0.7275520828125 0.3831481484375 0.6201041671875 0.3831481484375 0.6201041671875 0.4786111109375 0.7275520828125 0.4786111109375
3 0.86953125 0.6650925921875 0.86953125 0.5354629625 0.63546875 0.5354629625 0.63546875 0.6650925921875 0.86953125 0.6650925921875
3 0.8733333328124999 0.7491666671874999 0.8733333328124999 0.633240740625 0.63546875 0.633240740625 0.63546875 0.7491666671874999 0.8733333328124999 0.7491666671874999
3 0.87078125 0.8606481484374999 0.87078125 0.7128703703125 0.63546875 0.7128703703125 0.63546875 0.8606481484374999 0.87078125 0.8606481484374999
3 0.6431250000000001 0.6218518515625 0.6431250000000001 0.4990740734375 0.5766145828125 0.4990740734375 0.5766145828125 0.6218518515625 0.6431250000000001 0.6218518515625
3 0.63546875 0.70601851875 0.63546875 0.5854629625000001 0.5766145828125 0.5854629625000001 0.5766145828125 0.70601851875 0.63546875 0.70601851875
3 0.63546875 0.77194444375 0.63546875 0.6582407406249999 0.5766145828125 0.6582407406249999 0.5766145828125 0.77194444375 0.63546875 0.77194444375
3 0.5779166671875 0.69694444375 0.5779166671875 0.587777778125 0.5305729171875 0.587777778125 0.5305729171875 0.69694444375 0.5779166671875 0.69694444375
3 0.5728125000000001 0.6423148140625 0.5728125000000001 0.5673148140625 0.49859375000000006 0.5673148140625 0.49859375000000006 0.6423148140625 0.5728125000000001 0.6423148140625
3 0.5740624999999999 0.558240740625 0.5740624999999999 0.4876851859375 0.48072916718750003 0.4876851859375 0.48072916718750003 0.558240740625 0.5740624999999999 0.558240740625
3 0.5740624999999999 0.6173148140625 0.5740624999999999 0.5513888890625 0.4755729171875 0.5513888890625 0.4755729171875 0.6173148140625 0.5740624999999999 0.6173148140625
3 0.7019791671875 0.3786111109375 0.7019791671875 0.2876851859375 0.5178125 0.2876851859375 0.5178125 0.3786111109375 0.7019791671875 0.3786111109375
3 0.6163020828125 0.4513888890625 0.6163020828125 0.367222221875 0.5165104171875 0.367222221875 0.5165104171875 0.4513888890625 0.6163020828125 0.4513888890625
3 0.5190625 0.35361111093750003 0.5190625 0.29675925937500003 0.48708333281250005 0.29675925937500003 0.48708333281250005 0.35361111093750003 0.5190625 0.35361111093750003
3 0.5190625 0.41953703750000004 0.5190625 0.35583333281249996 0.48708333281250005 0.35583333281249996 0.48708333281250005 0.41953703750000004 0.5190625 0.41953703750000004
3 0.48666666718749996 0.3548148140625 0.48666666718749996 0.29907407343750003 0.4625 0.29907407343750003 0.4625 0.3548148140625 0.48666666718749996 0.3548148140625
3 0.48765625 0.408796296875 0.48765625 0.35120370312500004 0.46453125 0.35120370312500004 0.46453125 0.408796296875 0.48765625 0.408796296875
3 0.4625 0.350277778125 0.4625 0.2909259265625 0.44244791718750004 0.2909259265625 0.44244791718750004 0.350277778125 0.4625 0.350277778125
3 0.4635416671875 0.40055555624999994 0.4635416671875 0.3438888890625 0.4419270828125 0.3438888890625 0.4419270828125 0.40055555624999994 0.4635416671875 0.40055555624999994
3 0.4378125 0.388703703125 0.4378125 0.3393518515625 0.41984374999999996 0.3393518515625 0.41984374999999996 0.388703703125 0.4378125 0.388703703125
3 0.4372916671875 0.3384259265625 0.4372916671875 0.29731481406250004 0.41984374999999996 0.29731481406250004 0.41984374999999996 0.3384259265625 0.4372916671875 0.3384259265625
3 0.4223958328125 0.3831481484375 0.4223958328125 0.3384259265625 0.40697916718749994 0.3384259265625 0.40697916718749994 0.3831481484375 0.4223958328125 0.3831481484375
3 0.4738020828125 0.375 0.4738020828125 0.2753703703125 0.3890104171875 0.2753703703125 0.3890104171875 0.375 0.4738020828125 0.375
3 0.3884895828125 0.3676851859375 0.3884895828125 0.3301851859375 0.3535416671875 0.3301851859375 0.3535416671875 0.3676851859375 0.3884895828125 0.3676851859375
3 0.3786979171875 0.48 0.3786979171875 0.43981481406249995 0.3494270828125 0.43981481406249995 0.3494270828125 0.48 0.3786979171875 0.48
3 0.38026041718750003 0.48555555625 0.38026041718750003 0.456296296875 0.36380208281250004 0.456296296875 0.36380208281250004 0.48555555625 0.38026041718750003 0.48555555625
3 0.46302083281249995 0.47453703750000004 0.46302083281249995 0.430740740625 0.37921875 0.430740740625 0.37921875 0.47453703750000004 0.46302083281249995 0.47453703750000004
3 0.3926041671875 0.509259259375 0.3926041671875 0.4754629625 0.38229166718749996 0.4754629625 0.38229166718749996 0.509259259375 0.3926041671875 0.509259259375
3 0.47432291718749997 0.5321296296875 0.47432291718749997 0.478240740625 0.39515625 0.478240740625 0.39515625 0.5321296296875 0.47432291718749997 0.5321296296875