1 0 0.1760416671875 0.13187500000000002 0.1760416671875 0.13187500000000002 0.12 0 0.12 0 0.1760416671875
1 0.1015625 0.48375 0.1015625 0.4185416671875 0.0009375 0.4185416671875 0.0009375 0.48375 0.1015625 0.48375
1 0.11921875 0.681875 0.11921875 0.6127083328125 0.00390625 0.6127083328125 0.00390625 0.681875 0.11921875 0.681875
1 0.37640625 0.0927083328125 0.37640625 0.0235416671875 0.18375 0.0235416671875 0.18375 0.0927083328125 0.37640625 0.0927083328125
1 0.36265625 0.1904166671875 0.36265625 0.12125 0.17203125 0.12125 0.17203125 0.1904166671875 0.36265625 0.1904166671875
1 0.5103125000000001 0.2204166671875 0.5103125000000001 0.14750000000000002 0.36359375 0.14750000000000002 0.36359375 0.2204166671875 0.5103125000000001 0.2204166671875
1 0.6157812500000001 0.1720833328125 0.6157812500000001 0.10833333281249999 0.48 0.10833333281249999 0.48 0.1720833328125 0.6157812500000001 0.1720833328125
1 0.61875 0.2477083328125 0.61875 0.1904166671875 0.50828125 0.1904166671875 0.50828125 0.2477083328125 0.61875 0.2477083328125
1 0.7184375000000001 0.2816666671875 0.7184375000000001 0.22562500000000002 0.6315625 0.22562500000000002 0.6315625 0.2816666671875 0.7184375000000001 0.2816666671875
1 0.49953125 0.409375 0.49953125 0.3572916671875 0.25015624999999997 0.3572916671875 0.25015624999999997 0.409375 0.49953125 0.409375
1 0.33625 0.54375 0.33625 0.47583333281250006 0.14859375 0.47583333281250006 0.14859375 0.54375 0.33625 0.54375
1 0.33625 0.6610416671875 0.33625 0.5854166671875001 0.15546875 0.5854166671875001 0.15546875 0.6610416671875 0.33625 0.6610416671875
1 0.49468750000000006 0.5189583328125 0.49468750000000006 0.45625 0.33718750000000003 0.45625 0.33718750000000003 0.5189583328125 0.49468750000000006 0.5189583328125
1 0.4965625 0.624375 0.4965625 0.5502083328125 0.33921875 0.5502083328125 0.33921875 0.624375 0.4965625 0.624375
1 0.6090625000000001 0.5045833328125 0.6090625000000001 0.4497916671875 0.4965625 0.4497916671875 0.4965625 0.5045833328125 0.6090625000000001 0.5045833328125
1 0.6079687500000001 0.5854166671875001 0.6079687500000001 0.5397916671874999 0.4965625 0.5397916671874999 0.4965625 0.5854166671875001 0.6079687500000001 0.5854166671875001
1 0.71265625 0.436875 0.71265625 0.39895833281250004 0.62953125 0.39895833281250004 0.62953125 0.436875 0.71265625 0.436875
1 0.6989062500000001 0.5527083328125 0.6989062500000001 0.5058333328125 0.6265625 0.5058333328125 0.6265625 0.5527083328125 0.6989062500000001 0.5527083328125
1 0.8025 0.436875 0.8025 0.4029166671875 0.71171875 0.4029166671875 0.71171875 0.436875 0.8025 0.436875
1 0.7946875 0.5254166671875 0.7946875 0.48375 0.7546875 0.48375 0.7546875 0.5254166671875 0.7946875 0.5254166671875
1 0.7537499999999999 0.5370833328125 0.7537499999999999 0.49416666718749996 0.69984375 0.49416666718749996 0.69984375 0.5370833328125 0.7537499999999999 0.5370833328125
1 0.93453125 0.5033333328125 0.93453125 0.47062499999999996 0.8357812499999999 0.47062499999999996 0.8357812499999999 0.5033333328125 0.93453125 0.5033333328125
1 0.93265625 0.5554166671874999 0.93265625 0.5175 0.8387499999999999 0.5175 0.8387499999999999 0.5554166671874999 0.93265625 0.5554166671874999
1 0.70578125 0.074375 0.70578125 0.0027083328125 0.6325000000000001 0.0027083328125 0.6325000000000001 0.074375 0.70578125 0.074375
1 0.75265625 0.10833333281249999 0.75265625 0.057499999999999996 0.70375 0.057499999999999996 0.70375 0.10833333281249999 0.75265625 0.10833333281249999
1 0.7928124999999999 0.1422916671875 0.7928124999999999 0.0979166671875 0.75265625 0.0979166671875 0.75265625 0.1422916671875 0.7928124999999999 0.1422916671875
1 0.8025 0.23479166718750002 0.8025 0.1983333328125 0.764375 0.1983333328125 0.764375 0.23479166718750002 0.8025 0.23479166718750002
1 0.8045312499999999 0.30895833281249996 0.8045312499999999 0.27770833281249996 0.76046875 0.27770833281249996 0.76046875 0.30895833281249996 0.8045312499999999 0.30895833281249996
4 0.6125 0.103125 0.6125 0.31083333281250003 0.77015625 0.31083333281250003 0.77015625 0.103125 0.6125 0.103125