1 0.9196354171875001 0.2921296296875 0.9196354171875001 0.2078703703125 0.8367708328125 0.2078703703125 0.8367708328125 0.2921296296875 0.9196354171875001 0.2921296296875
1 0.91671875 0.33944444375 0.91671875 0.25 0.8367708328125 0.25 0.8367708328125 0.33944444375 0.91671875 0.33944444375
1 1 0.23324074062500003 0.9154687499999999 0.23324074062500003 0.9154687499999999 0.3 1 0.3 1 0.23324074062500003
1 0.9035416671875 0.7206481484375 0.9035416671875 0.637222221875 0.8300000000000001 0.637222221875 0.8300000000000001 0.7206481484375 0.9035416671875 0.7206481484375
1 0.7490104171875 0.62398148125 0.7490104171875 0.5709259265625 0.7148958328125 0.5709259265625 0.7148958328125 0.62398148125 0.7490104171875 0.62398148125
1 0.8331770828125 0.6448148140625001 0.8331770828125 0.5861111109375 0.7490104171875 0.5861111109375 0.7490104171875 0.6448148140625001 0.8331770828125 0.6448148140625001
1 0.8331770828125 0.46481481406249997 0.8331770828125 0.4193518515625 0.7479166671875 0.4193518515625 0.7479166671875 0.46481481406249997 0.8331770828125 0.46481481406249997
1 0.7990625 0.2943518515625 0.7990625 0.24694444375 0.7297916671875 0.24694444375 0.7297916671875 0.2943518515625 0.7990625 0.2943518515625
1 0.8321354171875001 0.3474074078125 0.8321354171875001 0.3056481484375 0.7628645828125 0.3056481484375 0.7628645828125 0.3474074078125 0.8321354171875001 0.3474074078125
1 0.765 0.3720370375 0.765 0.32083333281250004 0.7266145828125 0.32083333281250004 0.7266145828125 0.3720370375 0.765 0.3720370375
1 0.7436458328125 0.38148148125 0.7436458328125 0.3340740734375 0.7053125 0.3340740734375 0.7053125 0.38148148125 0.7436458328125 0.38148148125
1 0.7084895828125 0.38703703749999996 0.7084895828125 0.35046296250000003 0.6802083328124999 0.35046296250000003 0.6802083328124999 0.38703703749999996 0.7084895828125 0.38703703749999996
1 0.68640625 0.38703703749999996 0.68640625 0.3641666671875 0.6637500000000001 0.3641666671875 0.6637500000000001 0.38703703749999996 0.68640625 0.38703703749999996
1 0.7002604171875 0.33768518593749997 0.7002604171875 0.3129629625 0.66171875 0.3129629625 0.66171875 0.33768518593749997 0.7002604171875 0.33768518593749997
1 0.6606770828124999 0.3568518515625 0.6606770828124999 0.3395370375 0.6365104171875 0.3395370375 0.6365104171875 0.3568518515625 0.6606770828124999 0.3568518515625
1 0.66328125 0.39342592656250003 0.66328125 0.37148148124999997 0.63859375 0.37148148124999997 0.63859375 0.39342592656250003 0.66328125 0.39342592656250003
1 0.6427083328125 0.400740740625 0.6427083328125 0.3806481484375 0.62265625 0.3806481484375 0.62265625 0.400740740625 0.6427083328125 0.400740740625
1 0.6884375 0.554259259375 0.6884375 0.525 0.6683854171875 0.525 0.6683854171875 0.554259259375 0.6884375 0.554259259375
1 0.7110416671875 0.5651851859375 0.7110416671875 0.5323148140625 0.6879166671875 0.5323148140625 0.6879166671875 0.5651851859375 0.7110416671875 0.5651851859375
1 0.7105729171874999 0.6163888890625 0.7105729171874999 0.5798148140625 0.6884375 0.5798148140625 0.6884375 0.6163888890625 0.7105729171874999 0.6163888890625
1 0.6905208328125 0.6053703703125 0.6905208328125 0.5715740734375 0.6683854171875 0.5715740734375 0.6683854171875 0.6053703703125 0.6905208328125 0.6053703703125
1 0.6699479171875 0.5880555562499999 0.6699479171875 0.5615740734375 0.6509375000000001 0.5615740734375 0.6509375000000001 0.5880555562499999 0.6699479171875 0.5880555562499999
1 0.6560416671875 0.543240740625 0.6560416671875 0.5149074078125 0.6267708328125 0.5149074078125 0.6267708328125 0.543240740625 0.6560416671875 0.543240740625
1 0.6905208328125 0.24814814843750002 0.6905208328125 0.21064814843750002 0.64375 0.21064814843750002 0.64375 0.24814814843750002 0.6905208328125 0.24814814843750002
1 0.6514583328125 0.268240740625 0.6514583328125 0.2325925921875 0.6339583328125 0.2325925921875 0.6339583328125 0.268240740625 0.6514583328125 0.268240740625
1 0.6396354171875 0.2774074078125 0.6396354171875 0.257222221875 0.620625 0.257222221875 0.620625 0.2774074078125 0.6396354171875 0.2774074078125
1 0.7044270828125 0.20416666718749998 0.7044270828125 0.15657407343750002 0.6678645828125 0.15657407343750002 0.6678645828125 0.20416666718749998 0.7044270828125 0.20416666718749998
1 0.7321354171875 0.1745370375 0.7321354171875 0.115277778125 0.7000520828125001 0.115277778125 0.7000520828125001 0.1745370375 0.7321354171875 0.1745370375
1 0.766875 0.14314814843749998 0.766875 0.0651851859375 0.7301041671874999 0.0651851859375 0.7301041671874999 0.14314814843749998 0.766875 0.14314814843749998
1 0.7302604171875 0.001203703125 0.7302604171875 0.0751851859375 0.7657291671875 0.0751851859375 0.7657291671875 0.001203703125 0.7302604171875 0.001203703125
1 0.7682291671875 0 0.7682291671875 0.103240740625 0.83125 0.103240740625 0.83125 0 0.7682291671875 0
1 0.2699479171875 0.1140740734375 0.2699479171875 0.0121296296875 0.2292708328125 0.0121296296875 0.2292708328125 0.1140740734375 0.2699479171875 0.1140740734375
1 0.3051041671875 0.1579629625 0.3051041671875 0.05592592656249999 0.26687500000000003 0.05592592656249999 0.26687500000000003 0.1579629625 0.3051041671875 0.1579629625
1 0.3285416671875 0.19194444375 0.3285416671875 0.1315740734375 0.3057291671875 0.1315740734375 0.3057291671875 0.19194444375 0.3285416671875 0.19194444375
1 0.32979166718749997 0.125 0.32979166718749997 0.0570370375 0.2915625 0.0570370375 0.2915625 0.125 0.32979166718749997 0.125
1 0.2384895828125 0.29722222187499997 0.2384895828125 0.21824074062499998 0.18609375 0.21824074062499998 0.18609375 0.29722222187499997 0.2384895828125 0.29722222187499997
1 0.2847395828125 0.3103703703125 0.2847395828125 0.24898148125000003 0.2391145828125 0.24898148125000003 0.2391145828125 0.3103703703125 0.2847395828125 0.3103703703125
1 0.1084375 0.356203703125 0.1084375 0.22787037031250001 0.00046875 0.22787037031250001 0.00046875 0.356203703125 0.1084375 0.356203703125
1 0.18859375 0.3781481484375 0.18859375 0.26851851875 0.1065625 0.26851851875 0.1065625 0.3781481484375 0.18859375 0.3781481484375
1 0.23734375000000002 0.3825 0.23734375000000002 0.3156481484375 0.1855208328125 0.3156481484375 0.1855208328125 0.3825 0.23734375000000002 0.3825
1 0.27989583281249997 0.4000925921875 0.27989583281249997 0.33314814843749996 0.23609375 0.33314814843749996 0.23609375 0.4000925921875 0.27989583281249997 0.4000925921875
1 0.30822916718750004 0.40222222187499995 0.30822916718750004 0.3496296296875 0.2755729171875 0.3496296296875 0.2755729171875 0.40222222187499995 0.30822916718750004 0.40222222187499995
1 0.33109375 0.34629629687499996 0.33109375 0.30351851875 0.271875 0.30351851875 0.271875 0.34629629687499996 0.33109375 0.34629629687499996
1 0.33046875 0.40444444375 0.33046875 0.36055555625 0.30515625 0.36055555625 0.30515625 0.40444444375 0.33046875 0.40444444375
1 0.2397916671875 0.5448148140625 0.2397916671875 0.47574074062499994 0.00046875 0.47574074062499994 0.00046875 0.5448148140625 0.2397916671875 0.5448148140625
1 0.2397916671875 0.65444444375 0.2397916671875 0.566759259375 0.0010937499999999999 0.566759259375 0.0010937499999999999 0.65444444375 0.2397916671875 0.65444444375
1 0.4532291671875 0.5734259265625 0.4532291671875 0.5536111109374999 0.40203125 0.5536111109374999 0.40203125 0.5734259265625 0.4532291671875 0.5734259265625
1 0.5031770828125001 0.5734259265625 0.5031770828125001 0.54601851875 0.4526041671875 0.54601851875 0.4526041671875 0.5734259265625 0.5031770828125001 0.5734259265625
1 0.5561979171875 0.571203703125 0.5561979171875 0.5481481484375 0.5031770828125001 0.5481481484375 0.5031770828125001 0.571203703125 0.5561979171875 0.571203703125
1 0.3483854171875 0.35296296250000003 0.3483854171875 0.30805555625 0.32677083281249997 0.30805555625 0.32677083281249997 0.35296296250000003 0.3483854171875 0.35296296250000003
1 0.3613020828125 0.36287037031249997 0.3613020828125 0.33546296249999996 0.3458854171875 0.33546296249999996 0.3458854171875 0.36287037031249997 0.3613020828125 0.36287037031249997
1 0.3477604171875 0.40888888906250004 0.3477604171875 0.3803703703125 0.33046875 0.3803703703125 0.33046875 0.40888888906250004 0.3477604171875 0.40888888906250004
1 0.365 0.412222221875 0.365 0.3859259265625 0.3495833328125 0.3859259265625 0.3495833328125 0.412222221875 0.365 0.412222221875
1 0.3495833328125 0.481296296875 0.3495833328125 0.4604629625 0.32984375 0.4604629625 0.32984375 0.481296296875 0.3495833328125 0.481296296875
1 0.368125 0.481296296875 0.368125 0.45388888906249997 0.35020833281249997 0.45388888906249997 0.35020833281249997 0.481296296875 0.368125 0.481296296875
1 0.37921875 0.5098148140625 0.37921875 0.4911111109375 0.365 0.4911111109375 0.365 0.5098148140625 0.37921875 0.5098148140625
1 0.37984375 0.5525925921875 0.37984375 0.532777778125 0.365 0.532777778125 0.365 0.5525925921875 0.37984375 0.5525925921875
1 0.37859375 0.5986111109375 0.37859375 0.5734259265625 0.3675 0.5734259265625 0.3675 0.5986111109375 0.37859375 0.5986111109375
1 0.3421875 0.58 0.3421875 0.537222221875 0.3015104171875 0.537222221875 0.3015104171875 0.58 0.3421875 0.58
1 0.30026041718749996 0.62055555625 0.30026041718749996 0.5766666671875 0.274375 0.5766666671875 0.274375 0.62055555625 0.30026041718749996 0.62055555625
1 0.2786458328125 0.5021296296875 0.2786458328125 0.458240740625 0.23921874999999998 0.458240740625 0.23921874999999998 0.5021296296875 0.2786458328125 0.5021296296875
1 0.34713541718749996 0.21925925937500002 0.34713541718749996 0.1633333328125 0.3280208328125 0.1633333328125 0.3280208328125 0.21925925937500002 0.34713541718749996 0.21925925937500002
1 0.36192708281249997 0.236759259375 0.36192708281249997 0.196203703125 0.3477604171875 0.196203703125 0.3477604171875 0.236759259375 0.36192708281249997 0.236759259375
1 0.3606770828125 0.18416666718750002 0.3606770828125 0.1436111109375 0.3452604171875 0.1436111109375 0.3452604171875 0.18416666718750002 0.3606770828125 0.18416666718750002
1 0.32078125 0.0016666671875 0.32078125 0.0450925921875 0.35119791718750004 0.0450925921875 0.35119791718750004 0.0016666671875 0.32078125 0.0016666671875
1 0.3336458328125 0.022222221875 0.3336458328125 0.0945370375 0.36833333281249997 0.0945370375 0.36833333281249997 0.022222221875 0.3336458328125 0.022222221875
1 0.19437500000000002 0.8981481484374999 0.19437500000000002 0.7556481484375001 0.0010937499999999999 0.7556481484375001 0.0010937499999999999 0.8981481484374999 0.19437500000000002 0.8981481484374999
1 0.24625 0.7995370375 0.24625 0.7035185187499999 0.1866666671875 0.7035185187499999 0.1866666671875 0.7995370375 0.24625 0.7995370375
1 0.3058854171875 0.6971296296875 0.3058854171875 0.6359259265625 0.26838541718750003 0.6359259265625 0.26838541718750003 0.6971296296875 0.3058854171875 0.6971296296875
1 0.3434375 0.66148148125 0.3434375 0.60851851875 0.30125 0.60851851875 0.30125 0.66148148125 0.3434375 0.66148148125
4 0.9990625 0.733796296875 0.9990625 0.42000000000000004 0.8983333328124999 0.42000000000000004 0.8983333328124999 0.733796296875 0.9990625 0.733796296875
4 0.2821875 0.7288888890624999 0.2821875 0.47888888906249993 0.23463541718749997 0.47888888906249993 0.23463541718749997 0.7288888890624999 0.2821875 0.7288888890624999
4 0.3249479171875 0.463796296875 0.3249479171875 0.6382407406249999 0.3534895828125 0.6382407406249999 0.3534895828125 0.463796296875 0.3249479171875 0.463796296875
4 0.3710416671875 0.61601851875 0.3710416671875 0.46824074062500004 0.3509895828125 0.46824074062500004 0.3509895828125 0.61601851875 0.3710416671875 0.61601851875
4 0.7027604171874999 0.1708333328125 0.7027604171874999 0.372777778125 0.7922916671875 0.372777778125 0.7922916671875 0.1708333328125 0.7027604171874999 0.1708333328125
3 0.551875 0.53 0.551875 0.5101851859375001 0.5280729171874999 0.5101851859375001 0.5280729171874999 0.53 0.551875 0.53
3 0.551875 0.546759259375 0.551875 0.53 0.5290625 0.53 0.5290625 0.546759259375 0.551875 0.546759259375
3 0.5513541671875 0.3704629625 0.5513541671875 0.35064814843750003 0.5288020828125 0.35064814843750003 0.5288020828125 0.3704629625 0.5513541671875 0.3704629625
3 0.55234375 0.383703703125 0.55234375 0.3713888890625 0.5288020828125 0.3713888890625 0.5288020828125 0.383703703125 0.55234375 0.383703703125
3 0.5521354171875 0.39824074062500003 0.5521354171875 0.383703703125 0.5295833328125 0.383703703125 0.5295833328125 0.39824074062500003 0.5521354171875 0.39824074062500003
3 0.5511458328125001 0.412777778125 0.5511458328125001 0.3991666671875 0.5295833328125 0.3991666671875 0.5295833328125 0.412777778125 0.5511458328125001 0.412777778125
3 0.5513541671875 0.43 0.5513541671875 0.41231481406250003 0.5295833328125 0.41231481406250003 0.5295833328125 0.43 0.5513541671875 0.43
3 0.5508854171875 0.4440740734375 0.5508854171875 0.43 0.5295833328125 0.43 0.5295833328125 0.4440740734375 0.5508854171875 0.4440740734375
3 0.5508854171875 0.45861111093750007 0.5508854171875 0.4440740734375 0.5295833328125 0.4440740734375 0.5295833328125 0.45861111093750007 0.5508854171875 0.45861111093750007
3 0.5513541671875 0.47537037031249996 0.5513541671875 0.45953703749999997 0.5293229171875 0.45953703749999997 0.5293229171875 0.47537037031249996 0.5513541671875 0.47537037031249996
3 0.5513541671875 0.49435185156249994 0.5513541671875 0.47583333281250006 0.5300520828125 0.47583333281250006 0.5300520828125 0.49435185156249994 0.5513541671875 0.49435185156249994
3 0.551875 0.5084259265625 0.551875 0.49435185156249994 0.5300520828125 0.49435185156249994 0.5300520828125 0.5084259265625 0.551875 0.5084259265625
3 0.5283333328125 0.39694444375 0.5283333328125 0.3811111109375 0.5047916671875 0.3811111109375 0.5047916671875 0.39694444375 0.5283333328125 0.39694444375
3 0.52859375 0.412777778125 0.52859375 0.39694444375 0.5047916671875 0.39694444375 0.5047916671875 0.412777778125 0.52859375 0.412777778125
3 0.5283333328125 0.4308333328125 0.5283333328125 0.412777778125 0.5040104171875 0.412777778125 0.5040104171875 0.4308333328125 0.5283333328125 0.4308333328125
3 0.5280729171874999 0.44759259218749997 0.5280729171874999 0.4308333328125 0.5040104171875 0.4308333328125 0.5040104171875 0.44759259218749997 0.5280729171874999 0.44759259218749997
3 0.5280729171874999 0.4625925921875 0.5280729171874999 0.44759259218749997 0.50453125 0.44759259218749997 0.50453125 0.4625925921875 0.5280729171874999 0.4625925921875
3 0.5276041671875 0.47888888906249993 0.5276041671875 0.46305555624999994 0.50453125 0.46305555624999994 0.50453125 0.47888888906249993 0.5276041671875 0.47888888906249993
3 0.5276041671875 0.498240740625 0.5276041671875 0.47888888906249993 0.50453125 0.47888888906249993 0.50453125 0.498240740625 0.5276041671875 0.498240740625
3 0.5265625 0.5128703703124999 0.5265625 0.498240740625 0.50453125 0.498240740625 0.50453125 0.5128703703124999 0.5265625 0.5128703703124999
3 0.5265625 0.5348148140625 0.5265625 0.5128703703124999 0.5040104171875 0.5128703703124999 0.5040104171875 0.5348148140625 0.5265625 0.5348148140625
3 0.52859375 0.550740740625 0.52859375 0.5348148140625 0.5038020828125 0.5348148140625 0.5038020828125 0.550740740625 0.52859375 0.550740740625
3 0.5018229171875 0.3828703703125 0.5018229171875 0.3656481484375 0.47750000000000004 0.3656481484375 0.47750000000000004 0.3828703703125 0.5018229171875 0.3828703703125
3 0.5018229171875 0.40222222187499995 0.5018229171875 0.383703703125 0.47776041718749995 0.383703703125 0.47776041718749995 0.40222222187499995 0.5018229171875 0.40222222187499995
3 0.5015625 0.41805555625 0.5015625 0.40222222187499995 0.47750000000000004 0.40222222187499995 0.47750000000000004 0.41805555625 0.5015625 0.41805555625
3 0.5015625 0.435740740625 0.5015625 0.41805555625 0.47776041718749995 0.41805555625 0.47776041718749995 0.435740740625 0.5015625 0.435740740625
3 0.5018229171875 0.45203703749999996 0.5018229171875 0.435740740625 0.47776041718749995 0.435740740625 0.47776041718749995 0.45203703749999996 0.5018229171875 0.45203703749999996
3 0.5018229171875 0.4691666671875 0.5018229171875 0.4533333328125 0.47848958281250004 0.4533333328125 0.47848958281250004 0.4691666671875 0.5018229171875 0.4691666671875
3 0.50203125 0.4863888890625 0.50203125 0.46962962968750005 0.47848958281250004 0.46962962968750005 0.47848958281250004 0.4863888890625 0.50203125 0.4863888890625
3 0.50203125 0.5031481484375 0.50203125 0.4863888890625 0.4780208328125 0.4863888890625 0.4780208328125 0.5031481484375 0.50203125 0.5031481484375
3 0.50203125 0.5212037031250001 0.50203125 0.5031481484375 0.4780208328125 0.5031481484375 0.4780208328125 0.5212037031250001 0.50203125 0.5212037031250001
3 0.50203125 0.535740740625 0.50203125 0.5212037031250001 0.4790104171875 0.5212037031250001 0.4790104171875 0.535740740625 0.50203125 0.535740740625
3 0.5030208328125 0.5525 0.5030208328125 0.5366666671875 0.4790104171875 0.5366666671875 0.4790104171875 0.5525 0.5030208328125 0.5525
3 0.4546875 0.3608333328125 0.4546875 0.3736111109375 0.47750000000000004 0.3736111109375 0.47750000000000004 0.3608333328125 0.4546875 0.3608333328125
3 0.47578125 0.385 0.47578125 0.37398148125 0.4532291671875 0.37398148125 0.4532291671875 0.385 0.47578125 0.385
3 0.4760416671875 0.39342592656250003 0.4760416671875 0.385 0.45296875 0.385 0.45296875 0.39342592656250003 0.4760416671875 0.39342592656250003
3 0.4765104171875 0.40444444375 0.4765104171875 0.3951851859375 0.4532291671875 0.3951851859375 0.4532291671875 0.40444444375 0.4765104171875 0.40444444375
3 0.4765104171875 0.41629629687499997 0.4765104171875 0.40574074062500004 0.4536979171875 0.40574074062500004 0.4536979171875 0.41629629687499997 0.4765104171875 0.41629629687499997
3 0.47703125 0.42731481406249994 0.47703125 0.41629629687499997 0.4532291671875 0.41629629687499997 0.4532291671875 0.42731481406249994 0.47703125 0.42731481406249994
3 0.4765104171875 0.439722221875 0.4765104171875 0.42907407343750004 0.45421875 0.42907407343750004 0.45421875 0.439722221875 0.4765104171875 0.439722221875
3 0.4772395828125 0.45074074062499997 0.4772395828125 0.439722221875 0.45421875 0.439722221875 0.45421875 0.45074074062499997 0.4772395828125 0.45074074062499997
3 0.47703125 0.46212962968750004 0.47703125 0.45074074062499997 0.45494791718750005 0.45074074062499997 0.45494791718750005 0.46212962968750004 0.47703125 0.46212962968750004
3 0.4765104171875 0.47268518593750003 0.4765104171875 0.46212962968750004 0.45494791718750005 0.46212962968750004 0.45494791718750005 0.47268518593750003 0.4765104171875 0.47268518593750003
3 0.4765104171875 0.48546296250000004 0.4765104171875 0.47268518593750003 0.45447916718750003 0.47268518593750003 0.45447916718750003 0.48546296250000004 0.4765104171875 0.48546296250000004
3 0.47776041718749995 0.5018518515625 0.47776041718749995 0.48546296250000004 0.4546875 0.48546296250000004 0.4546875 0.5018518515625 0.47776041718749995 0.5018518515625
3 0.47776041718749995 0.520277778125 0.47776041718749995 0.5026851859375 0.45421875 0.5026851859375 0.45421875 0.520277778125 0.47776041718749995 0.520277778125
3 0.4780208328125 0.536203703125 0.4780208328125 0.520740740625 0.45421875 0.520740740625 0.45421875 0.536203703125 0.4780208328125 0.536203703125
3 0.4780208328125 0.551203703125 0.4780208328125 0.5366666671875 0.45520833281249995 0.5366666671875 0.45520833281249995 0.551203703125 0.4780208328125 0.551203703125
3 0.4536979171875 0.3704629625 0.4536979171875 0.35111111093749997 0.42744791718749997 0.35111111093749997 0.42744791718749997 0.3704629625 0.4536979171875 0.3704629625
3 0.4536979171875 0.3881481484375 0.4536979171875 0.3709259265625 0.42744791718749997 0.3709259265625 0.42744791718749997 0.3881481484375 0.4536979171875 0.3881481484375
3 0.45125000000000004 0.40750000000000003 0.45125000000000004 0.3881481484375 0.42744791718749997 0.3881481484375 0.42744791718749997 0.40750000000000003 0.45125000000000004 0.40750000000000003
3 0.45072916718749995 0.42555555624999997 0.45072916718749995 0.40750000000000003 0.42744791718749997 0.40750000000000003 0.42744791718749997 0.42555555624999997 0.45072916718749995 0.42555555624999997
3 0.4525 0.4423148140625 0.4525 0.42601851875 0.42744791718749997 0.42601851875 0.42744791718749997 0.4423148140625 0.4525 0.4423148140625
3 0.4522395828125 0.45990740781249995 0.4522395828125 0.4423148140625 0.42817708281250005 0.4423148140625 0.42817708281250005 0.45990740781249995 0.4522395828125 0.45990740781249995
3 0.4532291671875 0.476296296875 0.4532291671875 0.45990740781249995 0.42843749999999997 0.45990740781249995 0.42843749999999997 0.476296296875 0.4532291671875 0.476296296875
3 0.4532291671875 0.49435185156249994 0.4532291671875 0.476296296875 0.4291666671875 0.476296296875 0.4291666671875 0.49435185156249994 0.4532291671875 0.49435185156249994
3 0.45171875000000006 0.51101851875 0.45171875000000006 0.49435185156249994 0.4291666671875 0.49435185156249994 0.4291666671875 0.51101851875 0.45171875000000006 0.51101851875
3 0.4522395828125 0.554722221875 0.4522395828125 0.5114814812499999 0.42942708281249997 0.5114814812499999 0.42942708281249997 0.554722221875 0.4522395828125 0.554722221875
3 0.42744791718749997 0.3713888890625 0.42744791718749997 0.34805555625 0.40093750000000006 0.34805555625 0.40093750000000006 0.3713888890625 0.42744791718749997 0.3713888890625
3 0.42744791718749997 0.3899074078125 0.42744791718749997 0.3713888890625 0.4036458328125 0.3713888890625 0.4036458328125 0.3899074078125 0.42744791718749997 0.3899074078125
3 0.42671875000000004 0.4049074078125 0.42671875000000004 0.3899074078125 0.40265625 0.3899074078125 0.40265625 0.4049074078125 0.42671875000000004 0.4049074078125
3 0.4264583328125 0.42472222187500003 0.4264583328125 0.40574074062500004 0.40437500000000004 0.40574074062500004 0.40437500000000004 0.42472222187500003 0.4264583328125 0.42472222187500003
3 0.4261979171875 0.439722221875 0.4261979171875 0.42472222187500003 0.40437500000000004 0.42472222187500003 0.40437500000000004 0.439722221875 0.4261979171875 0.439722221875
3 0.4261979171875 0.45861111093750007 0.4261979171875 0.439722221875 0.4036458328125 0.439722221875 0.4036458328125 0.45861111093750007 0.4261979171875 0.45861111093750007
3 0.42843749999999997 0.47444444375000006 0.42843749999999997 0.45861111093750007 0.4036458328125 0.45861111093750007 0.4036458328125 0.47444444375000006 0.42843749999999997 0.47444444375000006
3 0.42817708281250005 0.4921296296875 0.42817708281250005 0.47407407343749997 0.40463541718749996 0.47407407343749997 0.40463541718749996 0.4921296296875 0.42817708281250005 0.4921296296875
3 0.4286979171875 0.5066666671875 0.4286979171875 0.4921296296875 0.40463541718749996 0.4921296296875 0.40463541718749996 0.5066666671875 0.4286979171875 0.5066666671875
3 0.42890625 0.52601851875 0.42890625 0.5075000000000001 0.40416666718750005 0.5075000000000001 0.40416666718750005 0.52601851875 0.42890625 0.52601851875
3 0.42817708281250005 0.538796296875 0.42817708281250005 0.52601851875 0.40416666718750005 0.52601851875 0.40416666718750005 0.538796296875 0.42817708281250005 0.538796296875
3 0.42817708281250005 0.5573148140625 0.42817708281250005 0.538796296875 0.403125 0.538796296875 0.403125 0.5573148140625 0.42817708281250005 0.5573148140625