1 0.5740624999999999 0.032708332812500004 0.5740624999999999 0.1864583328125 0.826875 0.1864583328125 0.826875 0.032708332812500004 0.5740624999999999 0.032708332812500004
1 0.37109375 0.001875 0.37109375 0.12125 0.68078125 0.12125 0.68078125 0.001875 0.37109375 0.001875
1 0.8884375 0.12250000000000001 0.8884375 0.045416667187499996 0.81640625 0.045416667187499996 0.81640625 0.12250000000000001 0.8884375 0.12250000000000001
1 0.8903125 0.20187499999999997 0.8903125 0.10958333281249999 0.81734375 0.10958333281249999 0.81734375 0.20187499999999997 0.8903125 0.20187499999999997
1 0.9471875000000001 0.1647916671875 0.9471875000000001 0.103125 0.8875 0.103125 0.8875 0.1647916671875 0.9471875000000001 0.1647916671875
1 0.94140625 0.2327083328125 0.94140625 0.17250000000000001 0.89515625 0.17250000000000001 0.89515625 0.2327083328125 0.94140625 0.2327083328125
1 0.97890625 0.26208333281249996 0.97890625 0.200625 0.9403124999999999 0.200625 0.9403124999999999 0.26208333281249996 0.97890625 0.26208333281249996
1 1 0.23395833281249998 0.98171875 0.23395833281249998 0.98171875 0.2814583328125 1 0.2814583328125 1 0.23395833281249998
3 0.9935937499999999 0.6216666671875 0.9935937499999999 0.5204166671875 0.9228125 0.5204166671875 0.9228125 0.6216666671875 0.9935937499999999 0.6216666671875
3 0.90359375 0.5777083328125 0.90359375 0.5289583328125 0.87890625 0.5289583328125 0.87890625 0.5777083328125 0.90359375 0.5777083328125
3 0.8839062500000001 0.589375 0.8839062500000001 0.4947916671875 0.8375 0.4947916671875 0.8375 0.589375 0.8839062500000001 0.589375
3 0.84375 0.6045833328125 0.84375 0.4777083328125 0.70421875 0.4777083328125 0.70421875 0.6045833328125 0.84375 0.6045833328125
3 0.74875 0.5591666671875 0.74875 0.5052083328125 0.6470312500000001 0.5052083328125 0.6470312500000001 0.5591666671875 0.74875 0.5591666671875
3 0.7496875000000001 0.6012500000000001 0.7496875000000001 0.560625 0.6470312500000001 0.560625 0.6470312500000001 0.6012500000000001 0.7496875000000001 0.6012500000000001
3 0.74671875 0.6289583328125 0.74671875 0.586875 0.6470312500000001 0.586875 0.6470312500000001 0.6289583328125 0.74671875 0.6289583328125
3 0.65890625 0.6527083328125001 0.65890625 0.5658333328125 0.5375 0.5658333328125 0.5375 0.6527083328125001 0.65890625 0.6527083328125001
3 0.55625 0.6920833328125 0.55625 0.5670833328125 0.38453125 0.5670833328125 0.38453125 0.6920833328125 0.55625 0.6920833328125
3 0.26125 0.72375 0.26125 0.5829166671875 0.118125 0.5829166671875 0.118125 0.72375 0.26125 0.72375
3 0.15859375 0.45520833281249995 0.15859375 0.36583333281249997 0.05390625 0.36583333281249997 0.05390625 0.45520833281249995 0.15859375 0.45520833281249995
3 0.05390625 0.460625 0.05390625 0.36833333281249997 0.0017187500000000002 0.36833333281249997 0.0017187500000000002 0.460625 0.05390625 0.460625
3 0.263125 0.37625000000000003 0.263125 0.29874999999999996 0.1575 0.29874999999999996 0.1575 0.37625000000000003 0.263125 0.37625000000000003
3 0.26609375 0.45520833281249995 0.26609375 0.37374999999999997 0.1615625 0.37374999999999997 0.1615625 0.45520833281249995 0.26609375 0.45520833281249995
3 0.35296875 0.38166666718750003 0.35296875 0.30125 0.25921875 0.30125 0.25921875 0.38166666718750003 0.35296875 0.38166666718750003
3 0.35296875 0.45 0.35296875 0.375 0.25828125 0.375 0.25828125 0.45 0.35296875 0.45
3 0.44171875 0.37625000000000003 0.44171875 0.3039583328125 0.35203125 0.3039583328125 0.35203125 0.37625000000000003 0.44171875 0.37625000000000003
3 0.44171875 0.45 0.44171875 0.37625000000000003 0.34500000000000003 0.37625000000000003 0.34500000000000003 0.45 0.44171875 0.45
3 0.51875 0.44333333281250004 0.51875 0.3789583328125 0.43484375000000003 0.3789583328125 0.43484375000000003 0.44333333281250004 0.51875 0.44333333281250004
3 0.52265625 0.385625 0.52265625 0.3079166671875 0.43578124999999995 0.3079166671875 0.43578124999999995 0.385625 0.52265625 0.385625
3 0.5996875 0.44875 0.5996875 0.31437499999999996 0.51671875 0.31437499999999996 0.51671875 0.44875 0.5996875 0.44875
3 0.656875 0.4447916671875 0.656875 0.39729166718750003 0.56703125 0.39729166718750003 0.56703125 0.4447916671875 0.656875 0.4447916671875
3 0.80390625 0.44604166718749994 0.80390625 0.37625000000000003 0.6795312499999999 0.37625000000000003 0.6795312499999999 0.44604166718749994 0.80390625 0.44604166718749994
3 0.8800000000000001 0.45395833281250003 0.8800000000000001 0.3933333328125 0.80203125 0.3933333328125 0.80203125 0.45395833281250003 0.8800000000000001 0.45395833281250003
3 0.90953125 0.45125000000000004 0.90953125 0.4 0.881875 0.4 0.881875 0.45125000000000004 0.90953125 0.45125000000000004
3 0.94015625 0.40125 0.94015625 0.375 0.87203125 0.375 0.87203125 0.40125 0.94015625 0.40125
3 0.94015625 0.425 0.94015625 0.4027083328125 0.89765625 0.4027083328125 0.89765625 0.425 0.94015625 0.425
3 0.93421875 0.4527083328125 0.93421875 0.4222916671875 0.89765625 0.4222916671875 0.89765625 0.4527083328125 0.93421875 0.4527083328125
3 0.9776562500000001 0.4 0.9776562500000001 0.37374999999999997 0.945 0.37374999999999997 0.945 0.4 0.9776562500000001 0.4
3 0.9776562500000001 0.4183333328125 0.9776562500000001 0.4 0.9440625 0.4 0.9440625 0.4183333328125 0.9776562500000001 0.4183333328125
3 0.975625 0.44333333281250004 0.975625 0.4183333328125 0.9440625 0.4183333328125 0.9440625 0.44333333281250004 0.975625 0.44333333281250004
3 0.6810937499999999 0.013333332812500001 0.6810937499999999 0.0670833328125 0.77 0.0670833328125 0.77 0.013333332812500001 0.6810937499999999 0.013333332812500001
3 0.68234375 0.0008333328124999999 0.68234375 0.0339583328125 0.76875 0.0339583328125 0.76875 0.0008333328124999999 0.68234375 0.0008333328124999999
3 0.8184374999999999 0.09229166718750001 0.8184374999999999 0.05437499999999999 0.7759375000000001 0.05437499999999999 0.7759375000000001 0.09229166718750001 0.8184374999999999 0.09229166718750001
3 0.7675 0.0260416671875 0.7675 0.0702083328125 0.8150000000000001 0.0702083328125 0.8150000000000001 0.0260416671875 0.7675 0.0260416671875
3 0.77 0.0022916671874999997 0.77 0.0497916671875 0.8150000000000001 0.0497916671875 0.8150000000000001 0.0022916671874999997 0.77 0.0022916671874999997