1 0.61765625 1 0.61765625 0.917777778125 0.5443749999999999 0.917777778125 0.5443749999999999 1 0.61765625 1
1 0.6291666671875 1 0.6291666671875 0.7831481484375 0.1829166671875 0.7831481484375 0.1829166671875 1 0.6291666671875 1
1 0.7195833328125001 0.5175925921875 0.7195833328125001 0.5645370375 0.7863020828125 0.5645370375 0.7863020828125 0.5175925921875 0.7195833328125001 0.5175925921875
1 0.78703125 0.6387962968750001 0.78703125 0.5788888890624999 0.7210416671875 0.5788888890624999 0.7210416671875 0.6387962968750001 0.78703125 0.6387962968750001
1 0.7210416671875 0.44592592656249996 0.7210416671875 0.503240740625 0.7855729171875 0.503240740625 0.7855729171875 0.44592592656249996 0.7210416671875 0.44592592656249996
1 0.3196875 0.308796296875 0.3196875 0.21768518593750003 0.0569791671875 0.21768518593750003 0.0569791671875 0.308796296875 0.3196875 0.308796296875
4 0.7846875 0.001203703125 0.7846875 0.5493518515625 0.9997395828125001 0.5493518515625 0.9997395828125001 0.001203703125 0.7846875 0.001203703125
4 0.9976041671875 0.99805555625 0.9976041671875 0.5496296296875001 0.7727604171875 0.5496296296875001 0.7727604171875 0.99805555625 0.9976041671875 0.99805555625
1 0.3397916671875 0.3446296296875 0.3397916671875 0.3120370375 0.0725520828125 0.3120370375 0.0725520828125 0.3446296296875 0.3397916671875 0.3446296296875
1 0.3297395828125 0.38851851875 0.3297395828125 0.3446296296875 0.0725520828125 0.3446296296875 0.0725520828125 0.38851851875 0.3297395828125 0.38851851875
1 0.3297395828125 0.42592592656250006 0.3297395828125 0.38851851875 0.06979166718749999 0.38851851875 0.06979166718749999 0.42592592656250006 0.3297395828125 0.42592592656250006
1 0.2070833328125 0.4699074078125 0.2070833328125 0.42592592656250006 0.06979166718749999 0.42592592656250006 0.06979166718749999 0.4699074078125 0.2070833328125 0.4699074078125
1 0.2070833328125 0.5154629625 0.2070833328125 0.4699074078125 0.0624479171875 0.4699074078125 0.0624479171875 0.5154629625 0.2070833328125 0.5154629625
1 0.20526041718750002 0.5691666671875 0.20526041718750002 0.5154629625 0.0624479171875 0.5154629625 0.0624479171875 0.5691666671875 0.20526041718750002 0.5691666671875
1 0.2070833328125 0.6163888890625 0.2070833328125 0.5545370375 0.060625 0.5545370375 0.060625 0.6163888890625 0.2070833328125 0.6163888890625
1 0.20249999999999999 0.666759259375 0.20249999999999999 0.5951851859375 0.0652083328125 0.5951851859375 0.0652083328125 0.666759259375 0.20249999999999999 0.666759259375
1 0.20249999999999999 0.7156481484375 0.20249999999999999 0.647222221875 0.059739582812500004 0.647222221875 0.059739582812500004 0.7156481484375 0.20249999999999999 0.7156481484375
1 0.1942708328125 0.7660185187499999 0.1942708328125 0.6862962968749999 0.074375 0.6862962968749999 0.074375 0.7660185187499999 0.1942708328125 0.7660185187499999
1 0.45515625000000004 0.49759259218749996 0.45515625000000004 0.42925925937500004 0.2043229171875 0.42925925937500004 0.2043229171875 0.49759259218749996 0.45515625000000004 0.49759259218749996
1 0.44781250000000006 0.61148148125 0.44781250000000006 0.5414814812500001 0.22630208281250003 0.5414814812500001 0.22630208281250003 0.61148148125 0.44781250000000006 0.61148148125
1 0.4451041671875 0.6553703703125 0.4451041671875 0.583796296875 0.22171875000000002 0.583796296875 0.22171875000000002 0.6553703703125 0.4451041671875 0.6553703703125
1 0.43223958281249997 0.717222221875 0.43223958281249997 0.6325925921875 0.2208333328125 0.6325925921875 0.2208333328125 0.717222221875 0.43223958281249997 0.717222221875
1 0.4459895828125 0.7595370375 0.4459895828125 0.684722221875 0.2244791671875 0.684722221875 0.2244791671875 0.7595370375 0.4459895828125 0.7595370375
1 0.4331770828125 0.8050925921875001 0.4331770828125 0.7302777781249999 0.21989583281249997 0.7302777781249999 0.21989583281249997 0.8050925921875001 0.4331770828125 0.8050925921875001