1 0.9198437500000001 0.5775 0.9198437500000001 0.5227083328125001 0.8621874999999999 0.5227083328125001 0.8621874999999999 0.5775 0.9198437500000001 0.5775
1 0.961875 0.621875 0.961875 0.561875 0.91890625 0.561875 0.91890625 0.621875 0.961875 0.621875
1 0.8192187499999999 0.45499999999999996 0.8192187499999999 0.3977083328125 0.6803125 0.3977083328125 0.6803125 0.45499999999999996 0.8192187499999999 0.45499999999999996
1 0.8153124999999999 0.501875 0.8153124999999999 0.44333333281250004 0.6775 0.44333333281250004 0.6775 0.501875 0.8153124999999999 0.501875
1 1 0.20208333281250002 0.9453125 0.20208333281250002 0.9453125 0.2425 1 0.2425 1 0.20208333281250002
1 1 0.2752083328125 0.944375 0.2752083328125 0.944375 0.3077083328125 1 0.3077083328125 1 0.2752083328125
1 0.94234375 0.3064583328125 0.94234375 0.2752083328125 0.9003125000000001 0.2752083328125 0.9003125000000001 0.3064583328125 0.94234375 0.3064583328125
1 0.944375 0.25166666718749997 0.944375 0.2139583328125 0.90328125 0.2139583328125 0.90328125 0.25166666718749997 0.944375 0.25166666718749997
1 0.89546875 0.2529166671875 0.89546875 0.2204166671875 0.8582812499999999 0.2204166671875 0.8582812499999999 0.2529166671875 0.89546875 0.2529166671875
1 0.8543749999999999 0.254375 0.8543749999999999 0.23479166718750002 0.8240624999999999 0.23479166718750002 0.8240624999999999 0.254375 0.8543749999999999 0.254375
1 0.45546875 0.11229166718750001 0.45546875 0.058750000000000004 0.4125 0.058750000000000004 0.4125 0.11229166718750001 0.45546875 0.11229166718750001
1 0.8228125000000001 0.25895833281249997 0.8228125000000001 0.23770833281249998 0.7993750000000001 0.23770833281249998 0.7993750000000001 0.25895833281249997 0.8228125000000001 0.25895833281249997
1 0.938125 0.037083332812499994 0.938125 0.00041666718749999997 0.8985937500000001 0.00041666718749999997 0.8985937500000001 0.037083332812499994 0.938125 0.037083332812499994
1 0.8907812500000001 0.06625 0.8907812500000001 0.0283333328125 0.86171875 0.0283333328125 0.86171875 0.06625 0.8907812500000001 0.06625
1 0.86015625 0.0941666671875 0.86015625 0.054583332812499996 0.8246874999999999 0.054583332812499996 0.8246874999999999 0.0941666671875 0.86015625 0.0941666671875
1 0.785625 0.14125000000000001 0.785625 0.12020833281250001 0.76890625 0.12020833281250001 0.76890625 0.14125000000000001 0.785625 0.14125000000000001
1 0.746875 0.26125 0.746875 0.2472916671875 0.7342187499999999 0.2472916671875 0.7342187499999999 0.26125 0.746875 0.26125
2 0.99609375 0.8262499999999999 0.99609375 0.5404166671875 0.9221875 0.5404166671875 0.9221875 0.8262499999999999 0.99609375 0.8262499999999999
3 0.0009375 0.246875 0.0009375 0.351875 0.0875 0.351875 0.0875 0.246875 0.0009375 0.246875
3 0.0009375 0.1185416671875 0.0009375 0.24416666718750002 0.09718750000000001 0.24416666718750002 0.09718750000000001 0.1185416671875 0.0009375 0.1185416671875
3 0.18171874999999998 0.2454166671875 0.18171874999999998 0.14937499999999998 0.08265625 0.14937499999999998 0.08265625 0.2454166671875 0.18171874999999998 0.2454166671875
3 0.1759375 0.33645833281250004 0.1759375 0.246875 0.07109375 0.246875 0.07109375 0.33645833281250004 0.1759375 0.33645833281250004
3 0.15765625 0.25187499999999996 0.15765625 0.3391666671875 0.27109375 0.3391666671875 0.27109375 0.25187499999999996 0.15765625 0.25187499999999996
3 0.16828125 0.17625 0.16828125 0.2608333328125 0.26640625 0.2608333328125 0.26640625 0.17625 0.16828125 0.17625
3 0.31921875 0.2697916671875 0.31921875 0.1879166671875 0.25765625000000003 0.1879166671875 0.25765625000000003 0.2697916671875 0.31921875 0.2697916671875
3 0.31640625 0.32125 0.31640625 0.2697916671875 0.248125 0.2697916671875 0.248125 0.32125 0.31640625 0.32125
3 0.35859375 0.3185416671875 0.35859375 0.27625 0.29609375 0.27625 0.29609375 0.3185416671875 0.35859375 0.3185416671875
3 0.364375 0.398125 0.364375 0.3416666671875 0.3259375 0.3416666671875 0.3259375 0.398125 0.364375 0.398125
3 0.33171875 0.398125 0.33171875 0.3416666671875 0.176875 0.3416666671875 0.176875 0.398125 0.33171875 0.398125
3 0.32890625 0.448125 0.32890625 0.3929166671875 0.1759375 0.3929166671875 0.1759375 0.448125 0.32890625 0.448125
3 0.3278125 0.5058333328125 0.3278125 0.4379166671875 0.25484375 0.4379166671875 0.25484375 0.5058333328125 0.3278125 0.5058333328125
3 0.35 0.4814583328125 0.35 0.4327083328125 0.3115625 0.4327083328125 0.3115625 0.4814583328125 0.35 0.4814583328125
3 0.32015625000000003 0.37875000000000003 0.32015625000000003 0.42750000000000005 0.35281250000000003 0.42750000000000005 0.35281250000000003 0.37875000000000003 0.32015625000000003 0.37875000000000003
3 0.37890625 0.4685416671875 0.37890625 0.42374999999999996 0.3403125 0.42374999999999996 0.3403125 0.4685416671875 0.37890625 0.4685416671875
3 0.35578125 0.3879166671875 0.35578125 0.4302083328125 0.38656250000000003 0.4302083328125 0.38656250000000003 0.3879166671875 0.35578125 0.3879166671875
3 0.40578125 0.43520833281250004 0.40578125 0.401875 0.3759375 0.401875 0.3759375 0.43520833281250004 0.40578125 0.43520833281250004
3 0.37109375 0.3416666671875 0.37109375 0.3879166671875 0.4259375 0.3879166671875 0.4259375 0.3416666671875 0.37109375 0.3416666671875
3 0.285625 0.5545833328125 0.285625 0.43520833281250004 0.2240625 0.43520833281250004 0.2240625 0.5545833328125 0.285625 0.5545833328125
3 0.14906250000000001 0.4570833328125 0.14906250000000001 0.5891666671875 0.22890625 0.5891666671875 0.22890625 0.4570833328125 0.14906250000000001 0.4570833328125
3 0.15859375 0.5416666671875 0.15859375 0.4225 0.00859375 0.4225 0.00859375 0.5416666671875 0.15859375 0.5416666671875
3 0.15765625 0.625 0.15765625 0.5364583328125 0.025937500000000002 0.5364583328125 0.025937500000000002 0.625 0.15765625 0.625
3 0.8971875 0.4095833328125 0.8971875 0.348125 0.8596875 0.348125 0.8596875 0.4095833328125 0.8971875 0.4095833328125
3 0.8682812500000001 0.37124999999999997 0.8682812500000001 0.3404166671875 0.84140625 0.3404166671875 0.84140625 0.37124999999999997 0.8682812500000001 0.37124999999999997
3 0.8673437500000001 0.398125 0.8673437500000001 0.3697916671875 0.8365625 0.3697916671875 0.8365625 0.398125 0.8673437500000001 0.398125
3 0.8768750000000001 0.49812500000000004 0.8768750000000001 0.46604166718749995 0.85390625 0.46604166718749995 0.85390625 0.49812500000000004 0.8768750000000001 0.49812500000000004
3 0.85390625 0.48645833281249995 0.85390625 0.45187499999999997 0.83359375 0.45187499999999997 0.83359375 0.48645833281249995 0.85390625 0.48645833281249995
3 0.851875 0.47750000000000004 0.851875 0.41479166718749994 0.8201562499999999 0.41479166718749994 0.8201562499999999 0.47750000000000004 0.851875 0.47750000000000004
3 0.31640625 0.2147916671875 0.31640625 0.31083333281250003 0.410625 0.31083333281250003 0.410625 0.2147916671875 0.31640625 0.2147916671875
3 0.44328124999999996 0.2852083328125 0.44328124999999996 0.2429166671875 0.4096875 0.2429166671875 0.4096875 0.2852083328125 0.44328124999999996 0.2852083328125
3 0.45093750000000005 0.31979166718749996 0.45093750000000005 0.275 0.4134375 0.275 0.4134375 0.31979166718749996 0.45093750000000005 0.31979166718749996
3 0.4125 0.3416666671875 0.4125 0.3827083328125 0.4403125 0.3827083328125 0.4403125 0.3416666671875 0.4125 0.3416666671875
3 0.43937499999999996 0.41479166718749994 0.43937499999999996 0.3775 0.41921875000000003 0.3775 0.41921875000000003 0.41479166718749994 0.43937499999999996 0.41479166718749994
3 0.44515625 0.32875 0.44515625 0.403125 0.473125 0.403125 0.473125 0.32875 0.44515625 0.32875