1 0.681875 0.2208333328125 0.681875 0.0691666671875 0.41328125 0.0691666671875 0.41328125 0.2208333328125 0.681875 0.2208333328125
1 0.66921875 0.2929166671875 0.66921875 0.13374999999999998 0.4090625 0.13374999999999998 0.4090625 0.2929166671875 0.66921875 0.2929166671875
1 0.80984375 0.33458333281249997 0.80984375 0.2208333328125 0.6676562500000001 0.2208333328125 0.6676562500000001 0.33458333281249997 0.80984375 0.33458333281249997
1 0.8865624999999999 0.319375 0.8865624999999999 0.2360416671875 0.81125 0.2360416671875 0.81125 0.319375 0.8865624999999999 0.319375
1 0.8809374999999999 0.3477083328125 0.8809374999999999 0.2889583328125 0.805625 0.2889583328125 0.805625 0.3477083328125 0.8809374999999999 0.3477083328125
1 0.91640625 0.32875 0.91640625 0.27958333281250003 0.87375 0.27958333281250003 0.87375 0.32875 0.91640625 0.32875
1 0.91921875 0.370625 0.91921875 0.315625 0.87375 0.315625 0.87375 0.370625 0.91921875 0.370625
1 0.41328125 0.25125000000000003 0.41328125 0.084375 0.012656249999999999 0.084375 0.012656249999999999 0.25125000000000003 0.41328125 0.25125000000000003
1 0.6578125 0.67375 0.6578125 0.5372916671875 0.34515625 0.5372916671875 0.34515625 0.67375 0.6578125 0.67375
1 0.3934375 0.9958333328125001 0.3934375 0.8877083328125 0.0325 0.8877083328125 0.0325 0.9958333328125001 0.3934375 0.9958333328125001
1 0.63078125 0.9370833328125 0.63078125 0.7760416671875 0.36640625 0.7760416671875 0.36640625 0.9370833328125 0.63078125 0.9370833328125
1 0.78 0.8139583328125 0.78 0.68875 0.635 0.68875 0.635 0.8139583328125 0.78 0.8139583328125
1 0.8907812500000001 0.6547916671875 0.8907812500000001 0.5845833328125 0.80984375 0.5845833328125 0.80984375 0.6547916671875 0.8907812500000001 0.6547916671875
1 0.9434374999999999 0.385625 0.9434374999999999 0.32687499999999997 0.915 0.32687499999999997 0.915 0.385625 0.9434374999999999 0.385625
4 0.9596875 0.5818749999999999 0.9596875 0.4097916671875 0.88734375 0.4097916671875 0.88734375 0.5818749999999999 0.9596875 0.5818749999999999
4 0.9803124999999999 0.569375 0.9803124999999999 0.41500000000000004 0.94140625 0.41500000000000004 0.94140625 0.569375 0.9803124999999999 0.569375
4 0.9920312499999999 0.534375 0.9920312499999999 0.41937499999999994 0.9614062499999999 0.41937499999999994 0.9614062499999999 0.534375 0.9920312499999999 0.534375
4 0.9998437499999999 0.5337500000000001 0.9998437499999999 0.4172916671875 0.9935937499999999 0.4172916671875 0.9935937499999999 0.5337500000000001 0.9998437499999999 0.5337500000000001
1 0.2546875 0.3858333328125 0.2546875 0.41270833281249997 0.33203125 0.41270833281249997 0.33203125 0.3858333328125 0.2546875 0.3858333328125