1 0.5384375 0.8618750000000001 0.5384375 0.72375 0.244375 0.72375 0.244375 0.8618750000000001 0.5384375 0.8618750000000001
1 0.24343750000000003 0.9197916671874999 0.24343750000000003 0.7472916671875 0.000625 0.7472916671875 0.000625 0.9197916671874999 0.24343750000000003 0.9197916671874999
1 0.6134375000000001 0.7710416671875 0.6134375000000001 0.6829166671875 0.53359375 0.6829166671875 0.53359375 0.7710416671875 0.6134375000000001 0.7710416671875
1 0.7259375 0.285625 0.7259375 0.12375 0.58875 0.12375 0.58875 0.285625 0.7259375 0.285625
1 0.36546875 0 0.36546875 0.1879166671875 0.59875 0.1879166671875 0.59875 0 0.36546875 0
1 0.79609375 0.339375 0.79609375 0.2460416671875 0.718125 0.2460416671875 0.718125 0.339375 0.79609375 0.339375
1 0.8612500000000001 0.3789583328125 0.8612500000000001 0.3079166671875 0.7940625 0.3079166671875 0.7940625 0.3789583328125 0.8612500000000001 0.3789583328125
1 0.9193749999999999 0.41312499999999996 0.9193749999999999 0.34208333281250003 0.85625 0.34208333281250003 0.85625 0.41312499999999996 0.9193749999999999 0.41312499999999996
1 0.9453125 0.44000000000000006 0.9453125 0.3754166671875 0.9135937500000001 0.3754166671875 0.9135937500000001 0.44000000000000006 0.9453125 0.44000000000000006
1 0.963125 0.45479166718749997 0.963125 0.40354166718749995 0.9389062499999999 0.40354166718749995 0.9389062499999999 0.45479166718749997 0.963125 0.45479166718749997
1 0.86640625 0.291875 0.86640625 0.19875 0.7965625000000001 0.19875 0.7965625000000001 0.291875 0.86640625 0.291875
1 0.8971875 0.7022916671874999 0.8971875 0.6533333328125 0.83671875 0.6533333328125 0.83671875 0.7022916671874999 0.8971875 0.7022916671874999
1 0.3771875 0 0.3771875 0.13999999999999999 0.61 0.13999999999999999 0.61 0 0.3771875 0
4 0.79015625 0.7391666671875 0.79015625 0.38125 0.61875 0.38125 0.61875 0.7391666671875 0.79015625 0.7391666671875
4 0.85765625 0.7108333328125 0.85765625 0.401875 0.78078125 0.401875 0.78078125 0.7108333328125 0.85765625 0.7108333328125
4 0.8384375000000001 0.4583333328125 0.8384375000000001 0.6929166671875 0.925 0.6929166671875 0.925 0.4583333328125 0.8384375000000001 0.4583333328125
4 0.9528125 0.6852083328125 0.9528125 0.4725 0.9278124999999999 0.4725 0.9278124999999999 0.6852083328125 0.9528125 0.6852083328125
4 0.9701562499999999 0.6660416671875 0.9701562499999999 0.48645833281249995 0.9528125 0.48645833281249995 0.9528125 0.6660416671875 0.9701562499999999 0.6660416671875
4 0.9893750000000001 0.6558333328125 0.9893750000000001 0.501875 0.9673437500000001 0.501875 0.9673437500000001 0.6558333328125 0.9893750000000001 0.6558333328125
4 0.9990625 0.6620833328125 0.9990625 0.5070833328125001 0.985625 0.5070833328125001 0.985625 0.6620833328125 0.9990625 0.6620833328125