1 0.7015625 0.6816666671875 0.7015625 0.528125 0.49984375 0.528125 0.49984375 0.6816666671875 0.7015625 0.6816666671875
1 0.6446875000000001 0.7366666671875 0.6446875000000001 0.6325000000000001 0.5040625000000001 0.6325000000000001 0.5040625000000001 0.7366666671875 0.6446875000000001 0.7366666671875
1 0.516875 0.6589583328125 0.516875 0.5302083328125 0.36343749999999997 0.5302083328125 0.36343749999999997 0.6589583328125 0.516875 0.6589583328125
1 0.3903125 0.515 0.3903125 0.47520833281249997 0.30078125 0.47520833281249997 0.30078125 0.515 0.3903125 0.515
1 0.8067187499999999 0.2725 0.8067187499999999 0.1491666671875 0.47703125 0.1491666671875 0.47703125 0.2725 0.8067187499999999 0.2725
1 0.44859375 0.3008333328125 0.44859375 0.25166666718749997 0.30656249999999996 0.25166666718749997 0.30656249999999996 0.3008333328125 0.44859375 0.3008333328125
1 0.31421875 0.3164583328125 0.31421875 0.268125 0.27234375 0.268125 0.27234375 0.3164583328125 0.31421875 0.3164583328125
1 0.67015625 0.6752083328125 0.67015625 0.9195833328124999 0.99828125 0.9195833328124999 0.99828125 0.6752083328125 0.67015625 0.6752083328125
1 0.975625 0.32458333281249996 0.975625 0.2866666671875 0.9073437500000001 0.2866666671875 0.9073437500000001 0.32458333281249996 0.975625 0.32458333281249996
1 0.96703125 0.16354166718750002 0.96703125 0.1427083328125 0.8903125 0.1427083328125 0.8903125 0.16354166718750002 0.96703125 0.16354166718750002
1 0.86390625 0.4141666671875 0.86390625 0.35270833281249997 0.60234375 0.35270833281249997 0.60234375 0.4141666671875 0.86390625 0.4141666671875
1 0.8309374999999999 0.3802083328125 0.8309374999999999 0.3308333328125 0.704375 0.3308333328125 0.704375 0.3802083328125 0.8309374999999999 0.3802083328125
1 0.8940625000000001 0.2066666671875 0.8940625000000001 0.07875 0.8159375000000001 0.07875 0.8159375000000001 0.2066666671875 0.8940625000000001 0.2066666671875
1 0.9818749999999999 0.395625 0.9818749999999999 0.3627083328125 0.90984375 0.3627083328125 0.90984375 0.395625 0.9818749999999999 0.395625
2 0.97109375 0.4570833328125 0.97109375 0.3904166671875 0.91734375 0.3904166671875 0.91734375 0.4570833328125 0.97109375 0.4570833328125
4 0.48265624999999995 0.25187499999999996 0.48265624999999995 0.3929166671875 0.63359375 0.3929166671875 0.63359375 0.25187499999999996 0.48265624999999995 0.25187499999999996
1 0.00796875 0.01625 0.00796875 0.153125 0.31828124999999996 0.153125 0.31828124999999996 0.01625 0.00796875 0.01625
1 0.01046875 0.14666666718750002 0.01046875 0.2627083328125 0.31953125 0.2627083328125 0.31953125 0.14666666718750002 0.01046875 0.14666666718750002
1 0.0140625 0.2770833328125 0.0140625 0.4285416671875 0.30874999999999997 0.4285416671875 0.30874999999999997 0.2770833328125 0.0140625 0.2770833328125
1 0.009218750000000001 0.438125 0.009218750000000001 0.578125 0.30874999999999997 0.578125 0.30874999999999997 0.438125 0.009218750000000001 0.438125
1 0.00796875 0.5879166671875 0.00796875 0.734375 0.3146875 0.734375 0.3146875 0.5879166671875 0.00796875 0.5879166671875
1 0.30734374999999997 0.8447916671875 0.30734374999999997 0.7116666671874999 0.010624999999999999 0.7116666671874999 0.010624999999999999 0.8447916671875 0.30734374999999997 0.8447916671875
1 0.32078125 0.9497916671875 0.32078125 0.8222916671875 0.0096875 0.8222916671875 0.0096875 0.9497916671875 0.32078125 0.9497916671875