3 0.5065104171875 0.8211111109375 0.5065104171875 0.6313888890625 0.38171875 0.6313888890625 0.38171875 0.8211111109375 0.5065104171875 0.8211111109375
3 0.38927083281249997 0.7986111109375 0.38927083281249997 0.6798148140625 0.31416666718749997 0.6798148140625 0.31416666718749997 0.7986111109375 0.38927083281249997 0.7986111109375
3 0.6132291671875 0.99555555625 0.6132291671875 0.85444444375 0.5021875 0.85444444375 0.5021875 0.99555555625 0.6132291671875 0.99555555625
3 0.5360416671875 0.4313888890625 0.5360416671875 0.5609259265625 0.63125 0.5609259265625 0.63125 0.4313888890625 0.5360416671875 0.4313888890625
3 0.5384375 0.533703703125 0.5384375 0.4308333328125 0.4570833328125 0.4308333328125 0.4570833328125 0.533703703125 0.5384375 0.533703703125
3 0.48343749999999996 0.45064814843749995 0.48343749999999996 0.344259259375 0.3903645828125 0.344259259375 0.3903645828125 0.45064814843749995 0.48343749999999996 0.45064814843749995
3 0.4653645828125 0.5275925921875 0.4653645828125 0.425 0.38317708281249996 0.425 0.38317708281249996 0.5275925921875 0.4653645828125 0.5275925921875
3 0.3925520828125 0.5268518515625 0.3925520828125 0.42629629687500004 0.3151041671875 0.42629629687500004 0.3151041671875 0.5268518515625 0.3925520828125 0.5268518515625
3 0.42140625 0.21342592656249998 0.42140625 0.313703703125 0.5 0.313703703125 0.5 0.21342592656249998 0.42140625 0.21342592656249998
3 0.58328125 0.315277778125 0.58328125 0.2288888890625 0.5065104171875 0.2288888890625 0.5065104171875 0.315277778125 0.58328125 0.315277778125
3 0.5757291671875 0.0019444437500000002 0.5757291671875 0.064722221875 0.6644270828125001 0.064722221875 0.6644270828125001 0.0019444437500000002 0.5757291671875 0.0019444437500000002
3 0.48343749999999996 0.003240740625 0.48343749999999996 0.0711111109375 0.52453125 0.0711111109375 0.52453125 0.003240740625 0.48343749999999996 0.003240740625
3 0.48343749999999996 0.0813888890625 0.48343749999999996 0.0006481484375 0.4170833328125 0.0006481484375 0.4170833328125 0.0813888890625 0.48343749999999996 0.0813888890625
3 0.3384375 0.003240740625 0.3384375 0.0724074078125 0.42213541718750003 0.0724074078125 0.42213541718750003 0.003240740625 0.3384375 0.003240740625