1 0.30546875 0.625625 0.30546875 0.5916666671875 0.20171875 0.5916666671875 0.20171875 0.625625 0.30546875 0.625625
3 0.53453125 0.6277083328125 0.53453125 0.4920833328125 0.27703125 0.4920833328125 0.27703125 0.6277083328125 0.53453125 0.6277083328125
3 0.530625 0.7710416671875 0.530625 0.6222916671875 0.27703125 0.6222916671875 0.27703125 0.7710416671875 0.530625 0.7710416671875
3 0.6628125 0.7658333328125 0.6628125 0.588125 0.52171875 0.588125 0.52171875 0.7658333328125 0.6628125 0.7658333328125
3 0.7615624999999999 0.7447916671875 0.7615624999999999 0.5972916671874999 0.6125 0.5972916671874999 0.6125 0.7447916671875 0.7615624999999999 0.7447916671875
3 0.868125 0.5552083328124999 0.868125 0.460625 0.60359375 0.460625 0.60359375 0.5552083328124999 0.868125 0.5552083328124999
3 0.93625 0.5697916671875001 0.93625 0.48020833281249997 0.8612500000000001 0.48020833281249997 0.8612500000000001 0.5697916671875001 0.93625 0.5697916671875001
3 0.86421875 0.6420833328125 0.86421875 0.5527083328125 0.60859375 0.5527083328125 0.60859375 0.6420833328125 0.86421875 0.6420833328125
3 0.8612500000000001 0.7316666671875 0.8612500000000001 0.639375 0.7565625 0.639375 0.7565625 0.7316666671875 0.8612500000000001 0.7316666671875
3 0.93515625 0.6433333328125 0.93515625 0.561875 0.844375 0.561875 0.844375 0.6433333328125 0.93515625 0.6433333328125
3 0.93328125 0.711875 0.93328125 0.6341666671875 0.85625 0.6341666671875 0.85625 0.711875 0.93328125 0.711875
3 0.9696875 0.7 0.9696875 0.6381249999999999 0.9214062500000001 0.6381249999999999 0.9214062500000001 0.7 0.9696875 0.7
3 0.99046875 0.685625 0.99046875 0.6131249999999999 0.93125 0.6131249999999999 0.93125 0.685625 0.99046875 0.685625
3 0.999375 0.67625 0.999375 0.6316666671875 0.99046875 0.6316666671875 0.99046875 0.67625 0.999375 0.67625
3 0.99828125 0.6341666671875 0.99828125 0.5683333328125 0.94203125 0.5683333328125 0.94203125 0.6341666671875 0.99828125 0.6341666671875
3 0.15578125 0.0010416671875 0.15578125 0.10333333281249998 0.38171875 0.10333333281249998 0.38171875 0.0010416671875 0.15578125 0.0010416671875
3 0.3703125 0.23958333281250002 0.3703125 0.008541667187500001 0.071875 0.008541667187500001 0.071875 0.23958333281250002 0.3703125 0.23958333281250002
3 0.575 0.1885416671875 0.575 0.0029166671875000003 0.37890625 0.0029166671875000003 0.37890625 0.1885416671875 0.575 0.1885416671875
3 0.56078125 0.30604166718750003 0.56078125 0.1108333328125 0.3675 0.1108333328125 0.3675 0.30604166718750003 0.56078125 0.30604166718750003
3 0.746875 0.2510416671875 0.746875 0.0691666671875 0.56078125 0.0691666671875 0.56078125 0.2510416671875 0.746875 0.2510416671875
3 0.7418750000000001 0.3722916671875 0.7418750000000001 0.205 0.56078125 0.205 0.56078125 0.3722916671875 0.7418750000000001 0.3722916671875
3 0.8259375 0.2995833328125 0.8259375 0.1385416671875 0.72765625 0.1385416671875 0.72765625 0.2995833328125 0.8259375 0.2995833328125
3 0.8201562499999999 0.4022916671875 0.8201562499999999 0.268125 0.7301562500000001 0.268125 0.7301562500000001 0.4022916671875 0.8201562499999999 0.4022916671875
3 0.89234375 0.4322916671875 0.89234375 0.3595833328125 0.8106249999999999 0.3595833328125 0.8106249999999999 0.4322916671875 0.89234375 0.4322916671875
3 0.99765625 0.4654166671875 0.99765625 0.30125 0.82125 0.30125 0.82125 0.4654166671875 0.99765625 0.4654166671875