1 0.9942708328125001 0.454722221875 0.9942708328125001 0.2576851859375 0.8194791671875 0.2576851859375 0.8194791671875 0.454722221875 0.9942708328125001 0.454722221875
1 0.8077604171875 0.4528703703125 0.8077604171875 0.329722221875 0.6905208328125 0.329722221875 0.6905208328125 0.4528703703125 0.8077604171875 0.4528703703125
1 0.69796875 0.4528703703125 0.69796875 0.3618518515625 0.6532291671875 0.3618518515625 0.6532291671875 0.4528703703125 0.69796875 0.4528703703125
1 0.6521354171875 0.4641666671875 0.6521354171875 0.392222221875 0.6105729171875 0.392222221875 0.6105729171875 0.4641666671875 0.6521354171875 0.4641666671875
1 0.61375 0.4641666671875 0.61375 0.3998148140625 0.5807291671875 0.3998148140625 0.5807291671875 0.4641666671875 0.61375 0.4641666671875
1 0.5998958328125 0.1408333328125 0.5998958328125 0.075 0.5747395828124999 0.075 0.5747395828124999 0.1408333328125 0.5998958328125 0.1408333328125
1 0.604375 0.16055555625 0.604375 0.08944444375 0.5806770828125 0.08944444375 0.5806770828125 0.16055555625 0.604375 0.16055555625
1 0.5806770828125 0.20259259218749998 0.5806770828125 0.1474074078125 0.5629166671875 0.1474074078125 0.5629166671875 0.20259259218749998 0.5806770828125 0.20259259218749998
1 0.5703125 0.4578703703125 0.5703125 0.42898148125 0.5510937499999999 0.42898148125 0.5510937499999999 0.4578703703125 0.5703125 0.4578703703125
1 0.2024479171875 0.30398148125 0.2024479171875 0.20259259218749998 0.1284375 0.20259259218749998 0.1284375 0.30398148125 0.2024479171875 0.30398148125
1 0.13067708281249998 0.2578703703125 0.13067708281249998 0.1341666671875 0.038906249999999996 0.1341666671875 0.038906249999999996 0.2578703703125 0.13067708281249998 0.2578703703125
1 0.2483333328125 0.3341666671875 0.2483333328125 0.2658333328125 0.20098958281249998 0.2658333328125 0.20098958281249998 0.3341666671875 0.2483333328125 0.3341666671875
1 0.2883333328125 0.355277778125 0.2883333328125 0.2974074078125 0.2476041671875 0.2974074078125 0.2476041671875 0.355277778125 0.2883333328125 0.355277778125
1 0.30828125 0.3671296296875 0.30828125 0.3224074078125 0.28312499999999996 0.3224074078125 0.28312499999999996 0.3671296296875 0.30828125 0.3671296296875
1 0.32458333281249996 0.37759259218749996 0.32458333281249996 0.34342592656250004 0.3068229171875 0.34342592656250004 0.3068229171875 0.37759259218749996 0.32458333281249996 0.37759259218749996
1 0.3467708328125 0.3921296296875 0.3467708328125 0.35398148125 0.3275520828125 0.35398148125 0.3275520828125 0.3921296296875 0.3467708328125 0.3921296296875
1 0.2054166671875 0.9184259265625 0.2054166671875 0.780277778125 0.11515625 0.780277778125 0.11515625 0.9184259265625 0.2054166671875 0.9184259265625
1 0.10552083281249999 0.7813888890625 0.10552083281249999 0.6460185187499999 0.02109375 0.6460185187499999 0.02109375 0.7813888890625 0.10552083281249999 0.7813888890625
1 0.11317708281250001 0.9974999999999999 0.11317708281250001 0.87305555625 0.02109375 0.87305555625 0.02109375 0.9974999999999999 0.11317708281250001 0.9974999999999999
1 0.2891145828125 0.7550925921875 0.2891145828125 0.6732407406250001 0.2507291671875 0.6732407406250001 0.2507291671875 0.7550925921875 0.2891145828125 0.7550925921875
1 0.3125520828125 0.7068518515625 0.3125520828125 0.64898148125 0.2872916671875 0.64898148125 0.2872916671875 0.7068518515625 0.3125520828125 0.7068518515625
1 0.3044270828125 0.6101851859375 0.3044270828125 0.5613888890625 0.25171875 0.5613888890625 0.25171875 0.6101851859375 0.3044270828125 0.6101851859375
1 0.349375 0.5721296296875 0.349375 0.5400925921875 0.32625000000000004 0.5400925921875 0.32625000000000004 0.5721296296875 0.349375 0.5721296296875
1 0.3609375 0.58194444375 0.3609375 0.5575925921875 0.3489583328125 0.5575925921875 0.3489583328125 0.58194444375 0.3609375 0.58194444375
1 0.3515104171875 0.6558333328125 0.3515104171875 0.613240740625 0.3241145828125 0.613240740625 0.3241145828125 0.6558333328125 0.3515104171875 0.6558333328125
1 0.3241145828125 0.6673148140625 0.3241145828125 0.6307407406250001 0.3078125 0.6307407406250001 0.3078125 0.6673148140625 0.3241145828125 0.6673148140625
1 0.47057291718750005 0.5393518515625 0.47057291718750005 0.5225925921875 0.43973958281250003 0.5225925921875 0.43973958281250003 0.5393518515625 0.47057291718750005 0.5393518515625
1 0.50828125 0.5370370375 0.50828125 0.5211111109375001 0.4727083328125 0.5211111109375001 0.4727083328125 0.5370370375 0.50828125 0.5370370375
1 0.43630208281250005 0.5431481484375 0.43630208281250005 0.5256481484375 0.40421874999999996 0.5256481484375 0.40421874999999996 0.5431481484375 0.43630208281250005 0.5431481484375
1 0.5665104171875 0.6238888890625 0.5665104171875 0.5979629625 0.55796875 0.5979629625 0.55796875 0.6238888890625 0.5665104171875 0.6238888890625
1 0.62390625 0.7426851859375 0.62390625 0.6848148140625 0.5990624999999999 0.6848148140625 0.5990624999999999 0.7426851859375 0.62390625 0.7426851859375
1 0.5472395828125001 0.4365740734375 0.5472395828125001 0.41824074062500005 0.5369791671875 0.41824074062500005 0.5369791671875 0.4365740734375 0.5472395828125001 0.4365740734375
1 0.55625 0.43351851874999997 0.55625 0.41907407343749997 0.5459895828125 0.41907407343749997 0.5459895828125 0.43351851874999997 0.55625 0.43351851874999997
1 0.5442708328125 0.4578703703125 0.5442708328125 0.4365740734375 0.5386979171874999 0.4365740734375 0.5386979171874999 0.4578703703125 0.5442708328125 0.4578703703125
1 0.5845312500000001 0.381759259375 0.5845312500000001 0.3581481484375 0.5738020828125 0.3581481484375 0.5738020828125 0.381759259375 0.5845312500000001 0.381759259375
1 0.5542708328125 0.1991666671875 0.5542708328125 0.2313888890625 0.568125 0.2313888890625 0.568125 0.1991666671875 0.5542708328125 0.1991666671875
1 0.53984375 0.2975925921875 0.53984375 0.2641666671875 0.5326562499999999 0.2641666671875 0.5326562499999999 0.2975925921875 0.53984375 0.2975925921875
1 0.6192708328125 0.0728703703125 0.6192708328125 0.0074074078125 0.5901562499999999 0.0074074078125 0.5901562499999999 0.0728703703125 0.6192708328125 0.0728703703125
1 0.6254166671875 0.1111111109375 0.6254166671875 0.029259259375000003 0.5947395828125 0.029259259375000003 0.5947395828125 0.1111111109375 0.6254166671875 0.1111111109375
1 0.23333333281250002 0.029074073437499997 0.23333333281250002 0.1 0.28088541718750004 0.1 0.28088541718750004 0.029074073437499997 0.23333333281250002 0.029074073437499997
1 0.2727604171875 0.0661111109375 0.2727604171875 0.13962962968749998 0.3096875 0.13962962968749998 0.3096875 0.0661111109375 0.2727604171875 0.0661111109375
1 0.30296875 0.12324074062499998 0.30296875 0.18898148125 0.3288541671875 0.18898148125 0.3288541671875 0.12324074062499998 0.30296875 0.12324074062499998
1 0.3241145828125 0.17305555625 0.3241145828125 0.22194444375 0.34541666718749997 0.22194444375 0.34541666718749997 0.17305555625 0.3241145828125 0.17305555625
1 0.3169791671875 0.08305555625 0.3169791671875 0.1366666671875 0.34098958281249997 0.1366666671875 0.34098958281249997 0.08305555625 0.3169791671875 0.08305555625
1 0.34187500000000004 0.1966666671875 0.34187500000000004 0.24407407343749998 0.3578645828125 0.24407407343749998 0.3578645828125 0.1966666671875 0.34187500000000004 0.1966666671875
1 0.3578645828125 0.3799074078125 0.3578645828125 0.40351851875 0.3684895828125 0.40351851875 0.3684895828125 0.3799074078125 0.3578645828125 0.3799074078125
1 0.34453125 0.367222221875 0.34453125 0.39249999999999996 0.3569270828125 0.39249999999999996 0.3569270828125 0.367222221875 0.34453125 0.367222221875
4 0.9990625 0.99805555625 0.9990625 0.53398148125 0.846875 0.53398148125 0.846875 0.99805555625 0.9990625 0.99805555625
4 0.8476041671875001 0.996759259375 0.8476041671875001 0.5186111109375 0.7077083328125 0.5186111109375 0.7077083328125 0.996759259375 0.8476041671875001 0.996759259375
4 0.7235416671875 0.923703703125 0.7235416671875 0.49935185156250006 0.6571875 0.49935185156250006 0.6571875 0.923703703125 0.7235416671875 0.923703703125
4 0.6608333328125 0.8224074078125 0.6608333328125 0.487777778125 0.6269270828125 0.487777778125 0.6269270828125 0.8224074078125 0.6608333328125 0.8224074078125
4 0.62765625 0.69555555625 0.62765625 0.48398148125 0.5764583328125 0.48398148125 0.5764583328125 0.69555555625 0.62765625 0.69555555625
4 0.58078125 0.6686111109375 0.58078125 0.48527777812500006 0.5648958328125 0.48527777812500006 0.5648958328125 0.6686111109375 0.58078125 0.6686111109375
4 0.2584375 0.8096296296875 0.2584375 0.5096296296875 0.1516666671875 0.5096296296875 0.1516666671875 0.8096296296875 0.2584375 0.8096296296875
3 0.12489583281250001 0.45694444375 0.12489583281250001 0.307222221875 0.0364583328125 0.307222221875 0.0364583328125 0.45694444375 0.12489583281250001 0.45694444375
3 0.2719791671875 0.4625925921875 0.2719791671875 0.3754629625 0.2272395828125 0.3754629625 0.2272395828125 0.4625925921875 0.2719791671875 0.4625925921875