1 0.54515625 0.003125 0.54515625 0.103125 0.7990625 0.103125 0.7990625 0.003125 0.54515625 0.003125
1 0.78171875 0.045416667187499996 0.78171875 0.1404166671875 0.85484375 0.1404166671875 0.85484375 0.045416667187499996 0.78171875 0.045416667187499996
1 0.9099999999999999 0.2754166671875 0.9099999999999999 0.1872916671875 0.8045312499999999 0.1872916671875 0.8045312499999999 0.2754166671875 0.9099999999999999 0.2754166671875
3 0.37796875 0.535625 0.37796875 0.1070833328125 0.04609375 0.1070833328125 0.04609375 0.535625 0.37796875 0.535625
3 0.07468749999999999 0.3920833328125 0.07468749999999999 0.1960416671875 0.0017187500000000002 0.1960416671875 0.0017187500000000002 0.3920833328125 0.07468749999999999 0.3920833328125
3 0.05890625000000001 0.5552083328124999 0.05890625000000001 0.3777083328125 0.000625 0.3777083328125 0.000625 0.5552083328124999 0.05890625000000001 0.5552083328124999
3 0.6303124999999999 0.3789583328125 0.6303124999999999 0.23020833281250003 0.41015625 0.23020833281250003 0.41015625 0.3789583328125 0.6303124999999999 0.3789583328125
3 0.6292187499999999 0.510625 0.6292187499999999 0.3789583328125 0.40718750000000004 0.3789583328125 0.40718750000000004 0.510625 0.6292187499999999 0.510625
3 0.7535937500000001 0.47375 0.7535937500000001 0.36833333281249997 0.6184375 0.36833333281249997 0.6184375 0.47375 0.7535937500000001 0.47375
3 0.8128125 0.3960416671875 0.8128125 0.3091666671875 0.6115625 0.3091666671875 0.6115625 0.3960416671875 0.8128125 0.3960416671875
3 0.81078125 0.4658333328125 0.81078125 0.39729166718750003 0.74171875 0.39729166718750003 0.74171875 0.4658333328125 0.81078125 0.4658333328125
3 0.8306250000000001 0.45520833281249995 0.8306250000000001 0.38687499999999997 0.8009375000000001 0.38687499999999997 0.8009375000000001 0.45520833281249995 0.8306250000000001 0.45520833281249995
3 0.85625 0.4579166671875 0.85625 0.4091666671875 0.83359375 0.4091666671875 0.83359375 0.4579166671875 0.85625 0.4579166671875
3 0.8917187500000001 0.4447916671875 0.8917187500000001 0.3920833328125 0.85234375 0.3920833328125 0.85234375 0.4447916671875 0.8917187500000001 0.4447916671875
3 0.805 0.564375 0.805 0.488125 0.67859375 0.488125 0.67859375 0.564375 0.805 0.564375
3 0.806875 0.614375 0.806875 0.55125 0.6825 0.55125 0.6825 0.614375 0.806875 0.614375
3 0.805 0.6658333328125 0.805 0.6118750000000001 0.75953125 0.6118750000000001 0.75953125 0.6658333328125 0.805 0.6658333328125
3 0.8345312500000001 0.5460416671874999 0.8345312500000001 0.48562500000000003 0.79609375 0.48562500000000003 0.79609375 0.5460416671874999 0.8345312500000001 0.5460416671874999
3 0.8285937499999999 0.6012500000000001 0.8285937499999999 0.5393749999999999 0.795 0.5393749999999999 0.795 0.6012500000000001 0.8285937499999999 0.6012500000000001
3 0.8207812499999999 0.6552083328125 0.8207812499999999 0.5920833328125 0.79109375 0.5920833328125 0.79109375 0.6552083328125 0.8207812499999999 0.6552083328125
3 0.8553124999999999 0.635625 0.8553124999999999 0.488125 0.811875 0.488125 0.811875 0.635625 0.8553124999999999 0.635625
3 0.88984375 0.5856250000000001 0.88984375 0.5289583328125 0.85234375 0.5289583328125 0.85234375 0.5856250000000001 0.88984375 0.5856250000000001
3 0.77734375 0.7329166671875 0.77734375 0.5816666671874999 0.5690625 0.5816666671874999 0.5690625 0.7329166671875 0.77734375 0.7329166671875
3 0.7032812500000001 0.7789583328125 0.7032812500000001 0.5972916671874999 0.46640625 0.5972916671874999 0.46640625 0.7789583328125 0.7032812500000001 0.7789583328125
3 0.56453125 0.8775000000000001 0.56453125 0.6860416671875 0.28984375 0.6860416671875 0.28984375 0.8775000000000001 0.56453125 0.8775000000000001
3 0.36171875 0.9933333328125 0.36171875 0.6693749999999999 0.1109375 0.6693749999999999 0.1109375 0.9933333328125 0.36171875 0.9933333328125
3 0.1578125 0.9308333328125 0.1578125 0.661875 0.00296875 0.661875 0.00296875 0.9308333328125 0.1578125 0.9308333328125
3 0.16640625 0.9933333328125 0.16640625 0.8966666671875 0.00578125 0.8966666671875 0.00578125 0.9933333328125 0.16640625 0.9933333328125