1 0.73109375 0.525 0.73109375 0.4372916671875 0.458125 0.4372916671875 0.458125 0.525 0.73109375 0.525
1 0.56875 0.5974999999999999 0.56875 0.5341666671875 0.35703125 0.5341666671875 0.35703125 0.5974999999999999 0.56875 0.5974999999999999
1 0.4296875 0.48666666718749996 0.4296875 0.44666666718750003 0.27015625 0.44666666718750003 0.27015625 0.48666666718749996 0.4296875 0.48666666718749996
1 0.3453125 0.5047916671875 0.3453125 0.469375 0.26890625 0.469375 0.26890625 0.5047916671875 0.3453125 0.5047916671875
1 0.34359375000000003 0.53125 0.34359375000000003 0.4964583328125 0.2684375 0.4964583328125 0.2684375 0.53125 0.34359375000000003 0.53125
1 0.2740625 0.4527083328125 0.2740625 0.43541666718750005 0.23328125000000002 0.43541666718750005 0.23328125000000002 0.4527083328125 0.2740625 0.4527083328125
1 0.17796875 0.3516666671875 0.17796875 0.33125 0.14671875 0.33125 0.14671875 0.3516666671875 0.17796875 0.3516666671875
1 0.17625 0.45208333281249996 0.17625 0.429375 0.14625 0.429375 0.14625 0.45208333281249996 0.17625 0.45208333281249996
1 0.14453125 0.3516666671875 0.14453125 0.3389583328125 0.12984374999999998 0.3389583328125 0.12984374999999998 0.3516666671875 0.14453125 0.3516666671875
1 0.1253125 0.44375 0.1253125 0.4270833328125 0.091875 0.4270833328125 0.091875 0.44375 0.1253125 0.44375
1 0.1421875 0.44375 0.1421875 0.429375 0.12578125 0.429375 0.12578125 0.44375 0.1421875 0.44375
2 0.09140625 0.5058333328125 0.09140625 0.3379166671875 0.04140625 0.3379166671875 0.04140625 0.5058333328125 0.09140625 0.5058333328125
2 0.15578125 0.24041666718750002 0.15578125 0.496875 0.24718749999999998 0.496875 0.24718749999999998 0.24041666718750002 0.15578125 0.24041666718750002
4 0.001875 0.250625 0.001875 0.3827083328125 0.0625 0.3827083328125 0.0625 0.250625 0.001875 0.250625
4 0.05671875 0.52625 0.05671875 0.3697916671875 0.001875 0.3697916671875 0.001875 0.52625 0.05671875 0.52625