1 0.6795833328125 0.0019444437500000002 0.6795833328125 0.1416666671875 0.7992708328125 0.1416666671875 0.7992708328125 0.0019444437500000002 0.6795833328125 0.0019444437500000002
1 0.8021874999999999 0.0019444437500000002 0.8021874999999999 0.0326851859375 0.8872395828125 0.0326851859375 0.8872395828125 0.0019444437500000002 0.8021874999999999 0.0019444437500000002
1 0.65359375 0.2506481484375 0.65359375 0.1724074078125 0.5641666671875 0.1724074078125 0.5641666671875 0.2506481484375 0.65359375 0.2506481484375
1 0.5627604171875 0.244259259375 0.5627604171875 0.19555555625 0.5079166671875 0.19555555625 0.5079166671875 0.244259259375 0.5627604171875 0.244259259375
1 0.5648958328125 0.2993518515625 0.5648958328125 0.25574074062499996 0.5144270828125 0.25574074062499996 0.5144270828125 0.2993518515625 0.5648958328125 0.2993518515625
1 0.5115624999999999 0.3365740734375 0.5115624999999999 0.29675925937500003 0.48343749999999996 0.29675925937500003 0.48343749999999996 0.3365740734375 0.5115624999999999 0.3365740734375
1 0.4799479171875 0.3521296296875 0.4799479171875 0.3120370375 0.47093749999999995 0.3120370375 0.47093749999999995 0.3521296296875 0.4799479171875 0.3521296296875
1 0.47093749999999995 0.350277778125 0.47093749999999995 0.3209259265625 0.4579166671875 0.3209259265625 0.4579166671875 0.350277778125 0.47093749999999995 0.350277778125
1 0.47046875000000005 0.107222221875 0.47046875000000005 0.16694444375 0.49296875 0.16694444375 0.49296875 0.107222221875 0.47046875000000005 0.107222221875
1 0.4875 0.062777778125 0.4875 0.1250925921875 0.5380729171875 0.1250925921875 0.5380729171875 0.062777778125 0.4875 0.062777778125
1 0.0034375000000000005 0.22537037031249998 0.0034375000000000005 0.29305555625 0.051041667187499994 0.29305555625 0.051041667187499994 0.22537037031249998 0.0034375000000000005 0.22537037031249998
1 0.0043229171875 0.1699074078125 0.0043229171875 0.2468518515625 0.0484375 0.2468518515625 0.0484375 0.1699074078125 0.0043229171875 0.1699074078125
1 0.0544791671875 0.3899074078125 0.0544791671875 0.3253703703125 0.0008333328124999999 0.3253703703125 0.0008333328124999999 0.3899074078125 0.0544791671875 0.3899074078125
1 0.10124999999999999 0.400740740625 0.10124999999999999 0.3453703703125 0.0527604171875 0.3453703703125 0.0527604171875 0.400740740625 0.10124999999999999 0.400740740625
1 0.046718749999999996 0.2391666671875 0.046718749999999996 0.31148148125 0.0943229171875 0.31148148125 0.0943229171875 0.2391666671875 0.046718749999999996 0.2391666671875
1 0.0034375000000000005 0.132222221875 0.0034375000000000005 0.1975925921875 0.14697916718749998 0.1975925921875 0.14697916718749998 0.132222221875 0.0034375000000000005 0.132222221875
1 0.046718749999999996 0.2078703703125 0.046718749999999996 0.2553703703125 0.1491145828125 0.2553703703125 0.1491145828125 0.2078703703125 0.046718749999999996 0.2078703703125
1 0.0690625 0.28092592656250004 0.0690625 0.3181481484375 0.14765625 0.3181481484375 0.14765625 0.28092592656250004 0.0690625 0.28092592656250004
1 0.0194791671875 0.038425926562500004 0.0194791671875 0.113796296875 0.1453645828125 0.113796296875 0.1453645828125 0.038425926562500004 0.0194791671875 0.038425926562500004
1 0.2093229171875 0.883796296875 0.2093229171875 0.7581481484375 0.0003645828125 0.7581481484375 0.0003645828125 0.883796296875 0.2093229171875 0.883796296875
1 0.2077083328125 0.9971296296875 0.2077083328125 0.9304629625 0.001875 0.9304629625 0.001875 0.9971296296875 0.2077083328125 0.9971296296875
1 0.29265625 0.6263888890625 0.29265625 0.578703703125 0.2173958328125 0.578703703125 0.2173958328125 0.6263888890625 0.29265625 0.6263888890625
1 0.0982291671875 0.6653703703125 0.0982291671875 0.6037962968749999 0.0405729171875 0.6037962968749999 0.0405729171875 0.6653703703125 0.0982291671875 0.6653703703125
1 0.1790104171875 0.6576851859375 0.1790104171875 0.6076851859375 0.1472916671875 0.6076851859375 0.1472916671875 0.6576851859375 0.1790104171875 0.6576851859375
1 0.1453645828125 0.29675925937500003 0.1453645828125 0.3341666671875 0.16760416718749999 0.3341666671875 0.16760416718749999 0.29675925937500003 0.1453645828125 0.29675925937500003
1 0.14114583281249998 0.23481481406250002 0.14114583281249998 0.26898148125 0.16760416718749999 0.26898148125 0.16760416718749999 0.23481481406250002 0.14114583281249998 0.23481481406250002
1 0.1417708328125 0.18777777812500002 0.1417708328125 0.21768518593750003 0.16578125 0.21768518593750003 0.16578125 0.18777777812500002 0.1417708328125 0.18777777812500002
1 0.10942708281249999 0.07416666718750001 0.10942708281249999 0.1371296296875 0.1671354171875 0.1371296296875 0.1671354171875 0.07416666718750001 0.10942708281249999 0.07416666718750001
1 0.1472916671875 0.0923148140625 0.1472916671875 0.1596296296875 0.18812500000000001 0.1596296296875 0.18812500000000001 0.0923148140625 0.1472916671875 0.0923148140625
2 0.37234375000000003 0.56601851875 0.37234375000000003 0.34805555625 0.3081770828125 0.34805555625 0.3081770828125 0.56601851875 0.37234375000000003 0.56601851875
2 0.28796875 0.5377777781249999 0.28796875 0.3493518515625 0.2288541671875 0.3493518515625 0.2288541671875 0.5377777781249999 0.28796875 0.5377777781249999
3 0.9948958328125 0.6359259265625 0.9948958328125 0.370740740625 0.85875 0.370740740625 0.85875 0.6359259265625 0.9948958328125 0.6359259265625
3 0.8744791671875 0.4463888890625 0.8744791671875 0.38388888906249996 0.795625 0.38388888906249996 0.795625 0.4463888890625 0.8744791671875 0.4463888890625
3 0.8627604171875 0.49759259218749996 0.8627604171875 0.4463888890625 0.795625 0.4463888890625 0.795625 0.49759259218749996 0.8627604171875 0.49759259218749996
3 0.8627604171875 0.5354629625 0.8627604171875 0.4956481484375 0.8030729171875001 0.4956481484375 0.8030729171875001 0.5354629625 0.8627604171875 0.5354629625
3 0.8616666671875001 0.5923148140625 0.8616666671875001 0.5354629625 0.8030729171875001 0.5354629625 0.8030729171875001 0.5923148140625 0.8616666671875001 0.5923148140625
3 0.9522916671875 0.9220370375 0.9522916671875 0.6529629625 0.7828125 0.6529629625 0.7828125 0.9220370375 0.9522916671875 0.9220370375
3 0.9948958328125 0.8974074078125 0.9948958328125 0.728703703125 0.8318229171875 0.728703703125 0.8318229171875 0.8974074078125 0.9948958328125 0.8974074078125
3 0.9981249999999999 0.99398148125 0.9981249999999999 0.9144444437500001 0.9864062499999999 0.9144444437500001 0.9864062499999999 0.99398148125 0.9981249999999999 0.99398148125
3 0.9948958328125 0.9883333328124999 0.9948958328125 0.8348148140625 0.8318229171875 0.8348148140625 0.8318229171875 0.9883333328124999 0.9948958328125 0.9883333328124999
3 0.8094791671875001 0.8367592593750001 0.8094791671875001 0.6301851859375 0.7155729171874999 0.6301851859375 0.7155729171874999 0.8367592593750001 0.8094791671875001 0.8367592593750001
3 0.7209895828125 0.7855555562500001 0.7209895828125 0.705 0.6954166671875 0.705 0.6954166671875 0.7855555562500001 0.7209895828125 0.7855555562500001
3 0.6965104171875 0.6740740734374999 0.6965104171875 0.6163888890625 0.6359375 0.6163888890625 0.6359375 0.6740740734374999 0.6965104171875 0.6740740734374999
3 0.6848958328125 0.7326851859375 0.6848958328125 0.6681481484375 0.6325520828125 0.6681481484375 0.6325520828125 0.7326851859375 0.6848958328125 0.7326851859375
3 0.64 0.656759259375 0.64 0.5951851859375 0.6006770828125 0.5951851859375 0.6006770828125 0.656759259375 0.64 0.656759259375
3 0.6368229171875 0.6984259265625 0.6368229171875 0.6359259265625 0.5984375 0.6359259265625 0.5984375 0.6984259265625 0.6368229171875 0.6984259265625
3 0.6058854171875 0.673796296875 0.6058854171875 0.63398148125 0.5803125 0.63398148125 0.5803125 0.673796296875 0.6058854171875 0.673796296875
3 0.6005729171875 0.666203703125 0.6005729171875 0.6093518515625 0.5611458328125 0.6093518515625 0.5611458328125 0.666203703125 0.6005729171875 0.666203703125
3 0.5643229171875 0.6415740734375001 0.5643229171875 0.6075 0.5419270828125 0.6075 0.5419270828125 0.6415740734375001 0.5643229171875 0.6415740734375001
3 0.6341145828125 0.5236111109375 0.6341145828125 0.42351851875 0.5640625 0.42351851875 0.5640625 0.5236111109375 0.6341145828125 0.5236111109375
3 0.6853645828125 0.4956481484375 0.6853645828125 0.44629629687500005 0.5994791671875 0.44629629687500005 0.5994791671875 0.4956481484375 0.6853645828125 0.4956481484375
3 0.6495833328125 0.5374074078125 0.6495833328125 0.4881481484375 0.5994791671875 0.4881481484375 0.5994791671875 0.5374074078125 0.6495833328125 0.5374074078125
3 0.7561979171875 0.549722221875 0.7561979171875 0.49000000000000005 0.6459374999999999 0.49000000000000005 0.6459374999999999 0.549722221875 0.7561979171875 0.549722221875
3 0.55578125 0.5070370375000001 0.55578125 0.4843518515625 0.5248958328125 0.4843518515625 0.5248958328125 0.5070370375000001 0.55578125 0.5070370375000001
3 0.5419270828125 0.5658333328125 0.5419270828125 0.5336111109375 0.5280729171874999 0.5336111109375 0.5280729171874999 0.5658333328125 0.5419270828125 0.5658333328125
3 0.54515625 0.5923148140625 0.54515625 0.5676851859375 0.5259895828125 0.5676851859375 0.5259895828125 0.5923148140625 0.54515625 0.5923148140625
3 0.5461979171875 0.6245370375 0.5461979171875 0.60555555625 0.5259895828125 0.60555555625 0.5259895828125 0.6245370375 0.5461979171875 0.6245370375
3 0.5280729171874999 0.556296296875 0.5280729171874999 0.5316666671875 0.520625 0.5316666671875 0.520625 0.556296296875 0.5280729171874999 0.556296296875
3 0.5280729171874999 0.5828703703125 0.5280729171874999 0.558240740625 0.5184895828125 0.558240740625 0.5184895828125 0.5828703703125 0.5280729171874999 0.5828703703125
3 0.5302083328125 0.620740740625 0.5302083328125 0.5904629625 0.5184895828125 0.5904629625 0.5184895828125 0.620740740625 0.5302083328125 0.620740740625
3 0.5325 0.4731481484375 0.5325 0.4471296296875 0.49770833281250004 0.4471296296875 0.49770833281250004 0.4731481484375 0.5325 0.4731481484375
3 0.5274479171875 0.5024074078125 0.5274479171875 0.47555555624999996 0.5018229171875 0.47555555624999996 0.5018229171875 0.5024074078125 0.5274479171875 0.5024074078125
3 0.4830729171875 0.573240740625 0.4830729171875 0.5423148140625 0.46244791718749995 0.5423148140625 0.46244791718749995 0.573240740625 0.4830729171875 0.573240740625
3 0.4780208328125 0.465 0.4780208328125 0.43166666718749996 0.46244791718749995 0.43166666718749996 0.46244791718749995 0.465 0.4780208328125 0.465