1 0.8490624999999999 0.9699074078125 0.8490624999999999 0.7609259265625 0.6680208328125 0.7609259265625 0.6680208328125 0.9699074078125 0.8490624999999999 0.9699074078125
1 0.47015624999999994 0.0236111109375 0.47015624999999994 0.0975 0.6053645828125 0.0975 0.6053645828125 0.0236111109375 0.47015624999999994 0.0236111109375
1 0.47416666718749995 0.1268518515625 0.47416666718749995 0.060925926562499996 0.41958333281250004 0.060925926562499996 0.41958333281250004 0.1268518515625 0.47416666718749995 0.1268518515625
1 0.4146354171875 0.1675 0.4146354171875 0.11648148124999999 0.37463541718750004 0.11648148124999999 0.37463541718750004 0.1675 0.4146354171875 0.1675
1 0.37234375000000003 0.176203703125 0.37234375000000003 0.1298148140625 0.35031249999999997 0.1298148140625 0.35031249999999997 0.176203703125 0.37234375000000003 0.176203703125
3 0.9389062499999999 0.43944444374999997 0.9389062499999999 0.351296296875 0.8101041671875 0.351296296875 0.8101041671875 0.43944444374999997 0.9389062499999999 0.43944444374999997
3 0.8796875 0.425 0.8796875 0.3315740734375 0.71390625 0.3315740734375 0.71390625 0.425 0.8796875 0.425
3 0.7190624999999999 0.4078703703125 0.7190624999999999 0.3525925921875 0.66578125 0.3525925921875 0.66578125 0.4078703703125 0.7190624999999999 0.4078703703125
3 0.66359375 0.4 0.66359375 0.344722221875 0.62953125 0.344722221875 0.62953125 0.4 0.66359375 0.4
3 0.6302604171875 0.3921296296875 0.6302604171875 0.344722221875 0.6014062499999999 0.344722221875 0.6014062499999999 0.3921296296875 0.6302604171875 0.3921296296875
3 0.7286979171875 0.3184259265625 0.7286979171875 0.27898148125 0.64359375 0.27898148125 0.64359375 0.3184259265625 0.7286979171875 0.3184259265625
3 0.7227604171875 0.348703703125 0.7227604171875 0.3158333328125 0.6413541671874999 0.3158333328125 0.6413541671874999 0.348703703125 0.7227604171875 0.348703703125
3 0.6346875 0.319722221875 0.6346875 0.28555555625 0.6028645828125 0.28555555625 0.6028645828125 0.319722221875 0.6346875 0.319722221875
3 0.62328125 0.5522222218749999 0.62328125 0.4881481484375 0.5466145828125 0.4881481484375 0.5466145828125 0.5522222218749999 0.62328125 0.5522222218749999
3 0.5977083328125 0.5184259265625 0.5977083328125 0.40657407343749996 0.49776041718749997 0.40657407343749996 0.49776041718749997 0.5184259265625 0.5977083328125 0.5184259265625
3 0.604375 0.375 0.604375 0.3224074078125 0.5214583328125 0.3224074078125 0.5214583328125 0.375 0.604375 0.375
3 0.5155208328125 0.3671296296875 0.5155208328125 0.33555555625 0.4985416671875 0.33555555625 0.4985416671875 0.3671296296875 0.5155208328125 0.3671296296875
3 0.52 0.3671296296875 0.52 0.3224074078125 0.47927083281250005 0.3224074078125 0.47927083281250005 0.3671296296875 0.52 0.3671296296875
3 0.52296875 0.4315740734375 0.52296875 0.3868518515625 0.46078125 0.3868518515625 0.46078125 0.4315740734375 0.52296875 0.4315740734375
3 0.5066666671875 0.46055555625 0.5066666671875 0.419722221875 0.46296875000000004 0.419722221875 0.46296875000000004 0.46055555625 0.5066666671875 0.46055555625
3 0.5044270828124999 0.4921296296875 0.5044270828124999 0.455277778125 0.4652083328125 0.455277778125 0.4652083328125 0.4921296296875 0.5044270828124999 0.4921296296875
3 0.46890625 0.475 0.46890625 0.43555555625000003 0.4415104171875 0.43555555625000003 0.4415104171875 0.475 0.46890625 0.475
3 0.5133333328125 0.32101851875 0.5133333328125 0.2921296296875 0.45187499999999997 0.2921296296875 0.45187499999999997 0.32101851875 0.5133333328125 0.32101851875
3 0.48 0.3591666671875 0.48 0.32370370312499996 0.45114583281250004 0.32370370312499996 0.45114583281250004 0.3591666671875 0.48 0.3591666671875
3 0.4563541671875 0.36055555625 0.4563541671875 0.326296296875 0.43265624999999996 0.326296296875 0.43265624999999996 0.36055555625 0.4563541671875 0.36055555625
3 0.44671874999999994 0.469722221875 0.44671874999999994 0.4315740734375 0.43041666718749994 0.4315740734375 0.43041666718749994 0.469722221875 0.44671874999999994 0.469722221875
3 0.0914583328125 0.455277778125 0.0914583328125 0.4 0.04484375 0.4 0.04484375 0.455277778125 0.0914583328125 0.455277778125
3 0.44890625 0.32898148125 0.44890625 0.2974074078125 0.40083333281250005 0.2974074078125 0.40083333281250005 0.32898148125 0.44890625 0.32898148125
3 0.43562500000000004 0.35657407343749997 0.43562500000000004 0.3224074078125 0.40010416718749997 0.3224074078125 0.40010416718749997 0.35657407343749997 0.43562500000000004 0.35657407343749997
3 0.44447916718749997 0.4565740734375 0.44447916718749997 0.4184259265625 0.40750000000000003 0.4184259265625 0.40750000000000003 0.4565740734375 0.44447916718749997 0.4565740734375
3 0.36015625 0.048796296875 0.36015625 0.081203703125 0.3978645828125 0.081203703125 0.3978645828125 0.048796296875 0.36015625 0.048796296875
3 0.4021354171875 0.4204629625 0.4021354171875 0.3803703703125 0.3851041671875 0.3803703703125 0.3851041671875 0.4204629625 0.4021354171875 0.4204629625
3 0.38125 0.3433333328125 0.38125 0.3120370375 0.35822916718750003 0.3120370375 0.35822916718750003 0.3433333328125 0.38125 0.3433333328125