1 0.6954166671875 0.6903703703125 0.6954166671875 0.5326851859375 0.3795833328125 0.5326851859375 0.3795833328125 0.6903703703125 0.6954166671875 0.6903703703125
1 0.70984375 0.8506481484374999 0.70984375 0.685277778125 0.3860416671875 0.685277778125 0.3860416671875 0.8506481484374999 0.70984375 0.8506481484374999
1 0.5497395828125 0.0019444437500000002 0.5497395828125 0.0916666671875 0.6341145828125 0.0916666671875 0.6341145828125 0.0019444437500000002 0.5497395828125 0.0019444437500000002
1 0.6355729171875 0.0019444437500000002 0.6355729171875 0.0429629625 0.72140625 0.0429629625 0.72140625 0.0019444437500000002 0.6355729171875 0.0019444437500000002
1 0.5555208328125001 0.1365740734375 0.5555208328125001 0.05194444375 0.48703124999999997 0.05194444375 0.48703124999999997 0.1365740734375 0.5555208328125001 0.1365740734375
1 0.453125 0.1596296296875 0.453125 0.10194444375 0.3918229171875 0.10194444375 0.3918229171875 0.1596296296875 0.453125 0.1596296296875
1 0.39328124999999997 0.175 0.39328124999999997 0.1326851859375 0.36515624999999996 0.1326851859375 0.36515624999999996 0.175 0.39328124999999997 0.175
1 0.38895833281250003 0.0109259265625 0.38895833281250003 0.06601851875 0.4625 0.06601851875 0.4625 0.0109259265625 0.38895833281250003 0.0109259265625
1 0.3571875 0.19555555625 0.3571875 0.1596296296875 0.3398958328125 0.1596296296875 0.3398958328125 0.19555555625 0.3571875 0.19555555625
1 0.3334375 0.20574074062499997 0.3334375 0.1699074078125 0.3211458328125 0.1699074078125 0.3211458328125 0.20574074062499997 0.3334375 0.20574074062499997
1 0.01609375 0.162222221875 0.01609375 0.10574074062500001 0.0009375 0.10574074062500001 0.0009375 0.162222221875 0.01609375 0.162222221875
1 0.032708332812500004 0.173703703125 0.032708332812500004 0.1300925921875 0.0153645828125 0.1300925921875 0.0153645828125 0.173703703125 0.032708332812500004 0.173703703125
3 0.9536979171875 0.780277778125 0.9536979171875 0.6171296296875 0.8411979171875 0.6171296296875 0.8411979171875 0.780277778125 0.9536979171875 0.780277778125
3 0.8863541671874999 0.70398148125 0.8863541671874999 0.5908333328125 0.7390625 0.5908333328125 0.7390625 0.70398148125 0.8863541671874999 0.70398148125
3 0.8582291671875 0.6474074078125 0.8582291671875 0.46444444375 0.6894791671875 0.46444444375 0.6894791671875 0.6474074078125 0.8582291671875 0.6474074078125
3 0.9566666671874999 0.4841666671875 0.9566666671874999 0.273703703125 0.8530208328125 0.273703703125 0.8530208328125 0.4841666671875 0.9566666671874999 0.4841666671875
3 0.8508333328125 0.3618518515625 0.8508333328125 0.273703703125 0.75828125 0.273703703125 0.75828125 0.3618518515625 0.8508333328125 0.3618518515625
3 0.8501041671875 0.43685185156250006 0.8501041671875 0.355277778125 0.7494270828125 0.355277778125 0.7494270828125 0.43685185156250006 0.8501041671875 0.43685185156250006
3 0.7494270828125 0.41185185156250004 0.7494270828125 0.344722221875 0.6539583328125 0.344722221875 0.6539583328125 0.41185185156250004 0.7494270828125 0.41185185156250004
3 0.5599479171875 0.373703703125 0.5599479171875 0.344722221875 0.5347916671874999 0.344722221875 0.5347916671874999 0.373703703125 0.5599479171875 0.373703703125
3 0.5532812500000001 0.37759259218749996 0.5532812500000001 0.32370370312499996 0.5044270828124999 0.32370370312499996 0.5044270828124999 0.37759259218749996 0.5532812500000001 0.37759259218749996
3 0.5036979171875 0.3631481484375 0.5036979171875 0.33685185156249997 0.4755729171875 0.33685185156249997 0.4755729171875 0.3631481484375 0.5036979171875 0.3631481484375
3 0.47927083281250005 0.36055555625 0.47927083281250005 0.33555555625 0.4615104171875 0.33555555625 0.4615104171875 0.36055555625 0.47927083281250005 0.36055555625
3 0.47114583281250005 0.3631481484375 0.47114583281250005 0.33685185156249997 0.45187499999999997 0.33685185156249997 0.45187499999999997 0.3631481484375 0.47114583281250005 0.3631481484375
3 0.47114583281250005 0.35 0.47114583281250005 0.32101851875 0.4170833328125 0.32101851875 0.4170833328125 0.35 0.47114583281250005 0.35
3 0.47041666718749997 0.46055555625 0.47041666718749997 0.42898148125 0.4363541671875 0.42898148125 0.4363541671875 0.46055555625 0.47041666718749997 0.46055555625
3 0.4230208328125 0.39601851875 0.4230208328125 0.373703703125 0.38895833281250003 0.373703703125 0.38895833281250003 0.39601851875 0.4230208328125 0.39601851875
3 0.42374999999999996 0.42898148125 0.42374999999999996 0.3921296296875 0.38895833281250003 0.3921296296875 0.38895833281250003 0.42898148125 0.42374999999999996 0.42898148125
3 0.42078125 0.44870370312499996 0.42078125 0.4171296296875 0.3911979171875 0.4171296296875 0.3911979171875 0.44870370312499996 0.42078125 0.44870370312499996
3 0.4215625 0.3184259265625 0.4215625 0.2868518515625 0.38156249999999997 0.2868518515625 0.38156249999999997 0.3184259265625 0.4215625 0.3184259265625
3 0.39859374999999997 0.344722221875 0.39859374999999997 0.3184259265625 0.3860416671875 0.3184259265625 0.3860416671875 0.344722221875 0.39859374999999997 0.344722221875
3 0.4178645828125 0.351296296875 0.4178645828125 0.3184259265625 0.40010416718749997 0.3184259265625 0.40010416718749997 0.351296296875 0.4178645828125 0.351296296875
3 0.3911979171875 0.4408333328125 0.3911979171875 0.4078703703125 0.3741666671875 0.4078703703125 0.3741666671875 0.4408333328125 0.3911979171875 0.4408333328125
3 0.10552083281249999 0.4341666671875 0.10552083281249999 0.38416666718750003 0.08109374999999999 0.38416666718750003 0.08109374999999999 0.4341666671875 0.10552083281249999 0.4341666671875
3 0.39416666718750004 0.42898148125 0.39416666718750004 0.39601851875 0.36161458281250003 0.39601851875 0.36161458281250003 0.42898148125 0.39416666718750004 0.42898148125
3 0.3860416671875 0.3974074078125 0.3860416671875 0.3684259265625 0.3438541671875 0.3684259265625 0.3438541671875 0.3974074078125 0.3860416671875 0.3974074078125
3 0.3586458328125 0.42101851874999996 0.3586458328125 0.394722221875 0.3467708328125 0.394722221875 0.3467708328125 0.42101851874999996 0.3586458328125 0.42101851874999996
3 0.3497395828125 0.419722221875 0.3497395828125 0.3868518515625 0.3356770828125 0.3868518515625 0.3356770828125 0.419722221875 0.3497395828125 0.419722221875
3 0.3778645828125 0.319722221875 0.3778645828125 0.3025925921875 0.35343749999999996 0.3025925921875 0.35343749999999996 0.319722221875 0.3778645828125 0.319722221875
3 0.3756770828125 0.3408333328125 0.3756770828125 0.3184259265625 0.35343749999999996 0.3184259265625 0.35343749999999996 0.3408333328125 0.3756770828125 0.3408333328125
3 0.3556770828125 0.32370370312499996 0.3556770828125 0.3 0.3408854171875 0.3 0.3408854171875 0.32370370312499996 0.3556770828125 0.32370370312499996
3 0.35421874999999997 0.33685185156249997 0.35421874999999997 0.3184259265625 0.3386458328125 0.3184259265625 0.3386458328125 0.33685185156249997 0.35421874999999997 0.33685185156249997
3 0.36161458281250003 0.1341666671875 0.36161458281250003 0.1065740734375 0.32609374999999996 0.1065740734375 0.32609374999999996 0.1341666671875 0.36161458281250003 0.1341666671875
3 0.34015625 0.16055555625 0.34015625 0.1341666671875 0.3275520828125 0.1341666671875 0.3275520828125 0.16055555625 0.34015625 0.16055555625
3 0.339375 0.1775925921875 0.339375 0.1591666671875 0.32979166718749997 0.1591666671875 0.32979166718749997 0.1775925921875 0.339375 0.1775925921875