1 0.681875 0.0477083328125 0.681875 0.1822916671875 0.7928124999999999 0.1822916671875 0.7928124999999999 0.0477083328125 0.681875 0.0477083328125
1 0.7928124999999999 0.136875 0.7928124999999999 0.2258333328125 0.8510937500000001 0.2258333328125 0.8510937500000001 0.136875 0.7928124999999999 0.136875
1 0.8434375 0.1945833328125 0.8434375 0.2625 0.8931250000000001 0.2625 0.8931250000000001 0.1945833328125 0.8434375 0.1945833328125
1 0.885 0.2379166671875 0.885 0.2927083328125 0.9096875000000001 0.2927083328125 0.9096875000000001 0.2379166671875 0.885 0.2379166671875
1 0.9223437499999999 0.5077083328125 0.9223437499999999 0.5345833328125 0.9421875 0.5345833328125 0.9421875 0.5077083328125 0.9223437499999999 0.5077083328125
4 0.42890625 0.999375 0.42890625 0.353125 0.035625000000000004 0.353125 0.035625000000000004 0.999375 0.42890625 0.999375
4 0.10093749999999999 0.9954166671875001 0.10093749999999999 0.39416666718750004 0.001875 0.39416666718750004 0.001875 0.9954166671875001 0.10093749999999999 0.9954166671875001
4 0.6875 0.8724999999999999 0.6875 0.36854166718750003 0.45765625 0.36854166718750003 0.45765625 0.8724999999999999 0.6875 0.8724999999999999
4 0.79140625 0.77125 0.79140625 0.3635416671875 0.65578125 0.3635416671875 0.65578125 0.77125 0.79140625 0.77125
4 0.8615625 0.6802083328124999 0.8615625 0.37124999999999997 0.775 0.37124999999999997 0.775 0.6802083328124999 0.8615625 0.6802083328124999
4 0.8856249999999999 0.625 0.8856249999999999 0.40062499999999995 0.8442187499999999 0.40062499999999995 0.8442187499999999 0.625 0.8856249999999999 0.625
4 0.960625 0.5185416671875 0.960625 0.40458333281250003 0.92890625 0.40458333281250003 0.92890625 0.5185416671875 0.960625 0.5185416671875
3 0.09343749999999999 0.0027083328125 0.09343749999999999 0.21875 0.29125 0.21875 0.29125 0.0027083328125 0.09343749999999999 0.0027083328125
3 0.45484375000000005 0.2391666671875 0.45484375000000005 0.007291667187500001 0.284375 0.007291667187500001 0.284375 0.2391666671875 0.45484375000000005 0.2391666671875
3 0.58796875 0.2575 0.58796875 0.061875 0.47874999999999995 0.061875 0.47874999999999995 0.2575 0.58796875 0.2575
3 0.67484375 0.286875 0.67484375 0.10958333281249999 0.5862499999999999 0.10958333281249999 0.5862499999999999 0.286875 0.67484375 0.286875