1 0.8216145828125001 0.8083333328125001 0.8216145828125001 0.59555555625 0.4293229171875 0.59555555625 0.4293229171875 0.8083333328125001 0.8216145828125001 0.8083333328125001
1 0.8288541671875 0.99555555625 0.8288541671875 0.7647222218749999 0.4300520828125 0.7647222218749999 0.4300520828125 0.99555555625 0.8288541671875 0.99555555625
1 0.60671875 0.0019444437500000002 0.60671875 0.0596296296875 0.7452083328125 0.0596296296875 0.7452083328125 0.0019444437500000002 0.60671875 0.0019444437500000002
1 0.6117708328125 0.10833333281249999 0.6117708328125 0.023703703125 0.5273958328125 0.023703703125 0.5273958328125 0.10833333281249999 0.6117708328125 0.10833333281249999
1 0.53171875 0.1416666671875 0.53171875 0.06601851875 0.4797916671875 0.06601851875 0.4797916671875 0.1416666671875 0.53171875 0.1416666671875
1 0.4797916671875 0.155740740625 0.4797916671875 0.094259259375 0.4077083328125 0.094259259375 0.4077083328125 0.155740740625 0.4797916671875 0.155740740625
1 0.40911458281249996 0.1699074078125 0.40911458281249996 0.1211111109375 0.3759375 0.1211111109375 0.3759375 0.1699074078125 0.40911458281249996 0.1699074078125
1 0.40843749999999995 0.003240740625 0.40843749999999995 0.0390740734375 0.48557291718749995 0.0390740734375 0.48557291718749995 0.003240740625 0.40843749999999995 0.003240740625
1 0.37234375000000003 0.19805555625 0.37234375000000003 0.15444444375 0.34640624999999997 0.15444444375 0.34640624999999997 0.19805555625 0.37234375000000003 0.19805555625
1 0.3456770828125 0.2006481484375 0.3456770828125 0.1686111109375 0.3319791671875 0.1686111109375 0.3319791671875 0.2006481484375 0.3456770828125 0.2006481484375
1 0.33125 0.21601851875000003 0.33125 0.1813888890625 0.31755208281249997 0.1813888890625 0.31755208281249997 0.21601851875000003 0.33125 0.21601851875000003
1 0.31755208281249997 0.21601851875000003 0.31755208281249997 0.18398148125 0.30890625 0.18398148125 0.30890625 0.21601851875000003 0.31755208281249997 0.21601851875000003
1 0.30671875000000004 0.2288888890625 0.30671875000000004 0.1916666671875 0.2966145828125 0.1916666671875 0.2966145828125 0.2288888890625 0.30671875000000004 0.2288888890625
1 0.32406250000000003 0.094259259375 0.32406250000000003 0.0326851859375 0.3045833328125 0.0326851859375 0.3045833328125 0.094259259375 0.32406250000000003 0.094259259375
1 0.303125 0.103240740625 0.303125 0.062222221875 0.2944791671875 0.062222221875 0.2944791671875 0.103240740625 0.303125 0.103240740625
1 0.29520833281250003 0.11861111093750001 0.29520833281250003 0.0826851859375 0.2865625 0.0826851859375 0.2865625 0.11861111093750001 0.29520833281250003 0.11861111093750001
1 0.00203125 0.1145370375 0.00203125 0.172222221875 0.025468750000000002 0.172222221875 0.025468750000000002 0.1145370375 0.00203125 0.1145370375
1 0.0543229171875 0.19037037031249998 0.0543229171875 0.13694444374999998 0.02609375 0.13694444374999998 0.02609375 0.19037037031249998 0.0543229171875 0.19037037031249998
3 0.99609375 0.8082407406250001 0.99609375 0.621759259375 0.8868229171875001 0.621759259375 0.8868229171875001 0.8082407406250001 0.99609375 0.8082407406250001
3 0.9997916671875 0.3746296296875 0.9997916671875 0.2671296296875 0.8922916671875001 0.2671296296875 0.8922916671875001 0.3746296296875 0.9997916671875 0.3746296296875
3 0.9940625000000001 0.4725 0.9940625000000001 0.37101851875 0.8900520828125 0.37101851875 0.8900520828125 0.4725 0.9940625000000001 0.4725
3 0.8796875 0.42898148125 0.8796875 0.3591666671875 0.7457291671874999 0.3591666671875 0.7457291671874999 0.42898148125 0.8796875 0.42898148125
3 0.9559374999999999 0.7341666671875 0.9559374999999999 0.5078703703125 0.7967708328125 0.5078703703125 0.7967708328125 0.7341666671875 0.9559374999999999 0.7341666671875
3 0.6665104171875 0.40398148125000005 0.6665104171875 0.34601851875 0.5836458328125 0.34601851875 0.5836458328125 0.40398148125000005 0.6665104171875 0.40398148125000005
3 0.6065625 0.3908333328125 0.6065625 0.33027777812500003 0.5429166671875 0.33027777812500003 0.5429166671875 0.3908333328125 0.6065625 0.3908333328125
3 0.5495833328125 0.380277778125 0.5495833328125 0.3421296296875 0.5140625 0.3421296296875 0.5140625 0.380277778125 0.5495833328125 0.380277778125
3 0.5221875 0.3868518515625 0.5221875 0.3408333328125 0.4844791671875 0.3408333328125 0.4844791671875 0.3868518515625 0.5221875 0.3868518515625
3 0.5066666671875 0.5 0.5066666671875 0.4408333328125 0.4563541671875 0.4408333328125 0.4563541671875 0.5 0.5066666671875 0.5
3 0.4836979171875 0.37898148125 0.4836979171875 0.3315740734375 0.4496875 0.3315740734375 0.4496875 0.37898148125 0.4836979171875 0.37898148125
3 0.4474479171875 0.36055555625 0.4474479171875 0.3328703703125 0.42671875000000004 0.3328703703125 0.42671875000000004 0.36055555625 0.4474479171875 0.36055555625
3 0.4422916671875 0.36055555625 0.4422916671875 0.32370370312499996 0.42005208281249995 0.32370370312499996 0.42005208281249995 0.36055555625 0.4422916671875 0.36055555625
3 0.4474479171875 0.33027777812500003 0.4474479171875 0.2974074078125 0.3978645828125 0.2974074078125 0.3978645828125 0.33027777812500003 0.4474479171875 0.33027777812500003
3 0.42671875000000004 0.35657407343749997 0.42671875000000004 0.326296296875 0.3993229171875 0.326296296875 0.3993229171875 0.35657407343749997 0.42671875000000004 0.35657407343749997
3 0.40083333281250005 0.355277778125 0.40083333281250005 0.326296296875 0.3882291671875 0.326296296875 0.3882291671875 0.355277778125 0.40083333281250005 0.355277778125
3 0.40010416718749997 0.32370370312499996 0.40010416718749997 0.3 0.3690104171875 0.3 0.3690104171875 0.32370370312499996 0.40010416718749997 0.32370370312499996
3 0.39416666718750004 0.351296296875 0.39416666718750004 0.32101851875 0.3675 0.32101851875 0.3675 0.351296296875 0.39416666718750004 0.351296296875
3 0.36828125 0.32370370312499996 0.36828125 0.3 0.3497395828125 0.3 0.3497395828125 0.32370370312499996 0.36828125 0.32370370312499996
3 0.36531250000000004 0.33944444375 0.36531250000000004 0.32101851875 0.35046875 0.32101851875 0.35046875 0.33944444375 0.36531250000000004 0.33944444375
3 0.42895833281250006 0.4078703703125 0.42895833281250006 0.375 0.40010416718749997 0.375 0.40010416718749997 0.4078703703125 0.42895833281250006 0.4078703703125
3 0.4282291671875 0.4341666671875 0.4282291671875 0.40259259218750004 0.4052604171875 0.40259259218750004 0.4052604171875 0.4341666671875 0.4282291671875 0.4341666671875
3 0.42453124999999997 0.4618518515625 0.42453124999999997 0.4275925921875 0.40750000000000003 0.4275925921875 0.40750000000000003 0.4618518515625 0.42453124999999997 0.4618518515625
3 0.45041666718749995 0.476296296875 0.45041666718749995 0.3815740734375 0.4252604171875 0.3815740734375 0.4252604171875 0.476296296875 0.45041666718749995 0.476296296875
3 0.40598958281249997 0.45 0.40598958281249997 0.41185185156250004 0.3838020828125 0.41185185156250004 0.3838020828125 0.45 0.40598958281249997 0.45
3 0.3897395828125 0.42898148125 0.3897395828125 0.40657407343749996 0.3748958328125 0.40657407343749996 0.3748958328125 0.42898148125 0.3897395828125 0.42898148125
3 0.39416666718750004 0.398703703125 0.39416666718750004 0.37101851875 0.35494791718749996 0.37101851875 0.35494791718749996 0.398703703125 0.39416666718750004 0.398703703125
3 0.3741666671875 0.43027777812499995 0.3741666671875 0.398703703125 0.3586458328125 0.398703703125 0.3586458328125 0.43027777812499995 0.3741666671875 0.43027777812499995
3 0.3778645828125 0.12898148125 0.3778645828125 0.1 0.3349479171875 0.1 0.3349479171875 0.12898148125 0.3778645828125 0.12898148125
3 0.3497395828125 0.144722221875 0.3497395828125 0.12370370312500001 0.3290104171875 0.12370370312500001 0.3290104171875 0.144722221875 0.3497395828125 0.144722221875
3 0.35270833281249997 0.1724074078125 0.35270833281249997 0.15259259218750001 0.3327083328125 0.15259259218750001 0.3327083328125 0.1724074078125 0.35270833281249997 0.1724074078125
3 0.10552083281249999 0.4341666671875 0.10552083281249999 0.3881481484375 0.0744270828125 0.3881481484375 0.0744270828125 0.4341666671875 0.10552083281249999 0.4341666671875