1 0.6680208328125 0.0916666671875 0.6680208328125 0.012222221875 0.6240625 0.012222221875 0.6240625 0.0916666671875 0.6680208328125 0.0916666671875
1 0.621875 0.1199074078125 0.621875 0.0570370375 0.5959375 0.0570370375 0.5959375 0.1199074078125 0.621875 0.1199074078125
1 0.5952083328125 0.144259259375 0.5952083328125 0.0929629625 0.5735416671875 0.0929629625 0.5735416671875 0.144259259375 0.5952083328125 0.144259259375
1 0.5742708328125 0.162222221875 0.5742708328125 0.1173148140625 0.5577083328125 0.1173148140625 0.5577083328125 0.162222221875 0.5742708328125 0.162222221875
1 0.0434895828125 0.0493518515625 0.0434895828125 0.1109259265625 0.21369791718750003 0.1109259265625 0.21369791718750003 0.0493518515625 0.0434895828125 0.0493518515625
1 0.2101041671875 0.0788888890625 0.2101041671875 0.12759259218750002 0.2375 0.12759259218750002 0.2375 0.0788888890625 0.2101041671875 0.0788888890625
3 0.9551562499999999 0.43685185156250006 0.9551562499999999 0.3131481484375 0.8641666671875001 0.3131481484375 0.8641666671875001 0.43685185156250006 0.9551562499999999 0.43685185156250006
3 0.8670833328124999 0.4091666671875 0.8670833328124999 0.33944444375 0.7953125 0.33944444375 0.7953125 0.4091666671875 0.8670833328124999 0.4091666671875
3 0.8027083328125 0.38416666718750003 0.8027083328125 0.33027777812500003 0.7657291671875 0.33027777812500003 0.7657291671875 0.38416666718750003 0.8027083328125 0.38416666718750003
3 0.7694270828125 0.3815740734375 0.7694270828125 0.32898148125 0.7353645828125 0.32898148125 0.7353645828125 0.3815740734375 0.7694270828125 0.3815740734375
3 0.9159375000000001 0.6131481484375 0.9159375000000001 0.5184259265625 0.7516666671875 0.5184259265625 0.7516666671875 0.6131481484375 0.9159375000000001 0.6131481484375
3 0.9992708328125 0.6953703703125 0.9992708328125 0.6 0.9004166671875 0.6 0.9004166671875 0.6953703703125 0.9992708328125 0.6953703703125
3 0.9053125 0.7051851859375 0.9053125 0.6102777781250001 0.8390104171875 0.6102777781250001 0.8390104171875 0.7051851859375 0.9053125 0.7051851859375
3 0.9973958328125001 0.8099999999999999 0.9973958328125001 0.7215740734375 0.9642708328125 0.7215740734375 0.9642708328125 0.8099999999999999 0.9973958328125001 0.8099999999999999
3 0.9940625000000001 0.44601851875 0.9940625000000001 0.156759259375 0.9556770828125 0.156759259375 0.9556770828125 0.44601851875 0.9940625000000001 0.44601851875
3 0.08875 0.590740740625 0.08875 0.45805555625 0.0024479171875 0.45805555625 0.0024479171875 0.590740740625 0.08875 0.590740740625
3 0.0684895828125 0.490277778125 0.0684895828125 0.4296296296875 0.008854167187500001 0.4296296296875 0.008854167187500001 0.490277778125 0.0684895828125 0.490277778125
3 0.038645832812499996 0.41444444375 0.038645832812499996 0.34629629687499996 0.0034895828125 0.34629629687499996 0.0034895828125 0.41444444375 0.038645832812499996 0.41444444375
3 0.0983333328125 0.3178703703125 0.0983333328125 0.27805555625 0.005625 0.27805555625 0.005625 0.3178703703125 0.0983333328125 0.3178703703125
3 0.0983333328125 0.34629629687499996 0.0983333328125 0.31592592656249996 0.0034895828125 0.31592592656249996 0.0034895828125 0.34629629687499996 0.0983333328125 0.34629629687499996
3 0.10260416718750001 0.38416666718750003 0.10260416718750001 0.34629629687499996 0.0034895828125 0.34629629687499996 0.0034895828125 0.38416666718750003 0.10260416718750001 0.38416666718750003
3 0.13885416718750002 0.3538888890625 0.13885416718750002 0.3046296296875 0.0983333328125 0.3046296296875 0.0983333328125 0.3538888890625 0.13885416718750002 0.3538888890625
3 0.1665625 0.35194444375 0.1665625 0.30648148124999997 0.13671875 0.30648148124999997 0.13671875 0.35194444375 0.1665625 0.35194444375
3 0.1932291671875 0.34435185156250003 0.1932291671875 0.3046296296875 0.16442708281250001 0.3046296296875 0.16442708281250001 0.34435185156250003 0.1932291671875 0.34435185156250003
3 0.2134375 0.33870370312500003 0.2134375 0.3046296296875 0.1846875 0.3046296296875 0.1846875 0.33870370312500003 0.2134375 0.33870370312500003
3 0.23156249999999998 0.310277778125 0.23156249999999998 0.2686111109375 0.14953125 0.2686111109375 0.14953125 0.310277778125 0.23156249999999998 0.310277778125
3 0.23156249999999998 0.34055555625 0.23156249999999998 0.310277778125 0.21453125 0.310277778125 0.21453125 0.34055555625 0.23156249999999998 0.34055555625
3 0.24328124999999998 0.3311111109375 0.24328124999999998 0.2628703703125 0.22411458281250002 0.2628703703125 0.22411458281250002 0.3311111109375 0.24328124999999998 0.3311111109375
3 0.2305208328125 0.4296296296875 0.2305208328125 0.4031481484375 0.17723958281250002 0.4031481484375 0.17723958281250002 0.4296296296875 0.2305208328125 0.4296296296875
3 0.2305208328125 0.4486111109375 0.2305208328125 0.427777778125 0.21770833281250002 0.427777778125 0.21770833281250002 0.4486111109375 0.2305208328125 0.4486111109375
3 0.2486458328125 0.44666666718750003 0.2486458328125 0.39935185156249997 0.23265625 0.39935185156249997 0.23265625 0.44666666718750003 0.2486458328125 0.44666666718750003
3 0.21770833281250002 0.473240740625 0.21770833281250002 0.4296296296875 0.19744791718750002 0.4296296296875 0.19744791718750002 0.473240740625 0.21770833281250002 0.473240740625
3 0.19744791718750002 0.4750925921875 0.19744791718750002 0.41824074062500005 0.10687500000000001 0.41824074062500005 0.10687500000000001 0.4750925921875 0.19744791718750002 0.4750925921875
3 0.15057291718750002 0.535740740625 0.15057291718750002 0.46749999999999997 0.11859375000000001 0.46749999999999997 0.11859375000000001 0.535740740625 0.15057291718750002 0.535740740625
3 0.10687500000000001 0.5281481484375 0.10687500000000001 0.471296296875 0.07703125 0.471296296875 0.07703125 0.5281481484375 0.10687500000000001 0.5281481484375
3 0.1121875 0.571759259375 0.1121875 0.5016666671875 0.0813020828125 0.5016666671875 0.0813020828125 0.571759259375 0.1121875 0.571759259375
3 0.7239583328125 0.5281481484375 0.7239583328125 0.4031481484375 0.6472395828125 0.4031481484375 0.6472395828125 0.5281481484375 0.7239583328125 0.5281481484375
3 0.80921875 0.37472222187500004 0.80921875 0.230740740625 0.6813541671875 0.230740740625 0.6813541671875 0.37472222187500004 0.80921875 0.37472222187500004
3 0.6909375 0.27620370312500003 0.6909375 0.23638888906250002 0.6685416671875 0.23638888906250002 0.6685416671875 0.27620370312500003 0.6909375 0.27620370312500003
3 0.6909375 0.30648148124999997 0.6909375 0.27620370312500003 0.6696354171875 0.27620370312500003 0.6696354171875 0.30648148124999997 0.6909375 0.30648148124999997
3 0.6888020828125 0.329259259375 0.6888020828125 0.30648148124999997 0.6696354171875 0.30648148124999997 0.6696354171875 0.329259259375 0.6888020828125 0.329259259375
3 0.6888020828125 0.35194444375 0.6888020828125 0.329259259375 0.67390625 0.329259259375 0.67390625 0.35194444375 0.6888020828125 0.35194444375
3 0.6536458328125 0.355740740625 0.6536458328125 0.31592592656249996 0.6152604171875 0.31592592656249996 0.6152604171875 0.355740740625 0.6536458328125 0.355740740625
3 0.5955729171875 0.4588888890625 0.5955729171875 0.4095370375 0.5708854171875 0.4095370375 0.5708854171875 0.4588888890625 0.5955729171875 0.4588888890625
3 0.6331770828125001 0.35037037031249996 0.6331770828125001 0.3075925921875 0.5974479171875 0.3075925921875 0.5974479171875 0.35037037031249996 0.6331770828125001 0.35037037031249996
3 0.6251562500000001 0.3075925921875 0.6251562500000001 0.2758333328125 0.5659895828125 0.2758333328125 0.5659895828125 0.3075925921875 0.6251562500000001 0.3075925921875
3 0.5777083328125 0.3383333328125 0.5777083328125 0.31194444374999997 0.5659895828125 0.31194444374999997 0.5659895828125 0.3383333328125 0.5777083328125 0.3383333328125
3 0.58203125 0.343796296875 0.58203125 0.31194444374999997 0.5721354171875 0.31194444374999997 0.5721354171875 0.343796296875 0.58203125 0.343796296875
3 0.6011458328125 0.35037037031249996 0.6011458328125 0.3163888890625 0.5857291671875 0.3163888890625 0.5857291671875 0.35037037031249996 0.6011458328125 0.35037037031249996
3 0.6005208328125 0.4479629625 0.6005208328125 0.39638888906249997 0.55734375 0.39638888906249997 0.55734375 0.4479629625 0.6005208328125 0.4479629625
3 0.5616666671874999 0.411759259375 0.5616666671874999 0.3931481484375 0.5511458328125001 0.3931481484375 0.5511458328125001 0.411759259375 0.5616666671874999 0.411759259375
3 0.5610416671875 0.4216666671875 0.5610416671875 0.399722221875 0.5474479171875 0.399722221875 0.5474479171875 0.4216666671875 0.5610416671875 0.4216666671875
1 0.2780729171875 0.46768518593749997 0.2780729171875 0.4359259265625 0.25656249999999997 0.4359259265625 0.25656249999999997 0.46768518593749997 0.2780729171875 0.46768518593749997
3 0.2483333328125 0.42944444375 0.2483333328125 0.4474074078125 0.2744270828125 0.4474074078125 0.2744270828125 0.42944444375 0.2483333328125 0.42944444375
3 0.2460416671875 0.40018518593749997 0.2460416671875 0.4286111109375 0.27395833281250004 0.4286111109375 0.27395833281250004 0.40018518593749997 0.2460416671875 0.40018518593749997
3 0.24375 0.375740740625 0.24375 0.39935185156249997 0.2716666671875 0.39935185156249997 0.2716666671875 0.375740740625 0.24375 0.375740740625
3 0.2428645828125 0.340740740625 0.2428645828125 0.3749074078125 0.27078125000000003 0.3749074078125 0.27078125000000003 0.340740740625 0.2428645828125 0.340740740625