1 0.7112499999999999 0.6643749999999999 0.7112499999999999 0.5222916671875 0.33625 0.5222916671875 0.33625 0.6643749999999999 0.7112499999999999 0.6643749999999999
1 0.5996875 0.7341666671875 0.5996875 0.588125 0.33125 0.588125 0.33125 0.7341666671875 0.5996875 0.7341666671875
1 0.33515625 0.039375 0.33515625 0.1539583328125 0.56203125 0.1539583328125 0.56203125 0.039375 0.33515625 0.039375
1 0.56578125 0.017499999999999998 0.56578125 0.10916666718750001 0.8826562499999999 0.10916666718750001 0.8826562499999999 0.017499999999999998 0.56578125 0.017499999999999998
4 0.34140625 0.4302083328125 0.34140625 0.30583333281249997 0.1 0.30583333281249997 0.1 0.4302083328125 0.34140625 0.4302083328125
4 0.34234375 0.5864583328124999 0.34234375 0.4108333328125 0.10859375 0.4108333328125 0.10859375 0.5864583328124999 0.34234375 0.5864583328124999
4 0.11640625 0.5454166671875 0.11640625 0.3185416671875 0.054843750000000004 0.3185416671875 0.054843750000000004 0.5454166671875 0.11640625 0.5454166671875
4 0.060625 0.5197916671875 0.060625 0.325 0.01828125 0.325 0.01828125 0.5197916671875 0.060625 0.5197916671875
4 0.10765625000000001 0.07875 0.10765625000000001 0.248125 0.36640625 0.248125 0.36640625 0.07875 0.10765625000000001 0.07875
4 0.210625 0.2827083328125 0.210625 0.0404166671875 0.064375 0.0404166671875 0.064375 0.2827083328125 0.210625 0.2827083328125
4 0.09234375 0.2954166671875 0.09234375 0.0827083328125 0.029843750000000002 0.0827083328125 0.029843750000000002 0.2954166671875 0.09234375 0.2954166671875