1 0.2766666671875 0.741759259375 0.2766666671875 0.6451851859375 0.07843750000000001 0.6451851859375 0.07843750000000001 0.741759259375 0.2766666671875 0.741759259375
1 0.29796875 0.6716666671875 0.29796875 0.616759259375 0.2723958328125 0.616759259375 0.2723958328125 0.6716666671875 0.29796875 0.6716666671875
1 0.22015625 0.391296296875 0.22015625 0.3609259265625 0.1327604171875 0.3609259265625 0.1327604171875 0.391296296875 0.22015625 0.391296296875
1 0.11145833281249999 0.400740740625 0.11145833281249999 0.3476851859375 0.026197917187500003 0.3476851859375 0.026197917187500003 0.400740740625 0.11145833281249999 0.400740740625
1 0.33421875 0.3609259265625 0.33421875 0.338240740625 0.2852083328125 0.338240740625 0.2852083328125 0.3609259265625 0.33421875 0.3609259265625
1 0.32890625 0.292777778125 0.32890625 0.266203703125 0.28625 0.266203703125 0.28625 0.292777778125 0.32890625 0.292777778125
1 0.2872916671875 0.29648148124999996 0.2872916671875 0.27 0.2425520828125 0.27 0.2425520828125 0.29648148124999996 0.2872916671875 0.29648148124999996
1 0.2852083328125 0.39879629687499996 0.2852083328125 0.3723148140625 0.24359375 0.3723148140625 0.24359375 0.39879629687499996 0.2852083328125 0.39879629687499996
1 0.3309895828125 0.5921296296875 0.3309895828125 0.5504629624999999 0.2766666671875 0.5504629624999999 0.2766666671875 0.5921296296875 0.3309895828125 0.5921296296875
2 0.47041666718749997 0.0300925921875 0.47041666718749997 0.99805555625 0.7178125 0.99805555625 0.7178125 0.0300925921875 0.47041666718749997 0.0300925921875
4 0.7956770828125 0.6224074078124999 0.7956770828125 0.4699074078125 0.65359375 0.4699074078125 0.65359375 0.6224074078124999 0.7956770828125 0.6224074078124999
2 0.46609375000000003 0.5813888890625 0.46609375000000003 0.4326851859375 0.42859375 0.4326851859375 0.42859375 0.5813888890625 0.46609375000000003 0.5813888890625
4 0.33557291718750004 0.5903703703125001 0.33557291718750004 0.46472222187499995 0.2309895828125 0.46472222187499995 0.2309895828125 0.5903703703125001 0.33557291718750004 0.5903703703125001
1 0.030833332812499996 0.23925925937499998 0.030833332812499996 0.1845370375 0.0023958328125 0.1845370375 0.0023958328125 0.23925925937499998 0.030833332812499996 0.23925925937499998
1 0.033125 0.2938888890625 0.033125 0.24731481406250003 0.0001041671875 0.24731481406250003 0.0001041671875 0.2938888890625 0.033125 0.2938888890625
1 0.0342708328125 0.34648148125 0.0342708328125 0.2979629625 0.0023958328125 0.2979629625 0.0023958328125 0.34648148125 0.0342708328125 0.34648148125
1 0.0342708328125 0.409259259375 0.0342708328125 0.34648148125 0.0023958328125 0.34648148125 0.0023958328125 0.409259259375 0.0342708328125 0.409259259375
1 0.0342708328125 0.46398148125 0.0342708328125 0.409259259375 0.00125 0.409259259375 0.00125 0.46398148125 0.0342708328125 0.46398148125
1 0.04109375 0.530740740625 0.04109375 0.46398148125 0.00125 0.46398148125 0.00125 0.530740740625 0.04109375 0.530740740625
1 0.04109375 0.5894444437499999 0.04109375 0.530740740625 0.00578125 0.530740740625 0.00578125 0.5894444437499999 0.04109375 0.5894444437499999
1 0.0456770828125 0.63601851875 0.0456770828125 0.5894444437499999 0.00578125 0.5894444437499999 0.00578125 0.63601851875 0.0456770828125 0.63601851875
1 0.0456770828125 0.7129629625 0.0456770828125 0.63601851875 0.0046875 0.63601851875 0.0046875 0.7129629625 0.0456770828125 0.7129629625
1 0.043385417187500004 0.7656481484375 0.043385417187500004 0.7008333328125 0.0046875 0.7008333328125 0.0046875 0.7656481484375 0.043385417187500004 0.7656481484375
1 0.04453125 0.8223148140625 0.04453125 0.7494444437500001 0.0080729171875 0.7494444437500001 0.0080729171875 0.8223148140625 0.04453125 0.8223148140625
1 0.043385417187500004 0.8648148140625 0.043385417187500004 0.8081481484375 0.0035416671875 0.8081481484375 0.0035416671875 0.8648148140625 0.043385417187500004 0.8648148140625
1 0.06046875 0.0751851859375 0.06046875 0.13999999999999999 0.1003125 0.13999999999999999 0.1003125 0.0751851859375 0.06046875 0.0751851859375
1 0.2165104171875 0.24731481406250003 0.2165104171875 0.2108333328125 0.1652604171875 0.2108333328125 0.1652604171875 0.24731481406250003 0.2165104171875 0.24731481406250003