1 0.9168749999999999 0.18125 0.9168749999999999 0.135625 0.8964062500000001 0.135625 0.8964062500000001 0.18125 0.9168749999999999 0.18125
1 0.9159375000000001 0.20354166718750002 0.9159375000000001 0.164375 0.8934374999999999 0.164375 0.8934374999999999 0.20354166718750002 0.9159375000000001 0.20354166718750002
1 0.91890625 0.22291666718749997 0.91890625 0.18395833281250001 0.8934374999999999 0.18395833281250001 0.8934374999999999 0.22291666718749997 0.91890625 0.22291666718749997
1 0.9775 0.39249999999999996 0.9775 0.348125 0.92671875 0.348125 0.92671875 0.39249999999999996 0.9775 0.39249999999999996
1 0.9071875 0.590625 0.9071875 0.5202083328125 0.8748437499999999 0.5202083328125 0.8748437499999999 0.590625 0.9071875 0.590625
1 0.93359375 0.6491666671874999 0.93359375 0.561875 0.9003125000000001 0.561875 0.9003125000000001 0.6491666671874999 0.93359375 0.6491666671874999
1 0.6832812500000001 0.42374999999999996 0.6832812500000001 0.3845833328125 0.58546875 0.3845833328125 0.58546875 0.42374999999999996 0.6832812500000001 0.42374999999999996
1 0.9609375 0.7 0.9609375 0.620625 0.92671875 0.620625 0.92671875 0.7 0.9609375 0.7
2 0.8909375 0.5335416671875 0.8909375 0.3225 0.84609375 0.3225 0.84609375 0.5335416671875 0.8909375 0.5335416671875
3 1 0.21729166718749998 0.9778125 0.21729166718749998 0.9778125 0.26208333281249996 1 0.26208333281249996 1 0.21729166718749998
3 0.97890625 0.2802083328125 0.97890625 0.2364583328125 0.9403124999999999 0.2364583328125 0.9403124999999999 0.2802083328125 0.97890625 0.2802083328125