1 0.3440625 0.2491666671875 0.3440625 0.13187500000000002 0.00484375 0.13187500000000002 0.00484375 0.2491666671875 0.3440625 0.2491666671875
1 0.3303125 0.9189583328125 0.3303125 0.7822916671875 0.05859375 0.7822916671875 0.05859375 0.9189583328125 0.3303125 0.9189583328125
1 0.65390625 0.8316666671874999 0.65390625 0.653125 0.3803125 0.653125 0.3803125 0.8316666671874999 0.65390625 0.8316666671874999
1 0.7928124999999999 0.7183333328125 0.7928124999999999 0.5814583328125 0.58546875 0.5814583328125 0.58546875 0.7183333328125 0.7928124999999999 0.7183333328125
1 0.6910937500000001 0.2372916671875 0.6910937500000001 0.054791667187500004 0.39296875 0.054791667187500004 0.39296875 0.2372916671875 0.6910937500000001 0.2372916671875
1 0.68421875 0.1579166671875 0.68421875 0.00020833281250000002 0.39484375 0.00020833281250000002 0.39484375 0.1579166671875 0.68421875 0.1579166671875
1 0.43238597968750003 0.1904166671875 0.4245143578125 0.1904166671875 0.4240740734375 0.1971682109375 0.416290509375 0.1958179015625 0.41664273593749995 0.1904166671875 0.408771115625 0.1904166671875 0.40850694374999996 0.1944675921875 0.4007233796875 0.1931172828125 0.40089949375 0.1904166671875 0.393027871875 0.1904166671875 0.3929398140625 0.191766975 0.38515625 0.1904166671875 0.38515625 0.3129166671875 0.67640625 0.3129166671875 0.6784375 0.3192857140625 0.6784375 0.3416666671875 0.80546875 0.3416666671875 0.80546875 0.2633333328125 0.6809317125 0.2417283953125 0.67640625 0.2460984859375 0.6731481484375 0.24037808593749999 0.67640625 0.2349621203125 0.67640625 0.1904166671875 0.4402576015625 0.1904166671875 0.439641203125 0.1998688265625 0.4318576390625 0.19851851874999998 0.43238597968750003 0.1904166671875
1 0.8504687499999999 0.1539583328125 0.8504687499999999 0.0783333328125 0.79859375 0.0783333328125 0.79859375 0.1539583328125 0.8504687499999999 0.1539583328125
1 0.9090624999999999 0.226875 0.9090624999999999 0.1735416671875 0.86421875 0.1735416671875 0.86421875 0.226875 0.9090624999999999 0.226875
1 0.8787499999999999 0.3689583328125 0.8787499999999999 0.315625 0.809375 0.315625 0.809375 0.3689583328125 0.8787499999999999 0.3689583328125
1 0.91015625 0.3808333328125 0.91015625 0.3441666671875 0.8748437499999999 0.3441666671875 0.8748437499999999 0.3808333328125 0.91015625 0.3808333328125
1 0.8573437500000001 0.624375 0.8573437500000001 0.5710416671874999 0.79859375 0.5710416671874999 0.79859375 0.624375 0.8573437500000001 0.624375
1 0.8984375 0.5866666671874999 0.8984375 0.5410416671875 0.85640625 0.5410416671875 0.85640625 0.5866666671874999 0.8984375 0.5866666671874999