1 0.7826041671875 0.9951851859374999 0.7826041671875 0.7601851859375001 0.53640625 0.7601851859375001 0.53640625 0.9951851859374999 0.7826041671875 0.9951851859374999
1 0.4692708328125 0.9970370375 0.4692708328125 0.8436111109375 0.4 0.8436111109375 0.4 0.9970370375 0.4692708328125 0.9970370375
1 0.3424479171875 0.733703703125 0.3424479171875 0.6237962968749999 0.3008854171875 0.6237962968749999 0.3008854171875 0.733703703125 0.3424479171875 0.733703703125
1 0.3115104171875 0.6275925921875001 0.3115104171875 0.568796296875 0.2891666671875 0.568796296875 0.2891666671875 0.6275925921875001 0.3115104171875 0.6275925921875001
1 0.3328645828125 0.49490740781250003 0.3328645828125 0.4343518515625 0.280625 0.4343518515625 0.280625 0.49490740781250003 0.3328645828125 0.49490740781250003
1 0.3083333328125 0.0023148140625 0.3083333328125 0.043981481249999996 0.34562499999999996 0.043981481249999996 0.34562499999999996 0.0023148140625 0.3083333328125 0.0023148140625
1 0.3126041671875 0.10842592656250001 0.3126041671875 0.0023148140625 0.2763541671875 0.0023148140625 0.2763541671875 0.10842592656250001 0.3126041671875 0.10842592656250001
1 0.27531249999999996 0.1538888890625 0.27531249999999996 0.057222221875 0.25505208281249997 0.057222221875 0.25505208281249997 0.1538888890625 0.27531249999999996 0.1538888890625
1 0.2569270828125 0.1670370375 0.2569270828125 0.1046296296875 0.24364583281250002 0.1046296296875 0.24364583281250002 0.1670370375 0.2569270828125 0.1670370375
1 0.2440625 0.1875925921875 0.2440625 0.12898148125 0.2316666671875 0.12898148125 0.2316666671875 0.1875925921875 0.2440625 0.1875925921875
1 0.0144791671875 0.47444444375000006 0.0144791671875 0.445277778125 0.0059375 0.445277778125 0.0059375 0.47444444375000006 0.0144791671875 0.47444444375000006
1 0.02375 0.46685185156250003 0.02375 0.43694444375 0.0130729171875 0.43694444375 0.0130729171875 0.46685185156250003 0.02375 0.46685185156250003
4 0.5086458328125001 0.8813888890625 0.5086458328125001 0.3570370375 0.3319791671875 0.3570370375 0.3319791671875 0.8813888890625 0.5086458328125001 0.8813888890625
4 0.2659375 0.5349999999999999 0.2659375 0.3373148140625 0.22937500000000002 0.3373148140625 0.22937500000000002 0.5349999999999999 0.2659375 0.5349999999999999
4 0.2433854171875 0.49851851875 0.2433854171875 0.3409259265625 0.21286458281249998 0.3409259265625 0.21286458281249998 0.49851851875 0.2433854171875 0.49851851875
4 0.2208333328125 0.45222222187499994 0.2208333328125 0.3266666671875 0.2008333328125 0.3266666671875 0.2008333328125 0.45222222187499994 0.2208333328125 0.45222222187499994
4 0.016979167187499998 0.157777778125 0.016979167187499998 0.27851851875 0.0421875 0.27851851875 0.0421875 0.157777778125 0.016979167187499998 0.157777778125
4 0.0566145828125 0.2945370375 0.0566145828125 0.19194444375 0.0416145828125 0.19194444375 0.0416145828125 0.2945370375 0.0566145828125 0.2945370375
4 0.0361979171875 0.45055555625 0.0361979171875 0.3308333328125 0.013958332812499998 0.3308333328125 0.013958332812499998 0.45055555625 0.0361979171875 0.45055555625
3 0.4091666671875 0.256203703125 0.4091666671875 0.0356481484375 0.3682291671875 0.0356481484375 0.3682291671875 0.256203703125 0.4091666671875 0.256203703125
3 0.30671875000000004 0.282222221875 0.30671875000000004 0.1663888890625 0.2689583328125 0.1663888890625 0.2689583328125 0.282222221875 0.30671875000000004 0.282222221875
3 0.2682291671875 0.299259259375 0.2682291671875 0.203240740625 0.2534375 0.203240740625 0.2534375 0.299259259375 0.2682291671875 0.299259259375
3 0.2548958328125 0.299259259375 0.2548958328125 0.2058333328125 0.2430729171875 0.2058333328125 0.2430729171875 0.299259259375 0.2548958328125 0.299259259375
3 0.2202604171875 0.30101851874999996 0.2202604171875 0.253796296875 0.2082291671875 0.253796296875 0.2082291671875 0.30101851874999996 0.2202604171875 0.30101851874999996