1 0.9766666671875001 0.1775925921875 0.9766666671875001 0.06731481406249999 0.8684895828125001 0.06731481406249999 0.8684895828125001 0.1775925921875 0.9766666671875001 0.1775925921875
1 0.8663541671875 0.23009259218749997 0.8663541671875 0.15064814843750002 0.7934895828124999 0.15064814843750002 0.7934895828124999 0.23009259218749997 0.8663541671875 0.23009259218749997
1 0.7949479171875 0.25444444375 0.7949479171875 0.1890740734375 0.68171875 0.1890740734375 0.68171875 0.25444444375 0.7949479171875 0.25444444375
1 0.68171875 0.2681481484375 0.68171875 0.235277778125 0.6579166671875 0.235277778125 0.6579166671875 0.2681481484375 0.68171875 0.2681481484375
1 0.6824479171875 0.2596296296875 0.6824479171875 0.298240740625 0.7466666671875 0.298240740625 0.7466666671875 0.2596296296875 0.6824479171875 0.2596296296875
1 0.6798437500000001 0.313703703125 0.6798437500000001 0.287777778125 0.659375 0.287777778125 0.659375 0.313703703125 0.6798437500000001 0.313703703125
1 0.6428125 0.33888888906250003 0.6428125 0.31601851875000003 0.6211458328125 0.31601851875000003 0.6211458328125 0.33888888906250003 0.6428125 0.33888888906250003
1 0.6139583328125 0.35925925937500003 0.6139583328125 0.3365740734375 0.6002604171875 0.3365740734375 0.6002604171875 0.35925925937500003 0.6139583328125 0.35925925937500003
1 0.6204166671875 0.325 0.6204166671875 0.30444444375 0.603125 0.30444444375 0.603125 0.325 0.6204166671875 0.325
1 0.5979166671875 0.3674074078125 0.5979166671875 0.35444444375 0.5851041671874999 0.35444444375 0.5851041671874999 0.3674074078125 0.5979166671875 0.3674074078125
1 0.6579166671875 0.2173148140625 0.6579166671875 0.1711111109375 0.6103125 0.1711111109375 0.6103125 0.2173148140625 0.6579166671875 0.2173148140625
1 0.6428125 0.11601851875 0.6428125 0.1699074078125 0.6730729171875 0.1699074078125 0.6730729171875 0.11601851875 0.6428125 0.11601851875
1 0.6709375 0.003240740625 0.6709375 0.1006481484375 0.74734375 0.1006481484375 0.74734375 0.003240740625 0.6709375 0.003240740625
1 0.0002604171875 0.10574074062500001 0.0002604171875 0.20194444374999998 0.2519270828125 0.20194444374999998 0.2519270828125 0.10574074062500001 0.0002604171875 0.10574074062500001
1 0.0680208328125 0.004444443750000001 0.0680208328125 0.126296296875 0.1920833328125 0.126296296875 0.1920833328125 0.004444443750000001 0.0680208328125 0.004444443750000001
1 0.14156249999999998 0.2609259265625 0.14156249999999998 0.3109259265625 0.3204166671875 0.3109259265625 0.3204166671875 0.2609259265625 0.14156249999999998 0.2609259265625
1 0.3053125 0.273703703125 0.3053125 0.33138888906249997 0.3391666671875 0.33138888906249997 0.3391666671875 0.273703703125 0.3053125 0.273703703125
1 0.32406250000000003 0.3109259265625 0.32406250000000003 0.355740740625 0.36442708281249997 0.355740740625 0.36442708281249997 0.3109259265625 0.32406250000000003 0.3109259265625
1 0.3550520828125 0.337222221875 0.3550520828125 0.3701851859375 0.37755208281249997 0.3701851859375 0.37755208281249997 0.337222221875 0.3550520828125 0.337222221875
1 0.3740625 0.3559259265625 0.3740625 0.3826851859375 0.38557291718750003 0.3826851859375 0.38557291718750003 0.3559259265625 0.3740625 0.3559259265625
1 0.38708333281249996 0.3648148140625 0.38708333281249996 0.38620370312499996 0.3955729171875 0.38620370312499996 0.3955729171875 0.3648148140625 0.38708333281249996 0.3648148140625
1 0.38609375 0.4066666671875 0.38609375 0.42537037031249997 0.3955729171875 0.42537037031249997 0.3955729171875 0.4066666671875 0.38609375 0.4066666671875
1 0.37057291718749996 0.4049074078125 0.37057291718749996 0.41916666718749995 0.38807291718750003 0.41916666718749995 0.38807291718750003 0.4049074078125 0.37057291718749996 0.4049074078125
1 0.48723958281249996 0.5785185187499999 0.48723958281249996 0.5518518515624999 0.3876041671875 0.5518518515624999 0.3876041671875 0.5785185187499999 0.48723958281249996 0.5785185187499999
1 0.488125 0.6375 0.488125 0.6016666671875 0.4041145828125 0.6016666671875 0.4041145828125 0.6375 0.488125 0.6375
2 0.51296875 0.5313888890625 0.51296875 0.3813888890625 0.4733333328125 0.3813888890625 0.4733333328125 0.5313888890625 0.51296875 0.5313888890625
2 0.4574479171875 0.5058333328125 0.4574479171875 0.37944444375 0.416875 0.37944444375 0.416875 0.5058333328125 0.4574479171875 0.5058333328125
3 0.9219791671875001 0.518703703125 0.9219791671875001 0.47888888906249993 0.8708333328125001 0.47888888906249993 0.8708333328125001 0.518703703125 0.9219791671875001 0.518703703125
3 0.9059895828125001 0.46944444374999994 0.9059895828125001 0.4201851859375 0.8026041671874999 0.4201851859375 0.8026041671874999 0.46944444374999994 0.9059895828125001 0.46944444374999994
3 0.8825520828125001 0.516759259375 0.8825520828125001 0.471296296875 0.81328125 0.471296296875 0.81328125 0.516759259375 0.8825520828125001 0.516759259375
3 0.8122395828125001 0.516759259375 0.8122395828125001 0.46749999999999997 0.7695833328125 0.46749999999999997 0.7695833328125 0.516759259375 0.8122395828125001 0.516759259375
3 0.8164583328124999 0.37842592656249996 0.8164583328124999 0.31592592656249996 0.7802604171875 0.31592592656249996 0.7802604171875 0.37842592656249996 0.8164583328124999 0.37842592656249996
3 0.9848958328125 0.679722221875 0.9848958328125 0.6020370374999999 0.9006770828124999 0.6020370374999999 0.9006770828124999 0.679722221875 0.9848958328125 0.679722221875
3 0.9816666671875 0.751759259375 0.9816666671875 0.679722221875 0.9113541671875 0.679722221875 0.9113541671875 0.751759259375 0.9816666671875 0.751759259375
3 0.9283854171874999 0.7213888890625 0.9283854171874999 0.6456481484375 0.8836458328125 0.6456481484375 0.8836458328125 0.7213888890625 0.9283854171874999 0.7213888890625
3 0.8996354171875 0.7043518515625 0.8996354171875 0.62851851875 0.8538020828124999 0.62851851875 0.8538020828124999 0.7043518515625 0.8996354171875 0.7043518515625
3 0.8825520828125001 0.6399074078125 0.8825520828125001 0.5736111109375 0.8207291671875 0.5736111109375 0.8207291671875 0.6399074078125 0.8825520828125001 0.6399074078125
3 0.85484375 0.679722221875 0.85484375 0.6152777781250001 0.8228645828125 0.6152777781250001 0.8228645828125 0.679722221875 0.85484375 0.679722221875
3 0.8239583328125001 0.6550925921874999 0.8239583328125001 0.598240740625 0.7770312500000001 0.598240740625 0.7770312500000001 0.6550925921874999 0.8239583328125001 0.6550925921874999
3 0.7834375 0.6361111109375 0.7834375 0.5868518515625001 0.7535937500000001 0.5868518515625001 0.7535937500000001 0.6361111109375 0.7834375 0.6361111109375
3 0.7567708328125 0.6228703703125 0.7567708328125 0.5868518515625001 0.7301562500000001 0.5868518515625001 0.7301562500000001 0.6228703703125 0.7567708328125 0.6228703703125
3 0.7408333328125 0.6152777781250001 0.7408333328125 0.5679629625 0.7130729171875 0.5679629625 0.7130729171875 0.6152777781250001 0.7408333328125 0.6152777781250001
3 0.73546875 0.5754629625 0.73546875 0.535740740625 0.6864583328125 0.535740740625 0.6864583328125 0.5754629625 0.73546875 0.5754629625
3 0.7173437500000001 0.6038888890624999 0.7173437500000001 0.5679629625 0.6864583328125 0.5679629625 0.6864583328125 0.6038888890624999 0.7173437500000001 0.6038888890624999
3 0.7344270828125 0.6001851859375 0.7344270828125 0.5073148140625 0.6821875000000001 0.5073148140625 0.6821875000000001 0.6001851859375 0.7344270828125 0.6001851859375
3 0.68859375 0.588796296875 0.68859375 0.5111111109375 0.6672916671875 0.5111111109375 0.6672916671875 0.588796296875 0.68859375 0.588796296875
3 0.7471354171875 0.48694444375 0.7471354171875 0.40601851875 0.6901041671875 0.40601851875 0.6901041671875 0.48694444375 0.7471354171875 0.48694444375
3 0.7386979171875 0.5015740734375 0.7386979171875 0.471296296875 0.7152083328125001 0.471296296875 0.7152083328125001 0.5015740734375 0.7386979171875 0.5015740734375
3 0.7748958328125 0.5091666671875 0.7748958328125 0.47888888906249993 0.7365625 0.47888888906249993 0.7365625 0.5091666671875 0.7748958328125 0.5091666671875
3 0.70203125 0.43944444374999997 0.70203125 0.42101851874999996 0.6872395828125 0.42101851874999996 0.6872395828125 0.43944444374999997 0.70203125 0.43944444374999997
3 0.70203125 0.46314814843749996 0.70203125 0.43944444374999997 0.68578125 0.43944444374999997 0.68578125 0.46314814843749996 0.70203125 0.46314814843749996
3 0.70203125 0.48944444374999996 0.70203125 0.46314814843749996 0.68578125 0.46314814843749996 0.68578125 0.48944444374999996 0.70203125 0.48944444374999996
3 0.6717187499999999 0.5447222218750001 0.6717187499999999 0.5171296296875 0.65171875 0.5171296296875 0.65171875 0.5447222218750001 0.6717187499999999 0.5447222218750001
3 0.66359375 0.57101851875 0.66359375 0.5473148140624999 0.64953125 0.5473148140624999 0.64953125 0.57101851875 0.66359375 0.57101851875
3 0.65015625 0.542222221875 0.65015625 0.5145370375 0.6390625 0.5145370375 0.6390625 0.542222221875 0.65015625 0.542222221875
3 0.6487499999999999 0.565740740625 0.6487499999999999 0.5421296296875 0.6391666671875 0.5421296296875 0.6391666671875 0.565740740625 0.6487499999999999 0.565740740625
3 0.6569270828125 0.46314814843749996 0.6569270828125 0.43685185156250006 0.6391666671875 0.43685185156250006 0.6391666671875 0.46314814843749996 0.6569270828125 0.46314814843749996
3 0.6524479171875 0.4841666671875 0.6524479171875 0.4578703703125 0.6332291671875 0.4578703703125 0.6332291671875 0.4841666671875 0.6524479171875 0.4841666671875
3 0.67765625 0.48546296250000004 0.67765625 0.4671296296875 0.6524479171875 0.4671296296875 0.6524479171875 0.48546296250000004 0.67765625 0.48546296250000004
3 0.640625 0.4828703703125 0.640625 0.43027777812499995 0.6265625 0.43027777812499995 0.6265625 0.4828703703125 0.640625 0.4828703703125
3 0.3734375 0.4828703703125 0.3734375 0.45388888906249997 0.34901041718750003 0.45388888906249997 0.34901041718750003 0.4828703703125 0.3734375 0.4828703703125
3 0.3801041671875 0.505277778125 0.3801041671875 0.48027777812499994 0.36161458281250003 0.48027777812499994 0.36161458281250003 0.505277778125 0.3801041671875 0.505277778125
3 0.3601041671875 0.51444444375 0.3601041671875 0.47888888906249993 0.3467708328125 0.47888888906249993 0.3467708328125 0.51444444375 0.3601041671875 0.51444444375
3 0.3675 0.5841666671875 0.3675 0.5210185187499999 0.3497395828125 0.5210185187499999 0.3497395828125 0.5841666671875 0.3675 0.5841666671875
3 0.37859375 0.5775925921875 0.37859375 0.551296296875 0.36973958281249997 0.551296296875 0.36973958281249997 0.5775925921875 0.37859375 0.5775925921875
3 0.34484375 0.6358333328125 0.34484375 0.5894444437499999 0.3127604171875 0.5894444437499999 0.3127604171875 0.6358333328125 0.34484375 0.6358333328125
3 0.3379166671875 0.515740740625 0.3379166671875 0.4934259265625 0.32828124999999997 0.4934259265625 0.32828124999999997 0.515740740625 0.3379166671875 0.515740740625
3 0.3319791671875 0.525 0.3319791671875 0.48157407343749997 0.31864583281250003 0.48157407343749997 0.31864583281250003 0.525 0.3319791671875 0.525
3 0.3157291671875 0.53944444375 0.3157291671875 0.501296296875 0.29796875 0.501296296875 0.29796875 0.53944444375 0.3157291671875 0.53944444375
3 0.323125 0.5341666671875 0.323125 0.5 0.3090625 0.5 0.3090625 0.5341666671875 0.323125 0.5341666671875
3 0.30046875 0.547222221875 0.30046875 0.49833333281250003 0.22640625 0.49833333281250003 0.22640625 0.547222221875 0.30046875 0.547222221875
3 0.26223958281250004 0.5665740734375 0.26223958281250004 0.5205555562499999 0.2422395828125 0.5205555562499999 0.2422395828125 0.5665740734375 0.26223958281250004 0.5665740734375
3 0.2431770828125 0.5921296296875 0.2431770828125 0.5065740734374999 0.20765625000000001 0.5065740734374999 0.20765625000000001 0.5921296296875 0.2431770828125 0.5921296296875
3 0.21359374999999997 0.5368518515625 0.21359374999999997 0.451296296875 0.08625000000000001 0.451296296875 0.08625000000000001 0.5368518515625 0.21359374999999997 0.5368518515625
3 0.21359374999999997 0.6052777781249999 0.21359374999999997 0.5223148140625 0.170625 0.5223148140625 0.170625 0.6052777781249999 0.21359374999999997 0.6052777781249999
3 0.1788020828125 0.6447222218750001 0.1788020828125 0.515740740625 0.0840625 0.515740740625 0.0840625 0.6447222218750001 0.1788020828125 0.6447222218750001
3 0.0816145828125 0.5881481484375 0.0816145828125 0.46768518593749997 0.0010416671875 0.46768518593749997 0.0010416671875 0.5881481484375 0.0816145828125 0.5881481484375
3 0.0841666671875 0.6995370375000001 0.0841666671875 0.5700000000000001 0.0022916671874999997 0.5700000000000001 0.0022916671874999997 0.6995370375000001 0.0841666671875 0.6995370375000001
3 0.1532291671875 0.9610185187500001 0.1532291671875 0.8087037031250001 0.0061458328125 0.8087037031250001 0.0061458328125 0.9610185187500001 0.1532291671875 0.9610185187500001
3 0.0611458328125 0.999722221875 0.0611458328125 0.9110185187500001 0.0035937499999999997 0.9110185187500001 0.0035937499999999997 0.999722221875 0.0611458328125 0.999722221875
3 0.20182291718749998 0.88148148125 0.20182291718749998 0.7700925921875 0.050885417187500004 0.7700925921875 0.050885417187500004 0.88148148125 0.20182291718749998 0.88148148125
3 0.24276041718750002 0.6768518515624999 0.24276041718750002 0.616203703125 0.21609375000000003 0.616203703125 0.21609375000000003 0.6768518515624999 0.24276041718750002 0.6768518515624999
3 0.22781250000000003 0.714722221875 0.22781250000000003 0.6237962968749999 0.1351041671875 0.6237962968749999 0.1351041671875 0.714722221875 0.22781250000000003 0.714722221875
3 0.22140624999999997 0.7810185187500001 0.22140624999999997 0.6862962968749999 0.12015625 0.6862962968749999 0.12015625 0.7810185187500001 0.22140624999999997 0.7810185187500001
3 0.24276041718750002 0.750740740625 0.24276041718750002 0.669259259375 0.21291666718750002 0.669259259375 0.21291666718750002 0.750740740625 0.24276041718750002 0.750740740625
3 0.2459375 0.7848148140625 0.2459375 0.7223148140625 0.2192708328125 0.7223148140625 0.2192708328125 0.7848148140625 0.2459375 0.7848148140625
3 0.22890625 0.8284259265625 0.22890625 0.7299074078125 0.17453125 0.7299074078125 0.17453125 0.8284259265625 0.22890625 0.8284259265625
3 0.27046875 0.7601851859375001 0.27046875 0.6086111109375001 0.23421875 0.6086111109375001 0.23421875 0.7601851859375001 0.27046875 0.7601851859375001
3 0.2990625 0.7066666671874999 0.2990625 0.6408333328125 0.26296875000000003 0.6408333328125 0.26296875000000003 0.7066666671874999 0.2990625 0.7066666671874999
3 0.6052604171875 0.522777778125 0.6052604171875 0.5431481484375 0.6157812500000001 0.5431481484375 0.6157812500000001 0.522777778125 0.6052604171875 0.522777778125
3 0.5956770828125 0.4454629625 0.5956770828125 0.465 0.6057291671875 0.465 0.6057291671875 0.4454629625 0.5956770828125 0.4454629625
1 0.5778125000000001 0.3625 0.5778125000000001 0.3779629625 0.5860416671875 0.3779629625 0.5860416671875 0.3625 0.5778125000000001 0.3625
1 0.5896874999999999 0.2225925921875 0.5896874999999999 0.24694444375 0.6025 0.24694444375 0.6025 0.2225925921875 0.5896874999999999 0.2225925921875