1 0.93328125 0.24874999999999997 0.93328125 0.21833333281249998 0.8582812499999999 0.21833333281249998 0.8582812499999999 0.24874999999999997 0.93328125 0.24874999999999997
1 0.9223437499999999 0.14875 0.9223437499999999 0.113125 0.85625 0.113125 0.85625 0.14875 0.9223437499999999 0.14875
1 0.85625 0.1539583328125 0.85625 0.1183333328125 0.7892187500000001 0.1183333328125 0.7892187500000001 0.1539583328125 0.85625 0.1539583328125
1 0.7892187500000001 0.1539583328125 0.7892187500000001 0.12104166718750001 0.72890625 0.12104166718750001 0.72890625 0.1539583328125 0.7892187500000001 0.1539583328125
1 0.81671875 0.236875 0.81671875 0.213125 0.7259375 0.213125 0.7259375 0.236875 0.81671875 0.236875
1 0.8 0.27770833281249996 0.8 0.2527083328125 0.7279687499999999 0.2527083328125 0.7279687499999999 0.27770833281249996 0.8 0.27770833281249996
1 0.8670312499999999 0.285625 0.8670312499999999 0.25666666718750003 0.8009375000000001 0.25666666718750003 0.8009375000000001 0.285625 0.8670312499999999 0.285625
1 0.72203125 0.23937499999999998 0.72203125 0.2158333328125 0.65796875 0.2158333328125 0.65796875 0.23937499999999998 0.72203125 0.23937499999999998
1 0.7259375 0.2816666671875 0.7259375 0.2552083328125 0.66671875 0.2552083328125 0.66671875 0.2816666671875 0.7259375 0.2816666671875
1 0.6628125 0.275 0.6628125 0.2552083328125 0.6321875 0.2552083328125 0.6321875 0.275 0.6628125 0.275
1 0.6628125 0.24479166718749998 0.6628125 0.2210416671875 0.5996875 0.2210416671875 0.5996875 0.24479166718749998 0.6628125 0.24479166718749998
1 0.575 0.1039583328125 0.575 0.19875 0.68453125 0.19875 0.68453125 0.1039583328125 0.575 0.1039583328125
1 0.30359375 0.09875 0.30359375 0.1972916671875 0.55625 0.1972916671875 0.55625 0.09875 0.30359375 0.09875
1 0.29874999999999996 0.22374999999999998 0.29874999999999996 0.1447916671875 0.23359375 0.1447916671875 0.23359375 0.22374999999999998 0.29874999999999996 0.22374999999999998
1 0.2325 0.25 0.2325 0.18937500000000002 0.1821875 0.18937500000000002 0.1821875 0.25 0.2325 0.25
1 0.22265625 0.2079166671875 0.22265625 0.16583333281249998 0.1575 0.16583333281249998 0.1575 0.2079166671875 0.22265625 0.2079166671875
1 0.18421875000000001 0.2658333328125 0.18421875000000001 0.21187499999999998 0.15265625 0.21187499999999998 0.15265625 0.2658333328125 0.18421875000000001 0.2658333328125
1 0.14765625 0.2816666671875 0.14765625 0.2408333328125 0.12703124999999998 0.2408333328125 0.12703124999999998 0.2816666671875 0.14765625 0.2816666671875
1 0.12593749999999998 0.2947916671875 0.12593749999999998 0.26187499999999997 0.10625 0.26187499999999997 0.10625 0.2947916671875 0.12593749999999998 0.2947916671875
1 0.1575 0.0183333328125 0.1575 0.1079166671875 0.21937500000000001 0.1079166671875 0.21937500000000001 0.0183333328125 0.1575 0.0183333328125
1 0.16796875 0.1341666671875 0.16796875 0.07375000000000001 0.134375 0.07375000000000001 0.134375 0.1341666671875 0.16796875 0.1341666671875
1 0.13828125 0.1554166671875 0.13828125 0.11187499999999999 0.11468750000000001 0.11187499999999999 0.11468750000000001 0.1554166671875 0.13828125 0.1554166671875
1 0.434375 0.6341666671875 0.434375 0.560625 0.2015625 0.560625 0.2015625 0.6341666671875 0.434375 0.6341666671875
2 0.1134375 0.5404166671875 0.1134375 0.21208333281249997 0.01921875 0.21208333281249997 0.01921875 0.5404166671875 0.1134375 0.5404166671875
2 0.9365625 0.5314583328125 0.9365625 0.253125 0.8423437500000001 0.253125 0.8423437500000001 0.5314583328125 0.9365625 0.5314583328125
4 0.9076562499999999 0.749375 0.9076562499999999 0.3608333328125 0.5384375 0.3608333328125 0.5384375 0.749375 0.9076562499999999 0.749375
1 0.39875 0.29854166718749997 0.39875 0.25187499999999996 0.286875 0.25187499999999996 0.286875 0.29854166718749997 0.39875 0.29854166718749997