1 0.9997395828125001 0.93101851875 0.9997395828125001 0.7415740734375 0.85671875 0.7415740734375 0.85671875 0.93101851875 0.9997395828125001 0.93101851875
1 0.8665104171875001 0.793703703125 0.8665104171875001 0.65944444375 0.7608333328125 0.65944444375 0.7608333328125 0.793703703125 0.8665104171875001 0.793703703125
1 0.7590625 0.6958333328124999 0.7590625 0.6215740734375 0.6959895828125 0.6215740734375 0.6959895828125 0.6958333328124999 0.7590625 0.6958333328124999
1 0.7021875 0.6341666671875 0.7021875 0.585277778125 0.65515625 0.585277778125 0.65515625 0.6341666671875 0.7021875 0.6341666671875
1 0.9988541671875 0.285277778125 0.9988541671875 0.15898148125 0.8745312500000001 0.15898148125 0.8745312500000001 0.285277778125 0.9988541671875 0.285277778125
1 0.8718229171875 0.3421296296875 0.8718229171875 0.23629629687499998 0.7545833328125 0.23629629687499998 0.7545833328125 0.3421296296875 0.8718229171875 0.3421296296875
1 0.7581770828125001 0.36583333281249997 0.7581770828125001 0.29944444375 0.7075520828124999 0.29944444375 0.7075520828124999 0.36583333281249997 0.7581770828125001 0.36583333281249997
1 0.7013020828125 0.3925925921875 0.7013020828125 0.3484259265625 0.6515625 0.3484259265625 0.6515625 0.3925925921875 0.7013020828125 0.3925925921875
1 0.6542708328125 0.398703703125 0.6542708328125 0.36444444374999996 0.63203125 0.36444444374999996 0.63203125 0.398703703125 0.6542708328125 0.398703703125
1 0.2558854171875 0.9974074078124999 0.2558854171875 0.8142592593750001 0.07468749999999999 0.8142592593750001 0.07468749999999999 0.9974074078124999 0.2558854171875 0.9974074078124999
1 0.3295833328125 0.8521296296875001 0.3295833328125 0.7131481484375 0.2061458328125 0.7131481484375 0.2061458328125 0.8521296296875001 0.3295833328125 0.8521296296875001
1 0.35859375 0.738703703125 0.35859375 0.6611111109375 0.32828124999999997 0.6611111109375 0.32828124999999997 0.738703703125 0.35859375 0.738703703125
1 0.2634375 0.3581481484375 0.2634375 0.19398148125 0.11421875 0.19398148125 0.11421875 0.3581481484375 0.2634375 0.3581481484375
1 0.25187499999999996 0.4465740734375 0.25187499999999996 0.3518518515625 0.12130208281249999 0.3518518515625 0.12130208281249999 0.4465740734375 0.25187499999999996 0.4465740734375
1 0.3222395828125 0.44194444375 0.3222395828125 0.39074074062499997 0.2502604171875 0.39074074062499997 0.2502604171875 0.44194444375 0.3222395828125 0.44194444375
1 0.3638541671875 0.44925925937500005 0.3638541671875 0.407222221875 0.3243229171875 0.407222221875 0.3243229171875 0.44925925937500005 0.3638541671875 0.44925925937500005
1 0.38390625 0.4528703703125 0.38390625 0.41814814843750003 0.36234375 0.41814814843750003 0.36234375 0.4528703703125 0.38390625 0.4528703703125
1 0.38546874999999997 0.6868518515625001 0.38546874999999997 0.6255555562499999 0.3571875 0.6255555562499999 0.3571875 0.6868518515625001 0.38546874999999997 0.6868518515625001
1 0.3786979171875 0.2683333328125 0.3786979171875 0.21351851875 0.3416666671875 0.21351851875 0.3416666671875 0.2683333328125 0.3786979171875 0.2683333328125
1 0.34734375 0.2133333328125 0.34734375 0.133703703125 0.30895833281249996 0.133703703125 0.30895833281249996 0.2133333328125 0.34734375 0.2133333328125
1 0.1160416671875 0.438796296875 0.1160416671875 0.3156481484375 0.0030729171875 0.3156481484375 0.0030729171875 0.438796296875 0.1160416671875 0.438796296875
1 0.1851041671875 0.006296296875 0.1851041671875 0.13138888906249999 0.3066145828125 0.13138888906249999 0.3066145828125 0.006296296875 0.1851041671875 0.006296296875
1 0.6790625 0.0049074078124999995 0.6790625 0.09398148125 0.74515625 0.09398148125 0.74515625 0.0049074078124999995 0.6790625 0.0049074078124999995
1 0.6896875 0.1584259265625 0.6896875 0.063703703125 0.6534895828125 0.063703703125 0.6534895828125 0.1584259265625 0.6896875 0.1584259265625
1 0.65421875 0.215 0.65421875 0.1478703703125 0.6245833328125 0.1478703703125 0.6245833328125 0.215 0.65421875 0.215
1 0.62609375 0.2491666671875 0.62609375 0.19787037031250002 0.6090625000000001 0.19787037031250002 0.6090625000000001 0.2491666671875 0.62609375 0.2491666671875
1 0.6334895828125 0.5978703703125 0.6334895828125 0.5504629624999999 0.5964583328125 0.5504629624999999 0.5964583328125 0.5978703703125 0.6334895828125 0.5978703703125
1 0.6564583328125 0.6004629625 0.6564583328125 0.570277778125 0.6342187499999999 0.570277778125 0.6342187499999999 0.6004629625 0.6564583328125 0.6004629625
1 0.6009375 0.5754629625 0.6009375 0.5491666671875 0.5683333328125 0.5491666671875 0.5683333328125 0.5754629625 0.6009375 0.5754629625
1 0.5964583328125 0.5084259265625 0.5964583328125 0.49259259218749996 0.5661458328125 0.49259259218749996 0.5661458328125 0.5084259265625 0.5964583328125 0.5084259265625
1 0.5252604171875 0.467777778125 0.5252604171875 0.45342592656249997 0.4884895828125 0.45342592656249997 0.4884895828125 0.467777778125 0.5252604171875 0.467777778125