1 1 0.12062500000000001 0.94078125 0.12062500000000001 0.94078125 0.16583333281249998 1 0.16583333281249998 1 0.12062500000000001
1 0.931875 0.128125 0.931875 0.0804166671875 0.87015625 0.0804166671875 0.87015625 0.128125 0.931875 0.128125
1 0.9346875000000001 0.1891666671875 0.9346875000000001 0.14875 0.86875 0.14875 0.86875 0.1891666671875 0.9346875000000001 0.1891666671875
1 0.87015625 0.15 0.87015625 0.11229166718750001 0.8253125000000001 0.11229166718750001 0.8253125000000001 0.15 0.87015625 0.15
1 0.868125 0.2010416671875 0.868125 0.1652083328125 0.8234375 0.1652083328125 0.8234375 0.2010416671875 0.868125 0.2010416671875
1 0.82203125 0.21354166718749998 0.82203125 0.1764583328125 0.78234375 0.1764583328125 0.78234375 0.21354166718749998 0.82203125 0.21354166718749998
1 0.781875 0.224375 0.781875 0.1954166671875 0.7503124999999999 0.1954166671875 0.7503124999999999 0.224375 0.781875 0.224375
1 0.75078125 0.231875 0.75078125 0.20729166718749997 0.7271875 0.20729166718749997 0.7271875 0.231875 0.75078125 0.231875
1 0.72765625 0.2375 0.72765625 0.2147916671875 0.70796875 0.2147916671875 0.70796875 0.2375 0.72765625 0.2375
1 0.70703125 0.24125000000000002 0.70703125 0.2235416671875 0.6909375 0.2235416671875 0.6909375 0.24125000000000002 0.70703125 0.24125000000000002
1 0.7578125 0.1029166671875 0.7578125 0.0714583328125 0.7290625000000001 0.0714583328125 0.7290625000000001 0.1029166671875 0.7578125 0.1029166671875
1 0.83375 0.0589583328125 0.83375 0.015 0.788125 0.015 0.788125 0.0589583328125 0.83375 0.0589583328125
1 0.7173437500000001 0.048333332812500004 0.7173437500000001 0.019375 0.6989062500000001 0.019375 0.6989062500000001 0.048333332812500004 0.7173437500000001 0.048333332812500004
1 0.7145312500000001 0.139375 0.7145312500000001 0.1097916671875 0.69421875 0.1097916671875 0.69421875 0.139375 0.7145312500000001 0.139375
1 0.69609375 0.1514583328125 0.69609375 0.12625 0.68296875 0.12625 0.68296875 0.1514583328125 0.69609375 0.1514583328125
1 0.6825 0.15770833281250002 0.6825 0.13999999999999999 0.67109375 0.13999999999999999 0.67109375 0.15770833281250002 0.6825 0.15770833281250002
1 0.30281250000000004 0 0.30281250000000004 0.0354166671875 0.33671875 0.0354166671875 0.33671875 0 0.30281250000000004 0
1 0.36546875 0.0745833328125 0.36546875 0.0075 0.335625 0.0075 0.335625 0.0745833328125 0.36546875 0.0745833328125
1 0.39046875000000003 0.12375 0.39046875000000003 0.06937499999999999 0.3615625 0.06937499999999999 0.3615625 0.12375 0.39046875000000003 0.12375
1 0.40625 0.14791666718750002 0.40625 0.1025 0.38703125 0.1025 0.38703125 0.14791666718750002 0.40625 0.14791666718750002
3 0.9193749999999999 0.6170833328125 0.9193749999999999 0.48687500000000006 0.81578125 0.48687500000000006 0.81578125 0.6170833328125 0.9193749999999999 0.6170833328125
3 0.99546875 0.54875 0.99546875 0.48166666718749995 0.938125 0.48166666718749995 0.938125 0.54875 0.99546875 0.54875
3 0.9865625 0.59875 0.9865625 0.5316666671875 0.93125 0.5316666671875 0.93125 0.59875 0.9865625 0.59875
3 0.999375 0.6183333328125 0.999375 0.5658333328125 0.9875 0.5658333328125 0.9875 0.6183333328125 0.999375 0.6183333328125
3 0.999375 0.44604166718749994 0.999375 0.4066666671875 0.9490624999999999 0.4066666671875 0.9490624999999999 0.44604166718749994 0.999375 0.44604166718749994
3 0.99828125 0.41312499999999996 0.99828125 0.38416666718750003 0.9559374999999999 0.38416666718750003 0.9559374999999999 0.41312499999999996 0.99828125 0.41312499999999996
3 0.99546875 0.3920833328125 0.99546875 0.35 0.9568749999999999 0.35 0.9568749999999999 0.3920833328125 0.99546875 0.3920833328125
3 0.93515625 0.3789583328125 0.93515625 0.35 0.89765625 0.35 0.89765625 0.3789583328125 0.93515625 0.3789583328125
3 0.93515625 0.39875 0.93515625 0.3777083328125 0.900625 0.3777083328125 0.900625 0.39875 0.93515625 0.39875
3 0.9282812500000001 0.42625 0.9282812500000001 0.39875 0.900625 0.39875 0.900625 0.42625 0.9282812500000001 0.42625
3 0.900625 0.4158333328125 0.900625 0.37625000000000003 0.87796875 0.37625000000000003 0.87796875 0.4158333328125 0.900625 0.4158333328125
3 0.8670312499999999 0.4 0.8670312499999999 0.36312500000000003 0.8345312500000001 0.36312500000000003 0.8345312500000001 0.4 0.8670312499999999 0.4
3 0.22265625 0.5131249999999999 0.22265625 0.40395833281250004 0.080625 0.40395833281250004 0.080625 0.5131249999999999 0.22265625 0.5131249999999999
3 0.07468749999999999 0.6591666671875 0.07468749999999999 0.38687499999999997 0.0026562499999999998 0.38687499999999997 0.0026562499999999998 0.6591666671875 0.07468749999999999 0.6591666671875
3 0.02734375 0.0972916671875 0.02734375 0.31062500000000004 0.13 0.31062500000000004 0.13 0.0972916671875 0.02734375 0.0972916671875
3 0.049062499999999995 0.14208333281250002 0.049062499999999995 0.07625 0.0035937499999999997 0.07625 0.0035937499999999997 0.14208333281250002 0.049062499999999995 0.14208333281250002
3 0.05 0.2039583328125 0.05 0.1447916671875 0.0035937499999999997 0.1447916671875 0.0035937499999999997 0.2039583328125 0.05 0.2039583328125
3 0.04015625 0.2670833328125 0.04015625 0.20270833281249998 0.0035937499999999997 0.20270833281249998 0.0035937499999999997 0.2670833328125 0.04015625 0.2670833328125
3 0.03328125 0.3183333328125 0.03328125 0.26187499999999997 0.00453125 0.26187499999999997 0.00453125 0.3183333328125 0.03328125 0.3183333328125
3 0.18625 0.3091666671875 0.18625 0.25 0.13874999999999998 0.25 0.13874999999999998 0.3091666671875 0.18625 0.3091666671875
3 0.22859375 0.3079166671875 0.22859375 0.2539583328125 0.18421875000000001 0.2539583328125 0.18421875000000001 0.3079166671875 0.22859375 0.3079166671875
3 0.26609375 0.3066666671875 0.26609375 0.25 0.22078125 0.25 0.22078125 0.3066666671875 0.26609375 0.3066666671875
3 0.29578125 0.2920833328125 0.29578125 0.25 0.25421875 0.25 0.25421875 0.2920833328125 0.29578125 0.2920833328125
3 0.32234375000000004 0.2972916671875 0.32234375000000004 0.1933333328125 0.21671875 0.1933333328125 0.21671875 0.2972916671875 0.32234375000000004 0.2972916671875
3 0.33921875 0.2960416671875 0.33921875 0.26187499999999997 0.319375 0.26187499999999997 0.319375 0.2960416671875 0.33921875 0.2960416671875
3 0.38546874999999997 0.311875 0.38546874999999997 0.275 0.34703125 0.275 0.34703125 0.311875 0.38546874999999997 0.311875
3 0.30265624999999996 0.4091666671875 0.30265624999999996 0.3710416671875 0.22859375 0.3710416671875 0.22859375 0.4091666671875 0.30265624999999996 0.4091666671875
3 0.27 0.460625 0.27 0.414375 0.20890625 0.414375 0.20890625 0.460625 0.27 0.460625
3 0.319375 0.43937499999999996 0.319375 0.40125 0.27999999999999997 0.40125 0.27999999999999997 0.43937499999999996 0.319375 0.43937499999999996
3 0.32828124999999997 0.41979166718750005 0.32828124999999997 0.38166666718750003 0.286875 0.38166666718750003 0.286875 0.41979166718750005 0.32828124999999997 0.41979166718750005
3 0.35 0.42374999999999996 0.35 0.38687499999999997 0.33125 0.38687499999999997 0.33125 0.42374999999999996 0.35 0.42374999999999996
3 0.37124999999999997 0.40520833281249996 0.37124999999999997 0.37312500000000004 0.33421875 0.37312500000000004 0.33421875 0.40520833281249996 0.37124999999999997 0.40520833281249996
3 0.37609375 0.3952083328125 0.37609375 0.3641666671875 0.36296875 0.3641666671875 0.36296875 0.3952083328125 0.37609375 0.3952083328125
3 0.385 0.38687499999999997 0.385 0.3375 0.33828125 0.3375 0.33828125 0.38687499999999997 0.385 0.38687499999999997
3 0.406875 0.3120833328125 0.406875 0.2497916671875 0.378125 0.2497916671875 0.378125 0.3120833328125 0.406875 0.3120833328125
3 0.41859375 0.2864583328125 0.41859375 0.2635416671875 0.40750000000000003 0.2635416671875 0.40750000000000003 0.2864583328125 0.41859375 0.2864583328125
3 0.41859375 0.31375000000000003 0.41859375 0.2854166671875 0.406875 0.2854166671875 0.406875 0.31375000000000003 0.41859375 0.31375000000000003
3 0.41984374999999996 0.3704166671875 0.41984374999999996 0.349375 0.39859374999999997 0.349375 0.39859374999999997 0.3704166671875 0.41984374999999996 0.3704166671875
3 0.8262499999999999 0.4910416671875 0.8262499999999999 0.40708333281250003 0.7865624999999999 0.40708333281250003 0.7865624999999999 0.4910416671875 0.8262499999999999 0.4910416671875
3 0.8839062500000001 0.48020833281249997 0.8839062500000001 0.43541666718750005 0.8207812499999999 0.43541666718750005 0.8207812499999999 0.48020833281249997 0.8839062500000001 0.48020833281249997
3 0.796875 0.44000000000000006 0.796875 0.40708333281250003 0.77421875 0.40708333281250003 0.77421875 0.44000000000000006 0.796875 0.44000000000000006
3 0.7934375 0.44729166718749996 0.7934375 0.4308333328125 0.7693749999999999 0.4308333328125 0.7693749999999999 0.44729166718749996 0.7934375 0.44729166718749996
3 0.79203125 0.47104166718749996 0.79203125 0.45083333281250004 0.76796875 0.45083333281250004 0.76796875 0.47104166718749996 0.79203125 0.47104166718749996
3 0.83171875 0.3895833328125 0.83171875 0.355 0.7825 0.355 0.7825 0.3895833328125 0.83171875 0.3895833328125
3 0.78515625 0.355 0.78515625 0.3302083328125 0.76046875 0.3302083328125 0.76046875 0.355 0.78515625 0.355
3 0.77828125 0.3704166671875 0.77828125 0.3595833328125 0.75984375 0.3595833328125 0.75984375 0.3704166671875 0.77828125 0.3704166671875
3 0.76328125 0.4435416671875 0.76328125 0.410625 0.719375 0.410625 0.719375 0.4435416671875 0.76328125 0.4435416671875
3 0.733125 0.4225 0.733125 0.3960416671875 0.7029687499999999 0.3960416671875 0.7029687499999999 0.4225 0.733125 0.4225
3 0.8495312500000001 0.0991666671875 0.8495312500000001 0.075625 0.79640625 0.075625 0.79640625 0.0991666671875 0.8495312500000001 0.0991666671875
3 0.8495312500000001 0.10916666718750001 0.8495312500000001 0.09229166718750001 0.79875 0.09229166718750001 0.79875 0.10916666718750001 0.8495312500000001 0.10916666718750001
3 0.83984375 0.12437499999999999 0.83984375 0.10916666718750001 0.79875 0.10916666718750001 0.79875 0.12437499999999999 0.83984375 0.12437499999999999
3 0.8387499999999999 0.1410416671875 0.8387499999999999 0.12437499999999999 0.79875 0.12437499999999999 0.79875 0.1410416671875 0.8387499999999999 0.1410416671875
3 0.8324999999999999 0.151875 0.8324999999999999 0.1410416671875 0.79875 0.1410416671875 0.79875 0.151875 0.8324999999999999 0.151875
3 0.8324999999999999 0.169375 0.8324999999999999 0.1510416671875 0.79640625 0.1510416671875 0.79640625 0.169375 0.8324999999999999 0.169375
3 0.8260937500000001 0.18145833281249998 0.8260937500000001 0.1677083328125 0.798125 0.1677083328125 0.798125 0.18145833281249998 0.8260937500000001 0.18145833281249998
3 0.8060937499999999 0.1395833328125 0.8060937499999999 0.12437499999999999 0.78046875 0.12437499999999999 0.78046875 0.1395833328125 0.8060937499999999 0.1395833328125
3 0.805625 0.1570833328125 0.805625 0.1404166671875 0.78328125 0.1404166671875 0.78328125 0.1570833328125 0.805625 0.1570833328125
3 0.805 0.16854166718750002 0.805 0.1579166671875 0.7821875 0.1579166671875 0.7821875 0.16854166718750002 0.805 0.16854166718750002
3 0.805 0.1875 0.805 0.1708333328125 0.78046875 0.1708333328125 0.78046875 0.1875 0.805 0.1875
3 0.76953125 0.2104166671875 0.76953125 0.1875 0.7296875 0.1875 0.7296875 0.2104166671875 0.76953125 0.2104166671875
3 0.7501562500000001 0.18687499999999999 0.7501562500000001 0.1716666671875 0.7215625 0.1716666671875 0.7215625 0.18687499999999999 0.7501562500000001 0.18687499999999999
3 0.7307812499999999 0.1975 0.7307812499999999 0.1875 0.705 0.1875 0.705 0.1975 0.7307812499999999 0.1975
3 0.73140625 0.215 0.73140625 0.19583333281249998 0.7056250000000001 0.19583333281249998 0.7056250000000001 0.215 0.73140625 0.215
3 0.73359375 0.2210416671875 0.73359375 0.215 0.7067187500000001 0.215 0.7067187500000001 0.2210416671875 0.73359375 0.2210416671875
3 0.7693749999999999 0.34750000000000003 0.7693749999999999 0.3291666671875 0.7440625 0.3291666671875 0.7440625 0.34750000000000003 0.7693749999999999 0.34750000000000003
3 0.76734375 0.37312500000000004 0.76734375 0.35104166718749996 0.74328125 0.35104166718749996 0.74328125 0.37312500000000004 0.76734375 0.37312500000000004