1 0.6280208328125 0.5065740734374999 0.6280208328125 0.4578703703125 0.5214583328125 0.4578703703125 0.5214583328125 0.5065740734374999 0.6280208328125 0.5065740734374999
1 0.9292708328125 0.2800925921875 0.9292708328125 0.1663888890625 0.7906770828125 0.1663888890625 0.7906770828125 0.2800925921875 0.9292708328125 0.2800925921875
1 0.91328125 0.0803703703125 0.91328125 0.18490740781249998 0.9989583328125 0.18490740781249998 0.9989583328125 0.0803703703125 0.91328125 0.0803703703125
1 0.9997916671875 0.9959259265625 0.9997916671875 0.8390740734375 0.88984375 0.8390740734375 0.88984375 0.9959259265625 0.9997916671875 0.9959259265625
1 0.2516145828125 0.9959259265625 0.2516145828125 0.9004629625 0.1569791671875 0.9004629625 0.1569791671875 0.9959259265625 0.2516145828125 0.9959259265625
1 0.31171875 0.9186111109375 0.31171875 0.76398148125 0.1979166671875 0.76398148125 0.1979166671875 0.9186111109375 0.31171875 0.9186111109375
1 0.29765625 0.8276851859375001 0.29765625 0.7003703703124999 0.1940625 0.7003703703124999 0.1940625 0.8276851859375001 0.29765625 0.8276851859375001
1 0.0022395828125 0.3228703703125 0.0022395828125 0.4411111109375 0.24265625000000002 0.4411111109375 0.24265625000000002 0.3228703703125 0.0022395828125 0.3228703703125
1 0.3079166671875 0.4593518515625 0.3079166671875 0.354722221875 0.2401041671875 0.354722221875 0.2401041671875 0.4593518515625 0.3079166671875 0.4593518515625
1 0.28359375 0.0023148140625 0.28359375 0.0875925921875 0.34651041718750003 0.0875925921875 0.34651041718750003 0.0023148140625 0.28359375 0.0023148140625
1 0.9258854171875001 0.8800000000000001 0.9258854171875001 0.73 0.7988541671875 0.73 0.7988541671875 0.8800000000000001 0.9258854171875001 0.8800000000000001
2 0.35359375000000004 0.4503703703125 0.35359375000000004 0.8390740734375 0.40390625 0.8390740734375 0.40390625 0.4503703703125 0.35359375000000004 0.4503703703125
2 0.19421875 0.41861111093750003 0.19421875 0.93398148125 0.36515624999999996 0.93398148125 0.36515624999999996 0.41861111093750003 0.19421875 0.41861111093750003
4 0.6413541671874999 0.7313888890625 0.6413541671874999 0.4826851859375 0.51515625 0.4826851859375 0.51515625 0.7313888890625 0.6413541671874999 0.7313888890625
4 0.12140625000000001 0.0724074078125 0.12140625000000001 0.45194444375 0.3738020828125 0.45194444375 0.3738020828125 0.0724074078125 0.12140625000000001 0.0724074078125
3 0.5203645828125001 0.6996296296875 0.5203645828125001 0.6049074078125 0.46067708281249997 0.6049074078125 0.46067708281249997 0.6996296296875 0.5203645828125001 0.6996296296875