1 0.97578125 0.11814814843749999 0.97578125 0.004444443750000001 0.8542708328125 0.004444443750000001 0.8542708328125 0.11814814843749999 0.97578125 0.11814814843749999
1 0.9715104171875 0.22620370312500002 0.9715104171875 0.11629629687500001 0.8510937500000001 0.11629629687500001 0.8510937500000001 0.22620370312500002 0.9715104171875 0.22620370312500002
1 0.9715104171875 0.36064814843750004 0.9715104171875 0.241296296875 0.8553645828124999 0.241296296875 0.8553645828124999 0.36064814843750004 0.9715104171875 0.36064814843750004
1 0.9970833328125 0.3171296296875 0.9970833328125 0.207222221875 0.9630208328125001 0.207222221875 0.9630208328125001 0.3171296296875 0.9970833328125 0.3171296296875
1 0.8617708328125 0.26592592656249997 0.8617708328125 0.1901851859375 0.7924479171875001 0.1901851859375 0.7924479171875001 0.26592592656249997 0.8617708328125 0.26592592656249997
1 0.8617708328125 0.3796296296875 0.8617708328125 0.286759259375 0.7988541671875 0.286759259375 0.7988541671875 0.3796296296875 0.8617708328125 0.3796296296875
1 0.7988541671875 0.3758333328125 0.7988541671875 0.3209259265625 0.7434375 0.3209259265625 0.7434375 0.3758333328125 0.7988541671875 0.3758333328125
1 0.7945833328125 0.296296296875 0.7945833328125 0.2224074078125 0.7413020828125 0.2224074078125 0.7413020828125 0.296296296875 0.7945833328125 0.296296296875
1 0.7583854171875 0.26212962968750003 0.7583854171875 0.197777778125 0.6986979171875001 0.197777778125 0.6986979171875001 0.26212962968750003 0.7583854171875 0.26212962968750003
1 0.7423958328125 0.3133333328125 0.7423958328125 0.269722221875 0.7104166671875001 0.269722221875 0.7104166671875001 0.3133333328125 0.7423958328125 0.3133333328125
1 0.7541145828125 0.3834259265625 0.7541145828125 0.3379629625 0.7093229171875 0.3379629625 0.7093229171875 0.3834259265625 0.7541145828125 0.3834259265625
1 0.7125520828125 0.39481481406249996 0.7125520828125 0.3398148140625 0.6837500000000001 0.3398148140625 0.6837500000000001 0.39481481406249996 0.7125520828125 0.39481481406249996
1 0.68484375 0.404259259375 0.68484375 0.3625925921875 0.6571354171875 0.3625925921875 0.6571354171875 0.404259259375 0.68484375 0.404259259375
1 0.7746875 0.47296296250000003 0.7746875 0.4470370375 0.6581770828125 0.4470370375 0.6581770828125 0.47296296250000003 0.7746875 0.47296296250000003
1 0.6581770828125 0.4996296296875 0.6581770828125 0.48666666718749996 0.6119270828125 0.48666666718749996 0.6119270828125 0.4996296296875 0.6581770828125 0.4996296296875
1 0.6132291671875 0.49805555625000003 0.6132291671875 0.4874074078125 0.6033854171875 0.4874074078125 0.6033854171875 0.49805555625000003 0.6132291671875 0.49805555625000003
1 0.6616145828125 0.543796296875 0.6616145828125 0.5247222218750001 0.6132291671875 0.5247222218750001 0.6132291671875 0.543796296875 0.6616145828125 0.543796296875
1 0.6680208328125 0.392222221875 0.6680208328125 0.3640740734375 0.6303645828125 0.3640740734375 0.6303645828125 0.392222221875 0.6680208328125 0.392222221875
1 0.6598958328125 0.34879629687499997 0.6598958328125 0.3275 0.6260416671875 0.3275 0.6260416671875 0.34879629687499997 0.6598958328125 0.34879629687499997
1 0.6898958328125 0.293240740625 0.6898958328125 0.258240740625 0.6581770828125 0.258240740625 0.6581770828125 0.293240740625 0.6898958328125 0.293240740625
1 0.6826041671875 0.3458333328125 0.6826041671875 0.313796296875 0.656875 0.313796296875 0.656875 0.3458333328125 0.6826041671875 0.3458333328125
1 0.8293229171875 0.01 0.8293229171875 0.0004629625 0.7930729171875 0.0004629625 0.7930729171875 0.01 0.8293229171875 0.01
1 0.7891666671875 0.079722221875 0.7891666671875 0.00555555625 0.74125 0.00555555625 0.74125 0.079722221875 0.7891666671875 0.079722221875
1 0.69859375 0.188703703125 0.69859375 0.1318518515625 0.68171875 0.1318518515625 0.68171875 0.188703703125 0.69859375 0.188703703125
1 0.6834895828125 0.1981481484375 0.6834895828125 0.1571296296875 0.6630729171875 0.1571296296875 0.6630729171875 0.1981481484375 0.6834895828125 0.1981481484375
1 0.7030208328125 0.1365740734375 0.7030208328125 0.098703703125 0.6613020828125 0.098703703125 0.6613020828125 0.1365740734375 0.7030208328125 0.1365740734375
1 0.2086979171875 0.54944444375 0.2086979171875 0.48694444375 0.0360416671875 0.48694444375 0.0360416671875 0.54944444375 0.2086979171875 0.54944444375
1 0.1436979171875 0.70101851875 0.1436979171875 0.6175925921875 0.048854167187500006 0.6175925921875 0.048854167187500006 0.70101851875 0.1436979171875 0.70101851875
1 0.2108333328125 0.642222221875 0.2108333328125 0.5778703703125 0.1511458328125 0.5778703703125 0.1511458328125 0.642222221875 0.2108333328125 0.642222221875
1 0.2396354171875 0.606296296875 0.2396354171875 0.5645370375 0.20656249999999998 0.5645370375 0.20656249999999998 0.606296296875 0.2396354171875 0.606296296875
1 0.20234375 0.7559259265625 0.20234375 0.6669444437500001 0.15437499999999998 0.6669444437500001 0.15437499999999998 0.7559259265625 0.20234375 0.7559259265625
1 0.14796875 0.8374074078125 0.14796875 0.7124074078125 0.058437499999999996 0.7124074078125 0.058437499999999996 0.8374074078125 0.14796875 0.8374074078125
1 0.1511458328125 0.3448148140625 0.1511458328125 0.25574074062499996 0.0509895828125 0.25574074062499996 0.0509895828125 0.3448148140625 0.1511458328125 0.3448148140625
1 0.1596875 0.2311111109375 0.1596875 0.125 0.0445833328125 0.125 0.0445833328125 0.2311111109375 0.1596875 0.2311111109375
1 0.1991145828125 0.3599074078125 0.1991145828125 0.2974074078125 0.14796875 0.2974074078125 0.14796875 0.3599074078125 0.1991145828125 0.3599074078125
1 0.2481770828125 0.28796296250000003 0.2481770828125 0.23490740781250002 0.18953124999999998 0.23490740781250002 0.18953124999999998 0.28796296250000003 0.2481770828125 0.28796296250000003
1 0.23640625 0.36944444375 0.23640625 0.3220370375 0.19593750000000001 0.3220370375 0.19593750000000001 0.36944444375 0.23640625 0.36944444375
1 0.2876041671875 0.39592592656250003 0.2876041671875 0.337222221875 0.24494791718750003 0.337222221875 0.24494791718750003 0.39592592656250003 0.2876041671875 0.39592592656250003
1 0.284375 0.54944444375 0.284375 0.5001851859374999 0.2289583328125 0.5001851859374999 0.2289583328125 0.54944444375 0.284375 0.54944444375
1 0.28651041718750003 0.6669444437500001 0.28651041718750003 0.606296296875 0.24921875 0.606296296875 0.24921875 0.6669444437500001 0.28651041718750003 0.6669444437500001
1 0.3131770828125 0.642222221875 0.3131770828125 0.5873148140625 0.27796875 0.5873148140625 0.27796875 0.642222221875 0.3131770828125 0.642222221875
1 0.43359375 0.5645370375 0.43359375 0.534259259375 0.3515104171875 0.534259259375 0.3515104171875 0.5645370375 0.43359375 0.5645370375
1 0.43135416718749997 0.6118518515625 0.43135416718749997 0.579722221875 0.35901041718750004 0.579722221875 0.35901041718750004 0.6118518515625 0.43135416718749997 0.6118518515625
1 0.3291666671875 0.5286111109375 0.3291666671875 0.4963888890625 0.2833333328125 0.4963888890625 0.2833333328125 0.5286111109375 0.3291666671875 0.5286111109375
1 0.04140625 0.30694444375 0.04140625 0.2216666671875 0.0040625 0.2216666671875 0.0040625 0.30694444375 0.04140625 0.30694444375
1 0.14671875 0.00055555625 0.14671875 0.0511111109375 0.1982291671875 0.0511111109375 0.1982291671875 0.00055555625 0.14671875 0.00055555625
1 0.2391145828125 0.12694444375 0.2391145828125 0.0148148140625 0.2 0.0148148140625 0.2 0.12694444375 0.2391145828125 0.12694444375
1 0.28260416718750003 0.1695370375 0.28260416718750003 0.0874074078125 0.2435416671875 0.0874074078125 0.2435416671875 0.1695370375 0.28260416718750003 0.1695370375
1 0.2435416671875 0.0100925921875 0.2435416671875 0.08898148125000001 0.28348958281250003 0.08898148125000001 0.28348958281250003 0.0100925921875 0.2435416671875 0.0100925921875
1 0.3288020828125 0.39694444375 0.3288020828125 0.3700925921875 0.3057291671875 0.3700925921875 0.3057291671875 0.39694444375 0.3288020828125 0.39694444375
1 0.30125 0.18851851875 0.30125 0.12527777812500002 0.2808333328125 0.12527777812500002 0.2808333328125 0.18851851875 0.30125 0.18851851875
1 0.2459375 0.7056481484375 0.2459375 0.6409259265625 0.1978125 0.6409259265625 0.1978125 0.7056481484375 0.2459375 0.7056481484375
2 0.7011979171875 0.6416666671875 0.7011979171875 0.4173148140625 0.6341145828125 0.4173148140625 0.6341145828125 0.6416666671875 0.7011979171875 0.6416666671875
4 0.8313541671875001 0.6460185187499999 0.8313541671875001 0.46342592656250003 0.6727604171875 0.46342592656250003 0.6727604171875 0.6460185187499999 0.8313541671875001 0.6460185187499999
4 0.6744270828125 0.6125925921875 0.6744270828125 0.46342592656250003 0.6590104171875 0.46342592656250003 0.6590104171875 0.6125925921875 0.6744270828125 0.6125925921875
4 0.24552083281249998 0.19944444374999998 0.24552083281249998 0.39074074062499997 0.3116666671875 0.39074074062499997 0.3116666671875 0.19944444374999998 0.24552083281249998 0.19944444374999998
4 0.7021875 0.0022222218750000003 0.7021875 0.1406481484375 0.7440104171875 0.1406481484375 0.7440104171875 0.0022222218750000003 0.7021875 0.0022222218750000003
4 0.3139583328125 0.13398148125 0.3139583328125 0.21861111093750002 0.3550520828125 0.21861111093750002 0.3550520828125 0.13398148125 0.3139583328125 0.13398148125
1 0.6563020828125 0.22074074062500001 0.6563020828125 0.16 0.62625 0.16 0.62625 0.22074074062500001 0.6563020828125 0.22074074062500001
1 0.6258333328125001 0.35407407343749997 0.6258333328125001 0.3384259265625 0.6166666671875001 0.3384259265625 0.6166666671875001 0.35407407343749997 0.6258333328125001 0.35407407343749997
1 0.6265104171875 0.392222221875 0.6265104171875 0.3756481484375 0.6169270828125 0.3756481484375 0.6169270828125 0.392222221875 0.6265104171875 0.392222221875
1 0.6063020828125001 0.38194444375000003 0.6063020828125001 0.39851851875 0.6165104171875 0.39851851875 0.6165104171875 0.38194444375000003 0.6063020828125001 0.38194444375000003
1 0.6245833328125 0.2890740734375 0.6245833328125 0.3104629625 0.6396354171875 0.3104629625 0.6396354171875 0.2890740734375 0.6245833328125 0.2890740734375