1 0.25906250000000003 0.49416666718749996 0.25906250000000003 0.42833333281249997 0.01921875 0.42833333281249997 0.01921875 0.49416666718749996 0.25906250000000003 0.49416666718749996
2 0.6951562499999999 0.009583332812500001 0.6951562499999999 0.5839583328125 0.9153125 0.5839583328125 0.9153125 0.009583332812500001 0.6951562499999999 0.009583332812500001
4 0.9290625 0.5529166671875 0.9290625 0.148125 0.6534375 0.148125 0.6534375 0.5529166671875 0.9290625 0.5529166671875
4 0.9199999999999999 0.1570833328125 0.9199999999999999 0.5664583328125 0.9990625 0.5664583328125 0.9990625 0.1570833328125 0.9199999999999999 0.1570833328125
4 1 0.001875 0.93359375 0.001875 0.93359375 0.1672916671875 1 0.1672916671875 1 0.001875
4 0.6490625 0.001875 0.6490625 0.1608333328125 0.9509375 0.1608333328125 0.9509375 0.001875 0.6490625 0.001875
4 0.4625 0.003125 0.4625 0.0916666671875 0.6481250000000001 0.0916666671875 0.6481250000000001 0.003125 0.4625 0.003125
4 0.64515625 0.23020833281250003 0.64515625 0.08395833281250001 0.45671875 0.08395833281250001 0.45671875 0.23020833281250003 0.64515625 0.23020833281250003
4 0.63890625 0.35583333281249996 0.63890625 0.2185416671875 0.45968749999999997 0.2185416671875 0.45968749999999997 0.35583333281249996 0.63890625 0.35583333281249996
4 0.6378125 0.491875 0.6378125 0.3570833328125 0.46421875 0.3570833328125 0.46421875 0.491875 0.6378125 0.491875
4 0.4484375 0.49812500000000004 0.4484375 0.34541666718749997 0.2740625 0.34541666718749997 0.2740625 0.49812500000000004 0.4484375 0.49812500000000004