3 0.80203125 0.3579166671875 0.80203125 0.08937500000000001 0.52671875 0.08937500000000001 0.52671875 0.3579166671875 0.80203125 0.3579166671875
3 0.90890625 0.3960416671875 0.90890625 0.2854166671875 0.80390625 0.2854166671875 0.80390625 0.3960416671875 0.90890625 0.3960416671875
3 0.99609375 0.4447916671875 0.99609375 0.3485416671875 0.9075 0.3485416671875 0.9075 0.4447916671875 0.99609375 0.4447916671875
3 0.9971875000000001 0.6991666671875 0.9971875000000001 0.6291666671875 0.90625 0.6291666671875 0.90625 0.6991666671875 0.9971875000000001 0.6991666671875
3 0.90625 0.6839583328125001 0.90625 0.5760416671875 0.7229687499999999 0.5760416671875 0.7229687499999999 0.6839583328125001 0.90625 0.6839583328125001
3 0.8067187499999999 0.6897916671875 0.8067187499999999 0.6083333328125 0.6859375 0.6083333328125 0.6859375 0.6897916671875 0.8067187499999999 0.6897916671875
3 0.68359375 0.6195833328125 0.68359375 0.5354166671875 0.5467187499999999 0.5354166671875 0.5467187499999999 0.6195833328125 0.68359375 0.6195833328125
3 0.5715625 0.6916666671875 0.5715625 0.6039583328125 0.42874999999999996 0.6039583328125 0.42874999999999996 0.6916666671875 0.5715625 0.6916666671875
3 0.29171874999999997 0.6966666671875 0.29171874999999997 0.5549999999999999 0.00671875 0.5549999999999999 0.00671875 0.6966666671875 0.29171874999999997 0.6966666671875
3 0.0053124999999999995 0.058750000000000004 0.0053124999999999995 0.2066666671875 0.0878125 0.2066666671875 0.0878125 0.058750000000000004 0.0053124999999999995 0.058750000000000004
3 0.31515624999999997 0.2595833328125 0.31515624999999997 0.11374999999999999 0.08921875 0.11374999999999999 0.08921875 0.2595833328125 0.31515624999999997 0.2595833328125
3 0.47859375000000004 0.2975 0.47859375000000004 0.166875 0.30234375 0.166875 0.30234375 0.2975 0.47859375000000004 0.2975
3 0.683125 0.35625 0.683125 0.1877083328125 0.4884375 0.1877083328125 0.4884375 0.35625 0.683125 0.35625