1 0.7423958328125 0.7145370375 0.7423958328125 0.6216666671875 0.6827083328125 0.6216666671875 0.6827083328125 0.7145370375 0.7423958328125 0.7145370375
1 0.6922916671875 0.665277778125 0.6922916671875 0.6046296296875 0.6496354171875 0.6046296296875 0.6496354171875 0.665277778125 0.6922916671875 0.665277778125
1 0.93421875 0.9362037031250001 0.93421875 0.7770370375 0.803125 0.7770370375 0.803125 0.9362037031250001 0.93421875 0.9362037031250001
1 0.8958333328125001 0.23898148125000002 0.8958333328125001 0.0949074078125 0.7892708328125 0.0949074078125 0.7892708328125 0.23898148125000002 0.8958333328125001 0.23898148125000002
1 0.8841145828125001 0.00398148125 0.8841145828125001 0.1593518515625 0.9981770828125001 0.1593518515625 0.9981770828125001 0.00398148125 0.8841145828125001 0.00398148125
1 1 0.1859259265625 0.8894791671875 0.1859259265625 0.8894791671875 0.3261111109375 1 0.3261111109375 1 0.1859259265625
1 0.9011979171875 0.367777778125 0.9011979171875 0.23898148125000002 0.8052604171875 0.23898148125000002 0.8052604171875 0.367777778125 0.9011979171875 0.367777778125
1 0.8020833328125001 0.39055555625 0.8020833328125001 0.2920370375 0.7306770828125 0.2920370375 0.7306770828125 0.39055555625 0.8020833328125001 0.39055555625
1 0.7348958328124999 0.3886111109375 0.7348958328124999 0.31851851875000003 0.68484375 0.31851851875000003 0.68484375 0.3886111109375 0.7348958328124999 0.3886111109375
1 0.7242708328125 0.25601851875000003 0.7242708328125 0.1783333328125 0.6794791671875 0.1783333328125 0.6794791671875 0.25601851875000003 0.7242708328125 0.25601851875000003
1 0.6911979171875 0.161296296875 0.6911979171875 0.062777778125 0.6517708328125 0.062777778125 0.6517708328125 0.161296296875 0.6911979171875 0.161296296875
1 0.68484375 0.0001851859375 0.68484375 0.09120370312500001 0.7477083328125 0.09120370312500001 0.7477083328125 0.0001851859375 0.68484375 0.0001851859375
1 0.0144270828125 0.11768518593749999 0.0144270828125 0.2995370375 0.1988020828125 0.2995370375 0.1988020828125 0.11768518593749999 0.0144270828125 0.11768518593749999
1 0.2648958328125 0.34879629687499997 0.2648958328125 0.22379629687499997 0.1775 0.22379629687499997 0.1775 0.34879629687499997 0.2648958328125 0.34879629687499997
1 0.3151041671875 0.35722222187499997 0.3151041671875 0.300277778125 0.2553125 0.300277778125 0.2553125 0.35722222187499997 0.3151041671875 0.35722222187499997
1 0.3192708328125 0.3583333328125 0.3192708328125 0.3943518515625 0.3757291671875 0.3943518515625 0.3757291671875 0.3583333328125 0.3192708328125 0.3583333328125
1 0.3171354171875 0.82444444375 0.3171354171875 0.66148148125 0.1497916671875 0.66148148125 0.1497916671875 0.82444444375 0.3171354171875 0.82444444375
1 0.2638541671875 0.9968518515625 0.2638541671875 0.7770370375 0.02828125 0.7770370375 0.02828125 0.9968518515625 0.2638541671875 0.9968518515625
1 0.3608854171875 0.7583333328124999 0.3608854171875 0.6668518515625 0.2952604171875 0.6668518515625 0.2952604171875 0.7583333328124999 0.3608854171875 0.7583333328124999
1 0.3769791671875 0.6605555562500001 0.3769791671875 0.6084259265624999 0.30859375 0.6084259265624999 0.30859375 0.6605555562500001 0.3769791671875 0.6605555562500001
1 0.40453124999999995 0.674722221875 0.40453124999999995 0.60055555625 0.3725520828125 0.60055555625 0.3725520828125 0.674722221875 0.40453124999999995 0.674722221875
1 0.7935416671875 0.7474074078124999 0.7935416671875 0.6558333328125 0.73671875 0.6558333328125 0.73671875 0.7474074078124999 0.7935416671875 0.7474074078124999
2 0.44369791718749996 0.5570370375 0.44369791718749996 0.4548148140625 0.4180208328125 0.4548148140625 0.4180208328125 0.5570370375 0.44369791718749996 0.5570370375
1 0.623125 0.3393518515625 0.623125 0.2970370375 0.5238020828125001 0.2970370375 0.5238020828125001 0.3393518515625 0.623125 0.3393518515625
1 0.628125 0.3653703703125 0.628125 0.3238888890625 0.5224479171875 0.3238888890625 0.5224479171875 0.3653703703125 0.628125 0.3653703703125
1 0.635 0.39703703749999997 0.635 0.3531481484375 0.51828125 0.3531481484375 0.51828125 0.39703703749999997 0.635 0.39703703749999997
1 0.63453125 0.43046296249999993 0.63453125 0.38898148125 0.51828125 0.38898148125 0.51828125 0.43046296249999993 0.63453125 0.43046296249999993
1 0.63453125 0.45805555625 0.63453125 0.41740740781249996 0.5155729171875 0.41740740781249996 0.5155729171875 0.45805555625 0.63453125 0.45805555625
1 0.6304166671875 0.4874074078125 0.6304166671875 0.45074074062499997 0.5169270828125 0.45074074062499997 0.5169270828125 0.4874074078125 0.6304166671875 0.4874074078125
1 0.6331770828125001 0.5150925921875 0.6331770828125001 0.485740740625 0.5173958328125 0.485740740625 0.5173958328125 0.5150925921875 0.6331770828125001 0.5150925921875
1 0.5173958328125 0.5150925921875 0.5173958328125 0.5540740734375 0.6331770828125001 0.5540740734375 0.6331770828125001 0.5150925921875 0.5173958328125 0.5150925921875
1 0.51875 0.5508333328125 0.51875 0.585 0.6331770828125001 0.585 0.6331770828125001 0.5508333328125 0.51875 0.5508333328125
1 0.52015625 0.5858333328125 0.52015625 0.6150925921875 0.6313541671875 0.6150925921875 0.6313541671875 0.5858333328125 0.52015625 0.5858333328125
1 0.5205729171875 0.6159259265625 0.5205729171875 0.64444444375 0.6322395828125 0.64444444375 0.6322395828125 0.6159259265625 0.5205729171875 0.6159259265625
1 0.5333854171875 0.64851851875 0.5333854171875 0.668796296875 0.62953125 0.668796296875 0.62953125 0.64851851875 0.5333854171875 0.64851851875
1 0.5164583328125001 0.5923148140625 0.5164583328125001 0.5654629625 0.47072916718749996 0.5654629625 0.47072916718749996 0.5923148140625 0.5164583328125001 0.5923148140625
4 0.46703124999999995 0.55898148125 0.46703124999999995 0.468703703125 0.44281249999999994 0.468703703125 0.44281249999999994 0.55898148125 0.46703124999999995 0.55898148125