1 0.6837500000000001 0.6085416671874999 0.6837500000000001 0.5118750000000001 0.39249999999999996 0.5118750000000001 0.39249999999999996 0.6085416671874999 0.6837500000000001 0.6085416671874999
1 0.79171875 0.6141666671875 0.79171875 0.5366666671875 0.68515625 0.5366666671875 0.68515625 0.6141666671875 0.79171875 0.6141666671875
1 0.77046875 0.74125 0.77046875 0.63125 0.678125 0.63125 0.678125 0.74125 0.77046875 0.74125
1 0.6809375 0.8397916671875001 0.6809375 0.7033333328125 0.49625 0.7033333328125 0.49625 0.8397916671875001 0.6809375 0.8397916671875001
1 0.43515625 0.8814583328125 0.43515625 0.735625 0.13671875 0.735625 0.13671875 0.8814583328125 0.43515625 0.8814583328125
1 0.43218750000000006 0.9477083328125 0.43218750000000006 0.798125 0.148125 0.798125 0.148125 0.9477083328125 0.43218750000000006 0.9477083328125
1 0.14656249999999998 0.9875 0.14656249999999998 0.8889583328124999 0.0003125 0.8889583328124999 0.0003125 0.9875 0.14656249999999998 0.9875
1 0 0.7260416671875001 0.09828125 0.7260416671875001 0.09828125 0.6125 0 0.6125 0 0.7260416671875001
1 0.53171875 0.00041666718749999997 0.53171875 0.1160416671875 0.69234375 0.1160416671875 0.69234375 0.00041666718749999997 0.53171875 0.00041666718749999997
1 0.69234375 0.0704166671875 0.69234375 0.1916666671875 0.803125 0.1916666671875 0.803125 0.0704166671875 0.69234375 0.0704166671875
1 0.8045312499999999 0.14625 0.8045312499999999 0.2429166671875 0.865625 0.2429166671875 0.865625 0.14625 0.8045312499999999 0.14625
1 0.8259375 0.0022916671874999997 0.8259375 0.0610416671875 0.8828125 0.0610416671875 0.8828125 0.0022916671874999997 0.8259375 0.0022916671874999997
1 0.86265625 0.199375 0.86265625 0.270625 0.8979687500000001 0.270625 0.8979687500000001 0.199375 0.86265625 0.199375
1 0.87984375 0.053541667187499996 0.87984375 0.12479166718750001 0.9160937499999999 0.12479166718750001 0.9160937499999999 0.053541667187499996 0.87984375 0.053541667187499996
1 0.911875 0.09625 0.911875 0.1554166671875 0.9349999999999999 0.1554166671875 0.9349999999999999 0.09625 0.911875 0.09625
1 0.8979687500000001 0.24104166718750003 0.8979687500000001 0.2860416671875 0.9209375 0.2860416671875 0.9209375 0.24104166718750003 0.8979687500000001 0.24104166718750003
1 0.943125 0.30895833281249996 0.943125 0.25645833281249997 0.9209375 0.25645833281249997 0.9209375 0.30895833281249996 0.943125 0.30895833281249996
1 0.9528125 0.1835416671875 0.9528125 0.1389583328125 0.93296875 0.1389583328125 0.93296875 0.1835416671875 0.9528125 0.1835416671875
3 0.30953125 0.3670833328125 0.30953125 0.325 0.1871875 0.325 0.1871875 0.3670833328125 0.30953125 0.3670833328125
3 0.3075 0.425 0.3075 0.3670833328125 0.18515625 0.3670833328125 0.18515625 0.425 0.3075 0.425
3 0.34500000000000003 0.3289583328125 0.34500000000000003 0.4222916671875 0.44171875 0.4222916671875 0.44171875 0.3289583328125 0.34500000000000003 0.3289583328125
3 0.6115625 0.3789583328125 0.6115625 0.339375 0.56703125 0.339375 0.56703125 0.3789583328125 0.6115625 0.3789583328125
3 0.72890625 0.38166666718750003 0.72890625 0.3447916671875 0.65890625 0.3447916671875 0.65890625 0.38166666718750003 0.72890625 0.38166666718750003
1 0.9637499999999999 0.5439583328125 0.9637499999999999 0.5022916671875 0.881875 0.5022916671875 0.881875 0.5439583328125 0.9637499999999999 0.5439583328125
1 0.9984375 0.48875 0.9984375 0.4739583328125 0.97046875 0.4739583328125 0.97046875 0.48875 0.9984375 0.48875