1 0.9903124999999999 0.11875 0.9903124999999999 0.057499999999999996 0.9081250000000001 0.057499999999999996 0.9081250000000001 0.11875 0.9903124999999999 0.11875
1 0.90234375 0.15 0.90234375 0.0966666671875 0.8426562499999999 0.0966666671875 0.8426562499999999 0.15 0.90234375 0.15
1 0.8435937499999999 0 0.8435937499999999 0.053541667187499996 0.8964062500000001 0.053541667187499996 0.8964062500000001 0 0.8435937499999999 0
1 0.840625 0.1147916671875 0.840625 0.0704166671875 0.7996875 0.0704166671875 0.7996875 0.1147916671875 0.840625 0.1147916671875
1 0.84453125 0.1747916671875 0.84453125 0.1291666671875 0.7996875 0.1291666671875 0.7996875 0.1747916671875 0.84453125 0.1747916671875
1 0.7967187499999999 0.1864583328125 0.7967187499999999 0.1460416671875 0.7615624999999999 0.1460416671875 0.7615624999999999 0.1864583328125 0.7967187499999999 0.1864583328125
1 0.3353125 0.071875 0.3353125 0.0158333328125 0.29328125 0.0158333328125 0.29328125 0.071875 0.3353125 0.071875
1 0.25406249999999997 0 0.25406249999999997 0.0314583328125 0.2921875 0.0314583328125 0.2921875 0 0.25406249999999997 0
1 0.35281250000000003 0.436875 0.35281250000000003 0.3977083328125 0.30203125000000003 0.3977083328125 0.30203125000000003 0.436875 0.35281250000000003 0.436875
3 0.99828125 0.45 0.99828125 0.39729166718750003 0.96484375 0.39729166718750003 0.96484375 0.45 0.99828125 0.45
3 0.9696875 0.4341666671875 0.9696875 0.3670833328125 0.8917187500000001 0.3670833328125 0.8917187500000001 0.4341666671875 0.9696875 0.4341666671875
3 0.99828125 0.661875 0.99828125 0.5933333328125 0.9667187500000001 0.5933333328125 0.9667187500000001 0.661875 0.99828125 0.661875
3 0.87203125 0.5447916671875 0.87203125 0.47625 0.805 0.47625 0.805 0.5447916671875 0.87203125 0.5447916671875
3 0.89578125 0.3552083328125 0.89578125 0.3091666671875 0.80890625 0.3091666671875 0.80890625 0.3552083328125 0.89578125 0.3552083328125
3 0.8354687500000001 0.3920833328125 0.8354687500000001 0.3566666671875 0.81078125 0.3566666671875 0.81078125 0.3920833328125 0.8354687500000001 0.3920833328125
3 0.86421875 0.39729166718750003 0.86421875 0.36062500000000003 0.8267187500000001 0.36062500000000003 0.8267187500000001 0.39729166718750003 0.86421875 0.39729166718750003
3 0.8917187500000001 0.40520833281249996 0.8917187500000001 0.3670833328125 0.8631249999999999 0.3670833328125 0.8631249999999999 0.40520833281249996 0.8917187500000001 0.40520833281249996
3 0.81875 0.38166666718750003 0.81875 0.3447916671875 0.79109375 0.3447916671875 0.79109375 0.38166666718750003 0.81875 0.38166666718750003
3 0.795 0.3697916671875 0.795 0.3408333328125 0.7634375 0.3408333328125 0.7634375 0.3697916671875 0.795 0.3697916671875
3 0.84734375 0.4960416671875 0.84734375 0.44729166718749996 0.774375 0.44729166718749996 0.774375 0.4960416671875 0.84734375 0.4960416671875
3 0.7892187500000001 0.47625 0.7892187500000001 0.4420833328125 0.7625 0.4420833328125 0.7625 0.47625 0.7892187500000001 0.47625
3 0.7625 0.464375 0.7625 0.4302083328125 0.74765625 0.4302083328125 0.74765625 0.464375 0.7625 0.464375
3 0.19109375 0.4408333328125 0.19109375 0.3670833328125 0.07265625 0.3670833328125 0.07265625 0.4408333328125 0.19109375 0.4408333328125
3 0.06375 0.5237499999999999 0.06375 0.42770833281250004 0.0026562499999999998 0.42770833281250004 0.0026562499999999998 0.5237499999999999 0.06375 0.5237499999999999
3 0.0035937499999999997 0.21187499999999998 0.0035937499999999997 0.2816666671875 0.06375 0.2816666671875 0.06375 0.21187499999999998 0.0035937499999999997 0.21187499999999998
3 0.13 0.27229166718750003 0.13 0.213125 0.05500000000000001 0.213125 0.05500000000000001 0.27229166718750003 0.13 0.27229166718750003
3 0.19109375 0.27625 0.19109375 0.22374999999999998 0.13093749999999998 0.22374999999999998 0.13093749999999998 0.27625 0.19109375 0.27625
3 0.23546874999999998 0.27770833281249996 0.23546874999999998 0.2289583328125 0.195 0.2289583328125 0.195 0.27770833281249996 0.23546874999999998 0.27770833281249996
3 0.16640625 0.20125 0.16640625 0.24479166718749998 0.28875 0.24479166718749998 0.28875 0.20125 0.16640625 0.20125
3 0.27890625 0.286875 0.27890625 0.23937499999999998 0.22078125 0.23937499999999998 0.22078125 0.286875 0.27890625 0.286875
3 0.32140625 0.286875 0.32140625 0.20270833281249998 0.26703125 0.20270833281249998 0.26703125 0.286875 0.32140625 0.286875
3 0.3509375 0.311875 0.3509375 0.285625 0.29671875000000003 0.285625 0.29671875000000003 0.311875 0.3509375 0.311875
3 0.3490625 0.3341666671875 0.3490625 0.311875 0.2996875 0.311875 0.2996875 0.3341666671875 0.3490625 0.3341666671875
3 0.34796875 0.364375 0.34796875 0.3341666671875 0.305625 0.3341666671875 0.305625 0.364375 0.34796875 0.364375
3 0.34796875 0.38687499999999997 0.34796875 0.364375 0.30359375 0.364375 0.30359375 0.38687499999999997 0.34796875 0.38687499999999997
3 0.34703125 0.4183333328125 0.34703125 0.38687499999999997 0.30656249999999996 0.38687499999999997 0.30656249999999996 0.4183333328125 0.34703125 0.4183333328125
3 0.29578125 0.3947916671875 0.29578125 0.35125 0.26609375 0.35125 0.26609375 0.3947916671875 0.29578125 0.3947916671875
3 0.26125 0.3829166671875 0.26125 0.35 0.19796875 0.35 0.19796875 0.3829166671875 0.26125 0.3829166671875
3 0.27109375 0.410625 0.27109375 0.385625 0.244375 0.385625 0.244375 0.410625 0.27109375 0.410625
3 0.244375 0.4183333328125 0.244375 0.3802083328125 0.21781250000000002 0.3802083328125 0.21781250000000002 0.4183333328125 0.244375 0.4183333328125
3 0.22265625 0.4341666671875 0.22265625 0.3908333328125 0.17734375 0.3908333328125 0.17734375 0.4341666671875 0.22265625 0.4341666671875
3 0.20890625 0.34208333281250003 0.20890625 0.311875 0.15953124999999999 0.311875 0.15953124999999999 0.34208333281250003 0.20890625 0.34208333281250003
3 0.21578124999999998 0.37374999999999997 0.21578124999999998 0.339375 0.1496875 0.339375 0.1496875 0.37374999999999997 0.21578124999999998 0.37374999999999997
3 0.25328125 0.1277083328125 0.25328125 0.161875 0.28296875 0.161875 0.28296875 0.1277083328125 0.25328125 0.1277083328125