1 0.47609375 0 0.47609375 0.1760416671875 0.7840625 0.1760416671875 0.7840625 0 0.47609375 0
3 0.46046875 0.535625 0.46046875 0.42895833281250006 0.22374999999999998 0.42895833281250006 0.22374999999999998 0.535625 0.46046875 0.535625
3 0.6696875 0.45520833281249995 0.6696875 0.36833333281249997 0.47625 0.36833333281249997 0.47625 0.45520833281249995 0.6696875 0.45520833281249995
3 0.67078125 0.5329166671875 0.67078125 0.45395833281250003 0.47828125000000005 0.45395833281250003 0.47828125000000005 0.5329166671875 0.67078125 0.5329166671875
3 0.7970312500000001 0.5341666671875 0.7970312500000001 0.3447916671875 0.6371875 0.3447916671875 0.6371875 0.5341666671875 0.7970312500000001 0.5341666671875
3 0.9145312499999999 0.475 0.9145312499999999 0.4066666671875 0.8207812499999999 0.4066666671875 0.8207812499999999 0.475 0.9145312499999999 0.475
3 0.9075 0.538125 0.9075 0.47375 0.81671875 0.47375 0.81671875 0.538125 0.9075 0.538125
3 0.99046875 0.5329166671875 0.99046875 0.4658333328125 0.9075 0.4658333328125 0.9075 0.5329166671875 0.99046875 0.5329166671875
3 0.9978125 0.4916666671875 0.9978125 0.4410416671875 0.923125 0.4410416671875 0.923125 0.4916666671875 0.9978125 0.4916666671875
3 0.9989062499999999 0.5372916671875 0.9989062499999999 0.4916666671875 0.98703125 0.4916666671875 0.98703125 0.5372916671875 0.9989062499999999 0.5372916671875
3 0.9989062499999999 0.703125 0.9989062499999999 0.6227083328125 0.8982812499999999 0.6227083328125 0.8982812499999999 0.703125 0.9989062499999999 0.703125
3 0.9574999999999999 0.7127083328125 0.9574999999999999 0.63375 0.8354687500000001 0.63375 0.8354687500000001 0.7127083328125 0.9574999999999999 0.7127083328125
3 0.8853125000000001 0.7410416671875 0.8853125000000001 0.6320833328125001 0.7325 0.6320833328125001 0.7325 0.7410416671875 0.8853125000000001 0.7410416671875
3 0.78578125 0.7820833328125001 0.78578125 0.6431250000000001 0.676875 0.6431250000000001 0.676875 0.7820833328125001 0.78578125 0.7820833328125001
3 0.6921875 0.72375 0.6921875 0.600625 0.5548437500000001 0.600625 0.5548437500000001 0.72375 0.6921875 0.72375
3 0.676875 0.7931250000000001 0.676875 0.7110416671875 0.55375 0.7110416671875 0.55375 0.7931250000000001 0.676875 0.7931250000000001
3 0.5584374999999999 0.81375 0.5584374999999999 0.649375 0.405625 0.649375 0.405625 0.81375 0.5584374999999999 0.81375
3 0.41875 0.82 0.41875 0.666875 0.2646875 0.666875 0.2646875 0.82 0.41875 0.82
3 0.2646875 0.8072916671874999 0.2646875 0.6889583328125 0.15578125 0.6889583328125 0.15578125 0.8072916671874999 0.2646875 0.8072916671874999
3 0.12734375 0.8010416671874999 0.12734375 0.6872916671875 0.03265625 0.6872916671875 0.03265625 0.8010416671874999 0.12734375 0.8010416671874999
3 0.11546875000000001 0.510625 0.11546875000000001 0.42833333281249997 0.000625 0.42833333281249997 0.000625 0.510625 0.11546875000000001 0.510625
3 0.3725 0.5089583328125 0.3725 0.38895833281250003 0.20437500000000003 0.38895833281250003 0.20437500000000003 0.5089583328125 0.3725 0.5089583328125