1 0.8778124999999999 0.47062499999999996 0.8778124999999999 0.395 0.6910937500000001 0.395 0.6910937500000001 0.47062499999999996 0.8778124999999999 0.47062499999999996
1 0.69984375 0.440625 0.69984375 0.378125 0.64328125 0.378125 0.64328125 0.440625 0.69984375 0.440625
1 0.65 0.4302083328125 0.65 0.379375 0.6129687500000001 0.379375 0.6129687500000001 0.4302083328125 0.65 0.4302083328125
1 0.73125 0.2152083328125 0.73125 0.11875 0.656875 0.11875 0.656875 0.2152083328125 0.73125 0.2152083328125
1 0.66078125 0.2372916671875 0.66078125 0.1579166671875 0.61390625 0.1579166671875 0.61390625 0.2372916671875 0.66078125 0.2372916671875
1 0 0.13708333281250001 0.0528125 0.13708333281250001 0.0528125 0.058750000000000004 0 0.058750000000000004 0 0.13708333281250001
1 0 0.5554166671874999 0.0390625 0.5554166671874999 0.0390625 0.4810416671875 0 0.4810416671875 0 0.5554166671874999
1 0.4965625 0.43541666718750005 0.4965625 0.406875 0.4046875 0.406875 0.4046875 0.43541666718750005 0.4965625 0.43541666718750005
1 0.39484375 0.436875 0.39484375 0.39895833281250004 0.28828125 0.39895833281250004 0.28828125 0.436875 0.39484375 0.436875
1 0.28734375 0.4341666671875 0.28734375 0.40416666718750005 0.17781249999999998 0.40416666718750005 0.17781249999999998 0.4341666671875 0.28734375 0.4341666671875
1 0.17390624999999998 0.436875 0.17390624999999998 0.40812499999999996 0.08796875 0.40812499999999996 0.08796875 0.436875 0.17390624999999998 0.436875
4 0.723125 0.000625 0.723125 0.17250000000000001 0.89140625 0.17250000000000001 0.89140625 0.000625 0.723125 0.000625