3 0.33218749999999997 0.0960416671875 0.33218749999999997 0.2308333328125 0.5154687499999999 0.2308333328125 0.5154687499999999 0.0960416671875 0.33218749999999997 0.0960416671875
3 0.32984375 0.006875000000000001 0.32984375 0.12479166718750001 0.5154687499999999 0.12479166718750001 0.5154687499999999 0.006875000000000001 0.32984375 0.006875000000000001
3 0.39171875 0.006875000000000001 0.39171875 0.05 0.52140625 0.05 0.52140625 0.006875000000000001 0.39171875 0.006875000000000001
3 0.5046875 0.0020833328125000002 0.5046875 0.3145833328125 0.6875 0.3145833328125 0.6875 0.0020833328125000002 0.5046875 0.0020833328125000002
3 0.6756249999999999 0.25916666718750003 0.6756249999999999 0.3533333328125 0.76859375 0.3533333328125 0.76859375 0.25916666718750003 0.6756249999999999 0.25916666718750003
3 0.7625 0.320625 0.7625 0.4022916671875 0.8578125 0.4022916671875 0.8578125 0.320625 0.7625 0.320625
3 0.860625 0.3491666671875 0.860625 0.45562500000000006 0.93234375 0.45562500000000006 0.93234375 0.3491666671875 0.860625 0.3491666671875
3 0.8934374999999999 0.321875 0.8934374999999999 0.4064583328125 0.98140625 0.4064583328125 0.98140625 0.321875 0.8934374999999999 0.321875
3 0.93265625 0.40458333281250003 0.93265625 0.459375 0.9760937500000001 0.459375 0.9760937500000001 0.40458333281250003 0.93265625 0.40458333281250003
3 0.9099999999999999 0.1116666671875 0.9099999999999999 0.22458333281249998 0.9568749999999999 0.22458333281249998 0.9568749999999999 0.1116666671875 0.9099999999999999 0.1116666671875
3 0.8340624999999999 0.5375 0.8340624999999999 0.6056250000000001 0.97734375 0.6056250000000001 0.97734375 0.5375 0.8340624999999999 0.5375
3 0.9465625 0.6139583328125 0.9465625 0.6683333328125001 0.98140625 0.6683333328125001 0.98140625 0.6139583328125 0.9465625 0.6139583328125
3 0.97734375 0.5483333328125 0.97734375 0.6029166671875 0.9978125 0.6029166671875 0.9978125 0.5483333328125 0.97734375 0.5483333328125
3 0.9793749999999999 0.619375 0.9793749999999999 0.6575 0.9978125 0.6575 0.9978125 0.619375 0.9793749999999999 0.619375
3 0.79921875 0.6029166671875 0.79921875 0.6793750000000001 0.95078125 0.6793750000000001 0.95078125 0.6029166671875 0.79921875 0.6029166671875
3 0.79921875 0.6247916671875 0.79921875 0.6902083328125 0.90984375 0.6902083328125 0.90984375 0.6247916671875 0.79921875 0.6247916671875
3 0.770625 0.635625 0.770625 0.70125 0.83203125 0.70125 0.83203125 0.635625 0.770625 0.635625
3 0.7215625 0.6083333328125 0.7215625 0.7502083328125 0.77671875 0.7502083328125 0.77671875 0.6083333328125 0.7215625 0.6083333328125
3 0.5659375 0.49375 0.5659375 0.6683333328125001 0.725625 0.6683333328125001 0.725625 0.49375 0.5659375 0.49375
3 0.55578125 0.6439583328125 0.55578125 0.7775000000000001 0.71953125 0.7775000000000001 0.71953125 0.6439583328125 0.55578125 0.6439583328125
3 0.40031249999999996 0.3647916671875 0.40031249999999996 0.7966666671875 0.5721875 0.7966666671875 0.5721875 0.3647916671875 0.40031249999999996 0.3647916671875
3 0.0073437500000000005 0.25375000000000003 0.0073437500000000005 0.9220833328125 0.40843749999999995 0.9220833328125 0.40843749999999995 0.25375000000000003 0.0073437500000000005 0.25375000000000003