1 0.78125 0.6921296296875 0.78125 0.5841666671875 0.6850520828125 0.5841666671875 0.6850520828125 0.6921296296875 0.78125 0.6921296296875
1 0.9960416671875001 0.7706481484375 0.9960416671875001 0.625 0.78421875 0.625 0.78421875 0.7706481484375 0.9960416671875001 0.7706481484375
1 0.9944791671875001 0.9943518515624999 0.9944791671875001 0.7761111109375001 0.78578125 0.7761111109375001 0.78578125 0.9943518515624999 0.9944791671875001 0.9943518515624999
1 0.7872916671875 0.8525 0.7872916671875 0.7024074078125 0.6967187499999999 0.7024074078125 0.6967187499999999 0.8525 0.7872916671875 0.8525
1 0.7965104171874999 0.2959259265625 0.7965104171874999 0.17314814843749998 0.6952083328125 0.17314814843749998 0.6952083328125 0.2959259265625 0.7965104171874999 0.2959259265625
1 0.791875 0.0666666671875 0.791875 0.24953703749999998 0.9714583328125 0.24953703749999998 0.9714583328125 0.0666666671875 0.791875 0.0666666671875
1 0.7934375 0.16768518593749998 0.7934375 0.020277778125 0.6936979171875 0.020277778125 0.6936979171875 0.16768518593749998 0.7934375 0.16768518593749998
1 0.791875 0.00398148125 0.791875 0.0803703703125 0.9023958328124999 0.0803703703125 0.9023958328124999 0.00398148125 0.791875 0.00398148125
4 0.0377604171875 0.794259259375 0.0377604171875 0.49555555625 0.0016666671875 0.49555555625 0.0016666671875 0.794259259375 0.0377604171875 0.794259259375
3 0.3305208328125 0.355277778125 0.3305208328125 0.2868518515625 0.2727604171875 0.2868518515625 0.2727604171875 0.355277778125 0.3305208328125 0.355277778125
3 0.2054166671875 0.6341666671875 0.2054166671875 0.5631481484374999 0.1691666671875 0.5631481484374999 0.1691666671875 0.6341666671875 0.2054166671875 0.6341666671875