1 0.825 0.0758333328125 0.825 0.0027083328125 0.7184375000000001 0.0027083328125 0.7184375000000001 0.0758333328125 0.825 0.0758333328125
1 0.72140625 0.14750000000000002 0.72140625 0.0339583328125 0.64515625 0.0339583328125 0.64515625 0.14750000000000002 0.72140625 0.14750000000000002
1 0.64515625 0.1747916671875 0.64515625 0.10833333281249999 0.6079687500000001 0.10833333281249999 0.6079687500000001 0.1747916671875 0.64515625 0.1747916671875
1 0.61 0.19437500000000002 0.61 0.1604166671875 0.58546875 0.1604166671875 0.58546875 0.19437500000000002 0.61 0.19437500000000002
1 0.5815625 0.22291666718749997 0.5815625 0.1720833328125 0.54734375 0.1720833328125 0.54734375 0.22291666718749997 0.5815625 0.22291666718749997
1 0.6471875 0.0770833328125 0.6471875 0.010624999999999999 0.6079687500000001 0.010624999999999999 0.6079687500000001 0.0770833328125 0.6471875 0.0770833328125
1 0.083125 0 0.083125 0.054791667187500004 0.13390625 0.054791667187500004 0.13390625 0 0.083125 0
1 0.15734375 0.0847916671875 0.15734375 0.0366666671875 0.12515625 0.0366666671875 0.12515625 0.0847916671875 0.15734375 0.0847916671875
1 0.19359375 0.1279166671875 0.19359375 0.0847916671875 0.16328125 0.0847916671875 0.16328125 0.1279166671875 0.19359375 0.1279166671875
1 0.33828125 0.3897916671875 0.33828125 0.3716666671875 0.28828125 0.3716666671875 0.28828125 0.3897916671875 0.33828125 0.3897916671875
1 0.38609375 0.3872916671875 0.38609375 0.3664583328125 0.33921875 0.3664583328125 0.33921875 0.3872916671875 0.38609375 0.3872916671875
1 0.43984375 0.38333333281250004 0.43984375 0.3716666671875 0.39390625 0.3716666671875 0.39390625 0.38333333281250004 0.43984375 0.38333333281250004
1 0.55421875 0.24125000000000002 0.55421875 0.19437500000000002 0.53171875 0.19437500000000002 0.53171875 0.24125000000000002 0.55421875 0.24125000000000002
1 0.53171875 0.2477083328125 0.53171875 0.2164583328125 0.5131249999999999 0.2164583328125 0.5131249999999999 0.2477083328125 0.53171875 0.2477083328125
1 0.0996875 0.5241666671874999 0.0996875 0.45499999999999996 0.021406249999999998 0.45499999999999996 0.021406249999999998 0.5241666671874999 0.0996875 0.5241666671874999
1 0.13874999999999998 0.48375 0.13874999999999998 0.44458333281250006 0.09484375 0.44458333281250006 0.09484375 0.48375 0.13874999999999998 0.48375
1 0.12515625 0.3545833328125 0.12515625 0.3285416671875 0.08703125 0.3285416671875 0.08703125 0.3545833328125 0.12515625 0.3545833328125
1 0.7296875 0.5170833328125 0.7296875 0.4641666671875 0.6498437499999999 0.4641666671875 0.6498437499999999 0.5170833328125 0.7296875 0.5170833328125
1 0.5779687499999999 0.438125 0.5779687499999999 0.41187500000000005 0.54203125 0.41187500000000005 0.54203125 0.438125 0.5779687499999999 0.438125
1 0.20609375000000002 0.4516666671875 0.20609375000000002 0.4185416671875 0.17359375 0.4185416671875 0.17359375 0.4516666671875 0.20609375000000002 0.4516666671875
4 0.8643750000000001 0.575 0.8643750000000001 0.0814583328125 0.7201562499999999 0.0814583328125 0.7201562499999999 0.575 0.8643750000000001 0.575
4 0.8451562499999999 0.0108333328125 0.8451562499999999 0.6814583328125 0.9981249999999999 0.6814583328125 0.9981249999999999 0.0108333328125 0.8451562499999999 0.0108333328125
4 0.7268749999999999 0.501875 0.7268749999999999 0.198125 0.60484375 0.198125 0.60484375 0.501875 0.7268749999999999 0.501875
4 0.60671875 0.475 0.60671875 0.2225 0.5701562499999999 0.2225 0.5701562499999999 0.475 0.60671875 0.475
4 0 0.5416666671875 0.025937500000000002 0.5416666671875 0.025937500000000002 0.175 0 0.175 0 0.5416666671875
3 0.00484375 0.005 0.00484375 0.12625 0.05890625000000001 0.12625 0.05890625000000001 0.005 0.00484375 0.005