1 0.72953125 0.6879166671875 0.72953125 0.5789583328125001 0.4725 0.5789583328125001 0.4725 0.6879166671875 0.72953125 0.6879166671875
1 0.8278125 0.6483333328125 0.8278125 0.5489583328125 0.7106250000000001 0.5489583328125 0.7106250000000001 0.6483333328125 0.8278125 0.6483333328125
1 0.43234374999999997 0.7306250000000001 0.43234374999999997 0.599375 0.1421875 0.599375 0.1421875 0.7306250000000001 0.43234374999999997 0.7306250000000001
1 0 0.7541666671875 0.13265625 0.7541666671875 0.13265625 0.646875 0 0.646875 0 0.7541666671875
1 0.15875 0.9106249999999999 0.15875 0.809375 0.00953125 0.809375 0.00953125 0.9106249999999999 0.15875 0.9106249999999999
1 0.43234374999999997 0.8758333328125 0.43234374999999997 0.7462500000000001 0.16703125000000002 0.7462500000000001 0.16703125000000002 0.8758333328125 0.43234374999999997 0.8758333328125
1 0.15640625 0.0041666671875 0.15640625 0.1116666671875 0.4559375 0.1116666671875 0.4559375 0.0041666671875 0.15640625 0.0041666671875
1 0.00484375 0.0041666671875 0.00484375 0.076875 0.14328125 0.076875 0.14328125 0.0041666671875 0.00484375 0.0041666671875
1 0.778125 0.23312499999999997 0.778125 0.14791666718750002 0.6643749999999999 0.14791666718750002 0.6643749999999999 0.23312499999999997 0.778125 0.23312499999999997
1 0.7732812499999999 0.130625 0.7732812499999999 0.0420833328125 0.6643749999999999 0.0420833328125 0.6643749999999999 0.130625 0.7732812499999999 0.130625
1 0.84078125 0.2820833328125 0.84078125 0.20625 0.76859375 0.20625 0.76859375 0.2820833328125 0.84078125 0.2820833328125
1 0.8917187500000001 0.2741666671875 0.8917187500000001 0.22374999999999998 0.8396874999999999 0.22374999999999998 0.8396874999999999 0.2741666671875 0.8917187500000001 0.2741666671875
1 0.889375 0.30895833281249996 0.889375 0.2616666671875 0.835 0.2616666671875 0.835 0.30895833281249996 0.889375 0.30895833281249996
1 0.9142187500000001 0.32687499999999997 0.9142187500000001 0.2735416671875 0.88734375 0.2735416671875 0.88734375 0.32687499999999997 0.9142187500000001 0.32687499999999997
1 0.9365625 0.3360416671875 0.9365625 0.3002083328125 0.9142187500000001 0.3002083328125 0.9142187500000001 0.3360416671875 0.9365625 0.3360416671875
1 0.9359375 0.445 0.9359375 0.42125 0.90625 0.42125 0.90625 0.445 0.9359375 0.445
1 0.9337500000000001 0.5316666671875 0.9337500000000001 0.50125 0.9051562499999999 0.50125 0.9051562499999999 0.5316666671875 0.9337500000000001 0.5316666671875
1 0.8817187499999999 0.5720833328125 0.8817187499999999 0.521875 0.83140625 0.521875 0.83140625 0.5720833328125 0.8817187499999999 0.5720833328125
1 0.7892187500000001 0.3710416671875 0.7892187500000001 0.3079166671875 0.5846875 0.3079166671875 0.5846875 0.3710416671875 0.7892187500000001 0.3710416671875
1 0.95140625 0.476875 0.95140625 0.45625 0.93203125 0.45625 0.93203125 0.476875 0.95140625 0.476875
1 0.94796875 0.5279166671875 0.94796875 0.49583333281249997 0.9290625 0.49583333281249997 0.9290625 0.5279166671875 0.94796875 0.5279166671875
1 0.96796875 0.42291666718750004 0.96796875 0.4060416671875 0.93140625 0.4060416671875 0.93140625 0.42291666718750004 0.96796875 0.42291666718750004
1 0.7190624999999999 0.0008333328124999999 0.7190624999999999 0.025416667187500002 0.815625 0.025416667187500002 0.815625 0.0008333328124999999 0.7190624999999999 0.0008333328124999999
1 0.81078125 0.02375 0.81078125 0.09625 0.8768750000000001 0.09625 0.8768750000000001 0.02375 0.81078125 0.02375
1 0.90546875 0.1566666671875 0.90546875 0.0789583328125 0.8709374999999999 0.0789583328125 0.8709374999999999 0.1566666671875 0.90546875 0.1566666671875
1 0.928125 0.19083333281249998 0.928125 0.11729166718749999 0.91140625 0.11729166718749999 0.91140625 0.19083333281249998 0.928125 0.19083333281249998
1 0.9490624999999999 0.209375 0.9490624999999999 0.15687500000000001 0.9262499999999999 0.15687500000000001 0.9262499999999999 0.209375 0.9490624999999999 0.209375
1 0.9621875 0.22458333281249998 0.9621875 0.1872916671875 0.9490624999999999 0.1872916671875 0.9490624999999999 0.22458333281249998 0.9621875 0.22458333281249998
1 0.953125 0.34875 0.953125 0.31979166718749996 0.93484375 0.31979166718749996 0.93484375 0.34875 0.953125 0.34875
1 0.9565625000000001 0.2954166671875 0.9565625000000001 0.2704166671875 0.92734375 0.2704166671875 0.92734375 0.2954166671875 0.9565625000000001 0.2954166671875
1 0.9696875 0.35562499999999997 0.9696875 0.33125 0.9525 0.33125 0.9525 0.35562499999999997 0.9696875 0.35562499999999997
1 0.993125 0.369375 0.993125 0.34187500000000004 0.9707812499999999 0.34187500000000004 0.9707812499999999 0.369375 0.993125 0.369375
1 0.96265625 0.47145833281250005 0.96265625 0.4479166671875 0.9454687500000001 0.4479166671875 0.9454687500000001 0.47145833281250005 0.96265625 0.47145833281250005
1 0.963125 0.5133333328125 0.963125 0.4847916671875 0.94828125 0.4847916671875 0.94828125 0.5133333328125 0.963125 0.5133333328125
4 0.476875 0.000625 0.476875 0.203125 0.675 0.203125 0.675 0.000625 0.476875 0.000625
4 0.92015625 0.553125 0.92015625 0.3595833328125 0.8384375000000001 0.3595833328125 0.8384375000000001 0.553125 0.92015625 0.553125
3 0.40531249999999996 0.5316666671875 0.40531249999999996 0.4920833328125 0.24828125 0.4920833328125 0.24828125 0.5316666671875 0.40531249999999996 0.5316666671875
3 0.26515625 0.54875 0.26515625 0.5 0.13984375 0.5 0.13984375 0.54875 0.26515625 0.54875