1 0.28078125 0.032708332812500004 0.28078125 0.2108333328125 0.59609375 0.2108333328125 0.59609375 0.032708332812500004 0.28078125 0.032708332812500004
1 0.5884375000000001 0.0120833328125 0.5884375000000001 0.125 0.71921875 0.125 0.71921875 0.0120833328125 0.5884375000000001 0.0120833328125
1 0.5817187500000001 0.14416666718749999 0.5817187500000001 0.2595833328125 0.7106250000000001 0.2595833328125 0.7106250000000001 0.14416666718749999 0.5817187500000001 0.14416666718749999
1 0.7 0.2147916671875 0.7 0.29812500000000003 0.776875 0.29812500000000003 0.776875 0.2147916671875 0.7 0.2147916671875
1 0.739375 0.1545833328125 0.739375 0.23020833281250003 0.8625 0.23020833281250003 0.8625 0.1545833328125 0.739375 0.1545833328125
1 0.8432812500000001 0.199375 0.8432812500000001 0.2595833328125 0.91734375 0.2595833328125 0.91734375 0.199375 0.8432812500000001 0.199375
1 0.70390625 0.051875000000000004 0.70390625 0.1302083328125 0.860625 0.1302083328125 0.860625 0.051875000000000004 0.70390625 0.051875000000000004
1 0.76640625 0.001875 0.76640625 0.0364583328125 0.8673437500000001 0.0364583328125 0.8673437500000001 0.001875 0.76640625 0.001875
1 0.82984375 0.18145833281249998 0.90859375 0.18145833281249998 0.90859375 0.12125 0.91921875 0.12125 0.91921875 0.0441666671875 0.8625 0.0441666671875 0.8625 0.1058333328125 0.82984375 0.1058333328125 0.82984375 0.18145833281249998
1 0.9076562499999999 0.17124999999999999 0.9076562499999999 0.21729166718749998 0.9481249999999999 0.21729166718749998 0.9481249999999999 0.17124999999999999 0.9076562499999999 0.17124999999999999
1 0.90390625 0.24041666718750002 0.90390625 0.2891666671875 0.9442187499999999 0.2891666671875 0.9442187499999999 0.24041666718750002 0.90390625 0.24041666718750002
1 0.9432812500000001 0.2147916671875 0.9432812500000001 0.2595833328125 0.98078125 0.2595833328125 0.98078125 0.2147916671875 0.9432812500000001 0.2147916671875
1 0.9432812500000001 0.2697916671875 0.9432812500000001 0.3275 0.98078125 0.3275 0.98078125 0.2697916671875 0.9432812500000001 0.2697916671875
1 0.9990625 0.3391666671875 0.9990625 0.301875 0.97984375 0.301875 0.97984375 0.3391666671875 0.9990625 0.3391666671875
1 0.9076562499999999 0.6954166671875 0.9076562499999999 0.6441666671874999 0.8403124999999999 0.6441666671874999 0.8403124999999999 0.6954166671875 0.9076562499999999 0.6954166671875
1 0.9268750000000001 0.67125 0.9268750000000001 0.6416666671875 0.89515625 0.6416666671875 0.89515625 0.67125 0.9268750000000001 0.67125
1 1 0.651875 0.960625 0.651875 0.960625 0.6916666671875 1 0.6916666671875 1 0.651875
1 0.6865625 0.6314583328125 0.6865625 0.546875 0.61921875 0.546875 0.61921875 0.6314583328125 0.6865625 0.6314583328125
1 0.6092187499999999 0.8441666671875 0.6092187499999999 0.5247916671875 0.00390625 0.5247916671875 0.00390625 0.8441666671875 0.6092187499999999 0.8441666671875
1 0.6153125 0.996875 0.6153125 0.9314583328125 0.49421875000000004 0.9314583328125 0.49421875000000004 0.996875 0.6153125 0.996875
1 0.8759375 0.0045833328125 0.8759375 0.0672916671875 0.95390625 0.0672916671875 0.95390625 0.0045833328125 0.8759375 0.0045833328125
1 0.9432812500000001 0.049375 0.9432812500000001 0.1147916671875 0.985625 0.1147916671875 0.985625 0.049375 0.9432812500000001 0.049375
1 0.8490624999999999 0.6904166671875 0.8490624999999999 0.649375 0.7798437500000001 0.649375 0.7798437500000001 0.6904166671875 0.8490624999999999 0.6904166671875
1 0.6778125 0.7275 0.6778125 0.6697916671875 0.6134375000000001 0.6697916671875 0.6134375000000001 0.7275 0.6778125 0.7275
3 0.993125 0.5152083328125 0.993125 0.48520833281250003 0.94921875 0.48520833281250003 0.94921875 0.5152083328125 0.993125 0.5152083328125
1 0.694375 0.6695833328125 0.694375 0.7172916671875 0.78640625 0.7172916671875 0.78640625 0.6695833328125 0.694375 0.6695833328125
1 0.6799999999999999 0.6254166671875 0.6799999999999999 0.6675 0.7878125 0.6675 0.7878125 0.6254166671875 0.6799999999999999 0.6254166671875
1 0.68875 0.5814583328125 0.68875 0.6254166671875 0.7878125 0.6254166671875 0.7878125 0.5814583328125 0.68875 0.5814583328125