1 0.73171875 0.7672916671875 0.73171875 0.6802083328124999 0.57890625 0.6802083328124999 0.57890625 0.7672916671875 0.73171875 0.7672916671875
1 0.83359375 0.749375 0.83359375 0.67625 0.7173437500000001 0.67625 0.7173437500000001 0.749375 0.83359375 0.749375
1 0.8653124999999999 0.7352083328125001 0.8653124999999999 0.6620833328125 0.8096875000000001 0.6620833328125 0.8096875000000001 0.7352083328125001 0.8653124999999999 0.7352083328125001
1 0.9981249999999999 0.7454166671875 0.9981249999999999 0.6941666671875 0.9076562499999999 0.6941666671875 0.9076562499999999 0.7454166671875 0.9981249999999999 0.7454166671875
1 0.3596875 0.6454166671875 0.3596875 0.5108333328125 0.00578125 0.5108333328125 0.00578125 0.6454166671875 0.3596875 0.6454166671875
1 0.33359375 0.875 0.33359375 0.7172916671875 0.00484375 0.7172916671875 0.00484375 0.875 0.33359375 0.875
1 0.1721875 0.003125 0.1721875 0.1545833328125 0.5846875 0.1545833328125 0.5846875 0.003125 0.1721875 0.003125
1 0.6057812499999999 0.0045833328125 0.6057812499999999 0.0595833328125 0.7490625 0.0595833328125 0.7490625 0.0045833328125 0.6057812499999999 0.0045833328125
1 0.6682812499999999 0.0314583328125 0.6682812499999999 0.151875 0.8403124999999999 0.151875 0.8403124999999999 0.0314583328125 0.6682812499999999 0.0314583328125
1 0.82109375 0.12625 0.82109375 0.2058333328125 0.89609375 0.2058333328125 0.89609375 0.12625 0.82109375 0.12625
1 0.826875 0.0120833328125 0.826875 0.1070833328125 0.89234375 0.1070833328125 0.89234375 0.0120833328125 0.826875 0.0120833328125
1 0.951875 0.17375000000000002 0.951875 0.0941666671875 0.89421875 0.0941666671875 0.89421875 0.17375000000000002 0.951875 0.17375000000000002
1 0.9442187499999999 0.26208333281249996 0.9442187499999999 0.18020833281249998 0.8971875 0.18020833281249998 0.8971875 0.26208333281249996 0.9442187499999999 0.26208333281249996
1 0.97890625 0.2916666671875 0.97890625 0.21979166718749998 0.94609375 0.21979166718749998 0.94609375 0.2916666671875 0.97890625 0.2916666671875
1 0.9971875000000001 0.3095833328125 0.9971875000000001 0.2608333328125 0.97890625 0.2608333328125 0.97890625 0.3095833328125 0.9971875000000001 0.3095833328125
1 0.34703125 0.7185416671875 0.34703125 0.8116666671875 0.5790625 0.8116666671875 0.5790625 0.7185416671875 0.34703125 0.7185416671875
1 0.340625 0.649375 0.340625 0.733125 0.5779687499999999 0.733125 0.5779687499999999 0.649375 0.340625 0.649375
1 0.35796875 0.579375 0.35796875 0.649375 0.5779687499999999 0.649375 0.5779687499999999 0.579375 0.35796875 0.579375