1 0.790625 0.6211111109375 0.790625 0.5173148140625 0.6766666671875 0.5173148140625 0.6766666671875 0.6211111109375 0.790625 0.6211111109375
1 0.7841145828125 0.7673148140625 0.7841145828125 0.6416666671875 0.6759375000000001 0.6416666671875 0.6759375000000001 0.7673148140625 0.7841145828125 0.7673148140625
1 0.6795833328125 0.6699074078125 0.6795833328125 0.573703703125 0.584375 0.573703703125 0.584375 0.6699074078125 0.6795833328125 0.6699074078125
1 0.5086458328125001 0.5865740734375 0.5086458328125001 0.5057407406250001 0.3168229171875 0.5057407406250001 0.3168229171875 0.5865740734375 0.5086458328125001 0.5865740734375
1 0.5028645828125 0.5006481484374999 0.5028645828125 0.4326851859375 0.31828124999999996 0.4326851859375 0.31828124999999996 0.5006481484374999 0.5028645828125 0.5006481484374999
1 0.5966145828125 0.114722221875 0.5966145828125 0.0326851859375 0.528125 0.0326851859375 0.528125 0.114722221875 0.5966145828125 0.114722221875
1 0.5295833328125 0.1390740734375 0.5295833328125 0.075 0.48484375 0.075 0.48484375 0.1390740734375 0.5295833328125 0.1390740734375
1 0.48557291718749995 0.1583333328125 0.48557291718749995 0.103240740625 0.453125 0.103240740625 0.453125 0.1583333328125 0.48557291718749995 0.1583333328125
1 0.453125 0.173703703125 0.453125 0.126296296875 0.425 0.126296296875 0.425 0.173703703125 0.453125 0.173703703125
1 0.4011979171875 0.18398148125 0.4011979171875 0.14805555625 0.37666666718749997 0.14805555625 0.37666666718749997 0.18398148125 0.4011979171875 0.18398148125
1 0.3795833328125 0.18657407343750002 0.3795833328125 0.1609259265625 0.3601041671875 0.1609259265625 0.3601041671875 0.18657407343750002 0.3795833328125 0.18657407343750002
1 0.42213541718750003 0.103240740625 0.42213541718750003 0.07370370312499999 0.37161458281250004 0.07370370312499999 0.37161458281250004 0.103240740625 0.42213541718750003 0.103240740625
1 0.37093750000000003 0.0006481484375 0.37093750000000003 0.025 0.39328124999999997 0.025 0.39328124999999997 0.0006481484375 0.37093750000000003 0.0006481484375
1 0.37453125 0.0365740734375 0.37453125 0.0019444437500000002 0.3571875 0.0019444437500000002 0.3571875 0.0365740734375 0.37453125 0.0365740734375
1 0.5980729171875 0.0019444437500000002 0.5980729171875 0.076296296875 0.6940104171875 0.076296296875 0.6940104171875 0.0019444437500000002 0.5980729171875 0.0019444437500000002
1 0.5980729171875 0.10833333281249999 0.5980729171875 0.1916666671875 0.6766666671875 0.1916666671875 0.6766666671875 0.10833333281249999 0.5980729171875 0.10833333281249999
1 0.6788541671874999 0.0416666671875 0.6788541671874999 0.1583333328125 0.8339062500000001 0.1583333328125 0.8339062500000001 0.0416666671875 0.6788541671874999 0.0416666671875
1 0.8303125 0.004444443750000001 0.8303125 0.1173148140625 0.9997395828125001 0.1173148140625 0.9997395828125001 0.004444443750000001 0.8303125 0.004444443750000001
3 0.5940104171875 0.37759259218749996 0.5940104171875 0.2828703703125 0.5599479171875 0.2828703703125 0.5599479171875 0.37759259218749996 0.5940104171875 0.37759259218749996
3 0.5858333328125 0.5408333328125 0.5858333328125 0.47898148125000006 0.5599479171875 0.47898148125000006 0.5599479171875 0.5408333328125 0.5858333328125 0.5408333328125
3 0.5888020828125 0.5171296296875 0.5888020828125 0.46055555625 0.53625 0.46055555625 0.53625 0.5171296296875 0.5888020828125 0.5171296296875
3 0.5836458328125 0.5025925921875001 0.5836458328125 0.40259259218750004 0.51109375 0.40259259218750004 0.51109375 0.5025925921875001 0.5836458328125 0.5025925921875001
3 0.5621875000000001 0.32898148125 0.5621875000000001 0.2868518515625 0.5288541671875 0.2868518515625 0.5288541671875 0.32898148125 0.5621875000000001 0.32898148125
3 0.5629166671875 0.37101851875 0.5629166671875 0.325 0.5273958328125 0.325 0.5273958328125 0.37101851875 0.5629166671875 0.37101851875
3 0.5258854171875 0.3618518515625 0.5258854171875 0.32898148125 0.49776041718749997 0.32898148125 0.49776041718749997 0.3618518515625 0.5258854171875 0.3618518515625
3 0.5096354171875 0.4828703703125 0.5096354171875 0.4565740734375 0.4985416671875 0.4565740734375 0.4985416671875 0.4828703703125 0.5096354171875 0.4828703703125
3 0.1580729171875 0.39601851875 0.1580729171875 0.355277778125 0.1366145828125 0.355277778125 0.1366145828125 0.39601851875 0.1580729171875 0.39601851875
3 0.47854166718749996 0.348703703125 0.47854166718749996 0.3158333328125 0.4363541671875 0.3158333328125 0.4363541671875 0.348703703125 0.47854166718749996 0.348703703125
1 0.78015625 0.7634259265625001 0.78015625 0.9599074078125 0.9983333328124999 0.9599074078125 0.9983333328124999 0.7634259265625001 0.78015625 0.7634259265625001
1 0.7858333328125 0.6878703703125 0.7858333328125 0.8692592593749999 0.9926562499999999 0.8692592593749999 0.9926562499999999 0.6878703703125 0.7858333328125 0.6878703703125
1 0.8 0.6375 0.8 0.7584259265625 0.9955208328125 0.7584259265625 0.9955208328125 0.6375 0.8 0.6375
3 0.0042708328125 0.4624074078125 0.0042708328125 0.5098148140625 0.029375000000000002 0.5098148140625 0.029375000000000002 0.4624074078125 0.0042708328125 0.4624074078125
3 0.00140625 0.42111111093750003 0.00140625 0.4691666671875 0.028125 0.4691666671875 0.028125 0.42111111093750003 0.00140625 0.42111111093750003
3 0.04875 0.42157407343750003 0.04875 0.46453703749999997 0.055885417187499994 0.46453703749999997 0.055885417187499994 0.42157407343750003 0.04875 0.42157407343750003