1 0.49421875000000004 0.9547916671875001 0.49421875000000004 0.7752083328125 0.1753125 0.7752083328125 0.1753125 0.9547916671875001 0.49421875000000004 0.9547916671875001
1 0.17875000000000002 0.9956250000000001 0.17875000000000002 0.8660416671875 0.003125 0.8660416671875 0.003125 0.9956250000000001 0.17875000000000002 0.9956250000000001
1 0.003125 0.34541666718749997 0.003125 0.5181250000000001 0.21109375 0.5181250000000001 0.21109375 0.34541666718749997 0.003125 0.34541666718749997
1 0.7021875 0.0043749999999999995 0.7021875 0.1452083328125 0.813125 0.1452083328125 0.813125 0.0043749999999999995 0.7021875 0.0043749999999999995
1 0.8045312499999999 0.1135416671875 0.8045312499999999 0.2270833328125 0.8728125 0.2270833328125 0.8728125 0.1135416671875 0.8045312499999999 0.1135416671875
1 0.8590625 0.18625 0.8590625 0.28625 0.91375 0.28625 0.91375 0.18625 0.8590625 0.18625
1 0.9076562499999999 0.2552083328125 0.9076562499999999 0.32458333281249996 0.94203125 0.32458333281249996 0.94203125 0.2552083328125 0.9076562499999999 0.2552083328125
1 0.9360937500000001 0.29625 0.9360937500000001 0.35625 0.9751562500000001 0.35625 0.9751562500000001 0.29625 0.9360937500000001 0.29625
4 0.69609375 0.8352083328125 0.69609375 0.2864583328125 0.43078125 0.2864583328125 0.43078125 0.8352083328125 0.69609375 0.8352083328125
4 0.78078125 0.7827083328125 0.78078125 0.348125 0.6865625 0.348125 0.6865625 0.7827083328125 0.78078125 0.7827083328125
4 0.85671875 0.7558333328125 0.85671875 0.40708333281250003 0.78171875 0.40708333281250003 0.78171875 0.7558333328125 0.85671875 0.7558333328125
4 0.9067187499999999 0.7314583328125 0.9067187499999999 0.43520833281250004 0.8509375 0.43520833281250004 0.8509375 0.7314583328125 0.9067187499999999 0.7314583328125
4 0.94140625 0.7224999999999999 0.94140625 0.4608333328125 0.90390625 0.4608333328125 0.90390625 0.7224999999999999 0.94140625 0.7224999999999999
4 0.9653124999999999 0.6904166671875 0.9653124999999999 0.4839583328125 0.94234375 0.4839583328125 0.94234375 0.6904166671875 0.9653124999999999 0.6904166671875
3 0.37859375 0.4329166671875 0.37859375 0.11708333281250001 0.15859375 0.11708333281250001 0.15859375 0.4329166671875 0.37859375 0.4329166671875
3 0.4728125 0.00125 0.4728125 0.20812499999999998 0.65015625 0.20812499999999998 0.65015625 0.00125 0.4728125 0.00125
3 0.36671875 0.003125 0.36671875 0.08208333281249999 0.495625 0.08208333281249999 0.495625 0.003125 0.36671875 0.003125
3 0.713125 0.23541666718749998 0.713125 0.0489583328125 0.6314062500000001 0.0489583328125 0.6314062500000001 0.23541666718749998 0.713125 0.23541666718749998
3 0.77453125 0.2991666671875 0.77453125 0.144375 0.708125 0.144375 0.708125 0.2991666671875 0.77453125 0.2991666671875
3 0.8087500000000001 0.3195833328125 0.8087500000000001 0.1945833328125 0.7609375 0.1945833328125 0.7609375 0.3195833328125 0.8087500000000001 0.3195833328125
3 0.8448437500000001 0.3635416671875 0.8448437500000001 0.21749999999999997 0.8035937499999999 0.21749999999999997 0.8035937499999999 0.3635416671875 0.8448437500000001 0.3635416671875
3 0.8675 0.3747916671875 0.8675 0.259375 0.83203125 0.259375 0.83203125 0.3747916671875 0.8675 0.3747916671875