1 0.5497395828125 0.10962962968750001 0.5497395828125 0.0326851859375 0.3636979171875 0.0326851859375 0.3636979171875 0.10962962968750001 0.5497395828125 0.10962962968750001
1 0.36515624999999996 0.1365740734375 0.36515624999999996 0.07370370312499999 0.3261979171875 0.07370370312499999 0.3261979171875 0.1365740734375 0.36515624999999996 0.1365740734375
1 0.3226041671875 0.004444443750000001 0.3226041671875 0.053240740625000005 0.359375 0.053240740625000005 0.359375 0.004444443750000001 0.3226041671875 0.004444443750000001
1 0.359375 0.0019444437500000002 0.359375 0.023703703125 0.4105729171875 0.023703703125 0.4105729171875 0.0019444437500000002 0.359375 0.0019444437500000002
1 0.32765625 0.1788888890625 0.32765625 0.12759259218750002 0.2721354171875 0.12759259218750002 0.2721354171875 0.1788888890625 0.32765625 0.1788888890625
1 0.2735416671875 0.146759259375 0.2735416671875 0.11861111093750001 0.2476041671875 0.11861111093750001 0.2476041671875 0.146759259375 0.2735416671875 0.146759259375
1 0.2663541671875 0.20444444375 0.2663541671875 0.162222221875 0.24109375000000002 0.162222221875 0.24109375000000002 0.20444444375 0.2663541671875 0.20444444375
1 0.22526041718749998 0.005740740625 0.22526041718749998 0.0506481484375 0.25265624999999997 0.0506481484375 0.25265624999999997 0.005740740625 0.22526041718749998 0.005740740625
1 0.2309895828125 0.07370370312499999 0.2309895828125 0.027592592187499997 0.21369791718750003 0.027592592187499997 0.21369791718750003 0.07370370312499999 0.2309895828125 0.07370370312499999
1 0.06296874999999999 0.535277778125 0.06296874999999999 0.4686111109375 0.0016666671875 0.4686111109375 0.0016666671875 0.535277778125 0.06296874999999999 0.535277778125
1 0.055781250000000004 0.6224074078124999 0.055781250000000004 0.555740740625 0.0002604171875 0.555740740625 0.0002604171875 0.6224074078124999 0.055781250000000004 0.6224074078124999
2 0.1242708328125 0.4173148140625 0.1242708328125 0.21342592656249998 0.0752604171875 0.21342592656249998 0.0752604171875 0.4173148140625 0.1242708328125 0.4173148140625
2 0.0896875 0.40194444375 0.0896875 0.294259259375 0.06515625 0.294259259375 0.06515625 0.40194444375 0.0896875 0.40194444375
2 0.052864582812500005 0.3903703703125 0.052864582812500005 0.2865740734375 0.0002604171875 0.2865740734375 0.0002604171875 0.3903703703125 0.052864582812500005 0.3903703703125
3 0.9331250000000001 0.751296296875 0.9331250000000001 0.583796296875 0.7727083328125001 0.583796296875 0.7727083328125001 0.751296296875 0.9331250000000001 0.751296296875
3 0.9204687500000001 0.8610185187500001 0.9204687500000001 0.6921296296875 0.77953125 0.6921296296875 0.77953125 0.8610185187500001 0.9204687500000001 0.8610185187500001
3 0.7897916671874999 0.782222221875 0.7897916671874999 0.621759259375 0.7121875 0.621759259375 0.7121875 0.782222221875 0.7897916671874999 0.782222221875
3 0.7415104171875 0.7315740734375 0.7415104171875 0.5936111109375 0.65359375 0.5936111109375 0.65359375 0.7315740734375 0.7415104171875 0.7315740734375
3 0.73515625 0.6161111109374999 0.73515625 0.51055555625 0.5989583328125 0.51055555625 0.5989583328125 0.6161111109374999 0.73515625 0.6161111109374999
3 0.6663020828125 0.69351851875 0.6663020828125 0.5936111109375 0.5958333328125 0.5936111109375 0.5958333328125 0.69351851875 0.6663020828125 0.69351851875
3 0.7644791671875 0.4528703703125 0.7644791671875 0.3571296296875 0.6813020828125 0.3571296296875 0.6813020828125 0.4528703703125 0.7644791671875 0.4528703703125
3 0.70515625 0.355740740625 0.70515625 0.2840740734375 0.5696875 0.2840740734375 0.5696875 0.355740740625 0.70515625 0.355740740625
3 0.688125 0.423703703125 0.688125 0.35148148125 0.5736458328125 0.35148148125 0.5736458328125 0.423703703125 0.688125 0.423703703125
3 0.57203125 0.40703703750000003 0.57203125 0.33601851875 0.5041666671875 0.33601851875 0.5041666671875 0.40703703750000003 0.57203125 0.40703703750000003
3 0.6035416671875 0.6274074078125 0.6035416671875 0.5369444437500001 0.5237499999999999 0.5369444437500001 0.5237499999999999 0.6274074078125 0.6035416671875 0.6274074078125
3 0.5321354171875 0.5908333328125 0.5321354171875 0.51444444375 0.4730729171875 0.51444444375 0.4730729171875 0.5908333328125 0.5321354171875 0.5908333328125
3 0.48765625 0.5575925921875 0.48765625 0.501759259375 0.44296875 0.501759259375 0.44296875 0.5575925921875 0.48765625 0.5575925921875
3 0.4588020828125 0.5400925921875 0.4588020828125 0.47398148124999995 0.4097395828125 0.47398148124999995 0.4097395828125 0.5400925921875 0.4588020828125 0.5400925921875
3 0.46276041718750005 0.492222221875 0.46276041718750005 0.43027777812499995 0.3725 0.43027777812499995 0.3725 0.492222221875 0.46276041718750005 0.492222221875
3 0.4231770828125 0.5288888890625 0.4231770828125 0.48101851875 0.3748958328125 0.48101851875 0.3748958328125 0.5288888890625 0.4231770828125 0.5288888890625
3 0.44692708281250004 0.506296296875 0.44692708281250004 0.40499999999999997 0.36854166718750003 0.40499999999999997 0.36854166718750003 0.506296296875 0.44692708281250004 0.506296296875
3 0.3756770828125 0.49787037031250003 0.3756770828125 0.400740740625 0.3400520828125 0.400740740625 0.3400520828125 0.49787037031250003 0.3756770828125 0.49787037031250003
3 0.50078125 0.39092592656249997 0.50078125 0.26842592656250003 0.3875520828125 0.26842592656250003 0.3875520828125 0.39092592656249997 0.50078125 0.39092592656249997
3 0.4564583328125 0.3866666671875 0.4564583328125 0.34731481406250003 0.4184375 0.34731481406250003 0.4184375 0.3866666671875 0.4564583328125 0.3866666671875
3 0.4849479171875 0.39935185156249997 0.4849479171875 0.34018518593749997 0.45088541718749997 0.34018518593749997 0.45088541718749997 0.39935185156249997 0.4849479171875 0.39935185156249997
3 0.39625 0.30361111093750004 0.39625 0.2740740734375 0.37093750000000003 0.2740740734375 0.37093750000000003 0.30361111093750004 0.39625 0.30361111093750004
3 0.39546875 0.33314814843749996 0.39546875 0.30361111093750004 0.37093750000000003 0.30361111093750004 0.37093750000000003 0.33314814843749996 0.39546875 0.33314814843749996
3 0.39468749999999997 0.378240740625 0.39468749999999997 0.3346296296875 0.3725 0.3346296296875 0.3725 0.378240740625 0.39468749999999997 0.378240740625
3 0.5821354171875 0.1951851859375 0.5821354171875 0.12101851875 0.5211979171875 0.12101851875 0.5211979171875 0.1951851859375 0.5821354171875 0.1951851859375
3 0.35750000000000004 0.35851851875 0.35750000000000004 0.3275925921875 0.3178645828125 0.3275925921875 0.3178645828125 0.35851851875 0.35750000000000004 0.35851851875
3 0.3416145828125 0.4359259265625 0.3416145828125 0.4091666671875 0.3218229171875 0.4091666671875 0.3218229171875 0.4359259265625 0.3416145828125 0.4359259265625
3 0.3424479171875 0.47259259218749994 0.3424479171875 0.4401851859375 0.3202604171875 0.4401851859375 0.3202604171875 0.47259259218749994 0.3424479171875 0.47259259218749994
3 0.3178645828125 0.4359259265625 0.3178645828125 0.40499999999999997 0.3036458328125 0.40499999999999997 0.3036458328125 0.4359259265625 0.3178645828125 0.4359259265625
3 0.3178645828125 0.4640740734375 0.3178645828125 0.4359259265625 0.31078125 0.4359259265625 0.31078125 0.4640740734375 0.3178645828125 0.4640740734375
3 0.32265625 0.32898148125 0.32265625 0.293796296875 0.3036458328125 0.293796296875 0.3036458328125 0.32898148125 0.32265625 0.32898148125
3 0.325 0.3613888890625 0.325 0.3346296296875 0.30125 0.3346296296875 0.30125 0.3613888890625 0.325 0.3613888890625
3 0.30994791718750003 0.3599074078125 0.30994791718750003 0.29240740781249996 0.2806770828125 0.29240740781249996 0.2806770828125 0.3599074078125 0.30994791718750003 0.3599074078125
3 0.30046875 0.447222221875 0.30046875 0.4148148140625 0.2854166671875 0.4148148140625 0.2854166671875 0.447222221875 0.30046875 0.447222221875
3 0.31390625 0.469722221875 0.31390625 0.4359259265625 0.30203125000000003 0.4359259265625 0.30203125000000003 0.469722221875 0.31390625 0.469722221875