1 0.8915625 0.5814583328125 0.8915625 0.47854166718749996 0.464375 0.47854166718749996 0.464375 0.5814583328125 0.8915625 0.5814583328125
1 0.4653125 0.5241666671874999 0.4653125 0.46291666718749996 0.42234375 0.46291666718749996 0.42234375 0.5241666671874999 0.4653125 0.5241666671874999
1 0.42421875 0.49291666718749994 0.42421875 0.44729166718749996 0.3890625 0.44729166718749996 0.3890625 0.49291666718749994 0.42421875 0.49291666718749994
1 0.74390625 0.08875 0.74390625 0.0222916671875 0.65890625 0.0222916671875 0.65890625 0.08875 0.74390625 0.08875
1 0.23156249999999998 0.0725 0.23156249999999998 0.053125 0.1678125 0.053125 0.1678125 0.0725 0.23156249999999998 0.0725
1 0.30015625 0.0754166671875 0.30015625 0.055833332812500004 0.23546874999999998 0.055833332812500004 0.23546874999999998 0.0754166671875 0.30015625 0.0754166671875
1 0.23296875 0.1066666671875 0.23296875 0.0910416671875 0.165625 0.0910416671875 0.165625 0.1066666671875 0.23296875 0.1066666671875
1 0.29984375 0.11041666718750001 0.29984375 0.093125 0.23546874999999998 0.093125 0.23546874999999998 0.11041666718750001 0.29984375 0.11041666718750001
1 0.29765625 0.18020833281249998 0.29765625 0.16375 0.23625 0.16375 0.23625 0.18020833281249998 0.29765625 0.18020833281249998
1 0.3625 0.1847916671875 0.3625 0.1677083328125 0.30093749999999997 0.1677083328125 0.30093749999999997 0.1847916671875 0.3625 0.1847916671875
1 0.3609375 0.21833333281249998 0.3609375 0.20166666718749998 0.29953124999999997 0.20166666718749998 0.29953124999999997 0.21833333281249998 0.3609375 0.21833333281249998
1 0.36124999999999996 0.2479166671875 0.36124999999999996 0.2335416671875 0.30062500000000003 0.2335416671875 0.30062500000000003 0.2479166671875 0.36124999999999996 0.2479166671875
1 0.29796875 0.2164583328125 0.29796875 0.1983333328125 0.23546874999999998 0.1983333328125 0.23546874999999998 0.2164583328125 0.29796875 0.2164583328125
1 0.2984375 0.24854166718749998 0.2984375 0.2335416671875 0.23546874999999998 0.2335416671875 0.23546874999999998 0.24854166718749998 0.2984375 0.24854166718749998
1 0.23453125 0.215 0.23453125 0.1977083328125 0.1690625 0.1977083328125 0.1690625 0.215 0.23453125 0.215
1 0.2340625 0.248125 0.2340625 0.230625 0.16999999999999998 0.230625 0.16999999999999998 0.248125 0.2340625 0.248125
1 0.29625 0.3433333328125 0.29625 0.3279166671875 0.23453125 0.3279166671875 0.23453125 0.3433333328125 0.29625 0.3433333328125
1 0.29953124999999997 0.375625 0.29953124999999997 0.3620833328125 0.23515625 0.3620833328125 0.23515625 0.375625 0.29953124999999997 0.375625
1 0.23265625 0.3435416671875 0.23265625 0.3283333328125 0.17234375 0.3283333328125 0.17234375 0.3435416671875 0.23265625 0.3435416671875
1 0.23453125 0.37666666718749997 0.23453125 0.361875 0.17484375000000002 0.361875 0.17484375000000002 0.37666666718749997 0.23453125 0.37666666718749997
1 0.6420312499999999 0.076875 0.6420312499999999 0.059791667187499994 0.46390624999999996 0.059791667187499994 0.46390624999999996 0.076875 0.6420312499999999 0.076875
1 0.6396875 0.121875 0.6396875 0.076875 0.46390624999999996 0.076875 0.46390624999999996 0.121875 0.6396875 0.121875
1 0.6396875 0.1497916671875 0.6396875 0.121875 0.4615625 0.121875 0.4615625 0.1497916671875 0.6396875 0.1497916671875
1 0.6420312499999999 0.1964583328125 0.6420312499999999 0.1497916671875 0.4615625 0.1497916671875 0.4615625 0.1964583328125 0.6420312499999999 0.1964583328125
1 0.6420312499999999 0.2289583328125 0.6420312499999999 0.1964583328125 0.465 0.1964583328125 0.465 0.2289583328125 0.6420312499999999 0.2289583328125