2 0.9990625 0.9970833328125 0.9990625 0.6460416671875 0.7564062500000001 0.6460416671875 0.7564062500000001 0.9970833328125 0.9990625 0.9970833328125
2 0.3559375 0.8170833328124999 0.3559375 0.6168750000000001 0.27703125 0.6168750000000001 0.27703125 0.8170833328124999 0.3559375 0.8170833328124999
2 0.9042187500000001 0.9222916671875 0.9042187500000001 0.5914583328125 0.8026562500000001 0.5914583328125 0.8026562500000001 0.9222916671875 0.9042187500000001 0.9222916671875
1 0.22625 0.6864583328125 0.22625 0.659375 0.12078124999999999 0.659375 0.12078124999999999 0.6864583328125 0.22625 0.6864583328125
1 0.13234375 0.6993750000000001 0.13234375 0.7277083328125 0.22421875 0.7277083328125 0.22421875 0.6993750000000001 0.13234375 0.6993750000000001
1 0.15265625 0.740625 0.15265625 0.7689583328125 0.22328125000000001 0.7689583328125 0.22328125000000001 0.740625 0.15265625 0.740625
1 0.22234375 0.7625 0.22234375 0.7985416671875 0.29109375000000004 0.7985416671875 0.29109375000000004 0.7625 0.22234375 0.7625
1 0.2165625 0.7172916671875 0.2165625 0.7470833328125 0.288125 0.7470833328125 0.288125 0.7172916671875 0.2165625 0.7172916671875
1 0.28625 0.701875 0.28625 0.6670833328125 0.22046875 0.6670833328125 0.22046875 0.701875 0.28625 0.701875
1 0.5154687499999999 0.8270833328125 0.5154687499999999 0.7729166671875001 0.37234375000000003 0.7729166671875001 0.37234375000000003 0.8270833328125 0.5154687499999999 0.8270833328125
1 0.20875 0.4904166671875 0.20875 0.5147916671874999 0.26484375 0.5147916671874999 0.26484375 0.4904166671875 0.20875 0.4904166671875
1 0.21453125 0.4658333328125 0.21453125 0.4877083328125 0.2659375 0.4877083328125 0.2659375 0.4658333328125 0.21453125 0.4658333328125
2 0.11734375 0.701875 0.11734375 0.7672916671875 0.15484375 0.7672916671875 0.15484375 0.701875 0.11734375 0.701875
4 0.9365625 0.6672916671875 0.9365625 0.39416666718750004 0.7721875 0.39416666718750004 0.7721875 0.6672916671875 0.9365625 0.6672916671875
4 0.9528125 0.9135416671875 0.9528125 0.6583333328125 0.7692187500000001 0.6583333328125 0.7692187500000001 0.9135416671875 0.9528125 0.9135416671875
4 0.68359375 0.748125 0.68359375 0.8454166671875001 0.76640625 0.8454166671875001 0.76640625 0.748125 0.68359375 0.748125
4 0.6798437500000001 0.6620833328125 0.6798437500000001 0.7429166671874999 0.7759375000000001 0.7429166671874999 0.7759375000000001 0.6620833328125 0.6798437500000001 0.6620833328125
4 0.6846875 0.57875 0.6846875 0.6558333328125 0.7759375000000001 0.6558333328125 0.7759375000000001 0.57875 0.6846875 0.57875
4 0.65 0.4891666671875 0.65 0.5775 0.7740625 0.5775 0.7740625 0.4891666671875 0.65 0.4891666671875
4 0.64609375 0.4058333328125 0.64609375 0.4904166671875 0.7692187500000001 0.4904166671875 0.7692187500000001 0.4058333328125 0.64609375 0.4058333328125
4 0.64140625 0.32125 0.64140625 0.40458333281250003 0.77015625 0.40458333281250003 0.77015625 0.32125 0.64140625 0.32125
4 0.9701562499999999 0.5416666671875 0.9701562499999999 0.41604166718749996 0.9134375 0.41604166718749996 0.9134375 0.5416666671875 0.9701562499999999 0.5416666671875
4 0.9759375 0.6327083328125 0.9759375 0.52125 0.91734375 0.52125 0.91734375 0.6327083328125 0.9759375 0.6327083328125
4 0.99609375 0.7302083328125 0.99609375 0.62375 0.9615625 0.62375 0.9615625 0.7302083328125 0.99609375 0.7302083328125