1 0.24109375000000002 0.415625 0.24109375000000002 0.375 0.17609375 0.375 0.17609375 0.415625 0.24109375000000002 0.415625
1 0.32078125 0.4166666671875 0.32078125 0.3958333328125 0.24109375000000002 0.3958333328125 0.24109375000000002 0.4166666671875 0.32078125 0.4166666671875
1 0.32 0.45625 0.32 0.4222916671875 0.24109375000000002 0.4222916671875 0.24109375000000002 0.45625 0.32 0.45625
1 0.244375 0.45729166718750003 0.244375 0.43208333281250005 0.17609375 0.43208333281250005 0.17609375 0.45729166718750003 0.244375 0.45729166718750003
1 0.255 0.27208333281249997 0.255 0.2425 0.1834375 0.2425 0.1834375 0.27208333281249997 0.255 0.27208333281249997
1 0.25015624999999997 0.308125 0.25015624999999997 0.2708333328125 0.181875 0.2708333328125 0.181875 0.308125 0.25015624999999997 0.308125
1 0.32984375 0.27208333281249997 0.32984375 0.24020833281249998 0.25828125 0.24020833281249998 0.25828125 0.27208333281249997 0.32984375 0.27208333281249997
1 0.32984375 0.22916666718749998 0.32984375 0.19958333281250001 0.25671875 0.19958333281250001 0.25671875 0.22916666718749998 0.32984375 0.22916666718749998
1 0.40546875 0.22916666718749998 0.40546875 0.20625 0.335625 0.20625 0.335625 0.22916666718749998 0.40546875 0.22916666718749998
1 0.40390625 0.2633333328125 0.40390625 0.238125 0.3315625 0.238125 0.3315625 0.2633333328125 0.40390625 0.2633333328125
1 0.40140624999999996 0.30604166718750003 0.40140624999999996 0.281875 0.3290625 0.281875 0.3290625 0.30604166718750003 0.40140624999999996 0.30604166718750003
1 0.325 0.30375 0.325 0.2808333328125 0.26 0.2808333328125 0.26 0.30375 0.325 0.30375
1 0.47781250000000003 0.308125 0.47781250000000003 0.2785416671875 0.4021875 0.2785416671875 0.4021875 0.308125 0.47781250000000003 0.308125
1 0.70515625 0.60875 0.70515625 0.49812500000000004 0.50625 0.49812500000000004 0.50625 0.60875 0.70515625 0.60875
1 0.6057812499999999 0.8391666671875001 0.6057812499999999 0.6702083328125 0.48734374999999996 0.6702083328125 0.48734374999999996 0.8391666671875001 0.6057812499999999 0.8391666671875001
1 0.49796874999999996 0.6766666671875 0.49796874999999996 0.5991666671875 0.43765625 0.5991666671875 0.43765625 0.6766666671875 0.49796874999999996 0.6766666671875
1 0.58328125 0.06875 0.58328125 0.030833332812499996 0.49921875 0.030833332812499996 0.49921875 0.06875 0.58328125 0.06875
1 0.26937500000000003 0.108125 0.26937500000000003 0.0891666671875 0.20078125 0.0891666671875 0.20078125 0.108125 0.26937500000000003 0.108125
1 0.34171874999999996 0.1066666671875 0.34171874999999996 0.0860416671875 0.27296875 0.0860416671875 0.27296875 0.1066666671875 0.34171874999999996 0.1066666671875
1 0.3428125 0.1460416671875 0.3428125 0.1270833328125 0.26703125 0.1270833328125 0.26703125 0.1460416671875 0.3428125 0.1460416671875
1 0.2634375 0.1525 0.2634375 0.13187500000000002 0.20437500000000003 0.13187500000000002 0.20437500000000003 0.1525 0.2634375 0.1525
1 0.8909375 0.9935416671875 0.8909375 0.7993750000000001 0.67921875 0.7993750000000001 0.67921875 0.9935416671875 0.8909375 0.9935416671875
1 0.946875 0.983125 0.946875 0.714375 0.67359375 0.714375 0.67359375 0.983125 0.946875 0.983125
1 0.9839062500000001 0.8949999999999999 0.9839062500000001 0.6216666671875 0.69375 0.6216666671875 0.69375 0.8949999999999999 0.9839062500000001 0.8949999999999999
1 0.9928125 0.78 0.9928125 0.5170833328125 0.7095312500000001 0.5170833328125 0.7095312500000001 0.78 0.9928125 0.78
1 0.9917187500000001 0.6097916671875 0.9917187500000001 0.40812499999999996 0.705 0.40812499999999996 0.705 0.6097916671875 0.9917187500000001 0.6097916671875
1 0.990625 0.465 0.990625 0.29625 0.70609375 0.29625 0.70609375 0.465 0.990625 0.465
1 0.9962500000000001 0.3020833328125 0.9962500000000001 0.15875 0.7095312500000001 0.15875 0.7095312500000001 0.3020833328125 0.9962500000000001 0.3020833328125
1 0.9949999999999999 0.1647916671875 0.9949999999999999 0.016875 0.71171875 0.016875 0.71171875 0.1647916671875 0.9949999999999999 0.1647916671875
1 0.4575 0.42604166718750003 0.4575 0.4722916671875 0.516875 0.4722916671875 0.516875 0.42604166718750003 0.4575 0.42604166718750003