1 0.1375 0.0045833328125 0.1375 0.0685416671875 0.31828124999999996 0.0685416671875 0.31828124999999996 0.0045833328125 0.1375 0.0045833328125
1 0.17015625 0.0302083328125 0.17015625 0.1660416671875 0.42781250000000004 0.1660416671875 0.42781250000000004 0.0302083328125 0.17015625 0.0302083328125
1 0.25968749999999996 0.08395833281250001 0.25968749999999996 0.2070833328125 0.53171875 0.2070833328125 0.53171875 0.08395833281250001 0.25968749999999996 0.08395833281250001
1 0.3903125 0.1314583328125 0.3903125 0.21354166718749998 0.59609375 0.21354166718749998 0.59609375 0.1314583328125 0.3903125 0.1314583328125
1 0.59328125 0.1275 0.59328125 0.18145833281249998 0.6346875 0.18145833281249998 0.6346875 0.1275 0.59328125 0.1275
1 0.6326562499999999 0.1620833328125 0.6326562499999999 0.1954166671875 0.66921875 0.1954166671875 0.66921875 0.1620833328125 0.6326562499999999 0.1620833328125
1 0.5875 0.18395833281250001 0.5875 0.2364583328125 0.63359375 0.2364583328125 0.63359375 0.18395833281250001 0.5875 0.18395833281250001
1 0.61828125 0.2108333328125 0.61828125 0.2545833328125 0.66734375 0.2545833328125 0.66734375 0.2108333328125 0.61828125 0.2108333328125
1 0.6653125 0.225 0.6653125 0.2570833328125 0.69421875 0.2570833328125 0.69421875 0.225 0.6653125 0.225
1 0.691875 0.24625 0.691875 0.28125 0.70921875 0.28125 0.70921875 0.24625 0.691875 0.24625
1 0.7053125 0.254375 0.7053125 0.29 0.7275 0.29 0.7275 0.254375 0.7053125 0.254375
1 0.5470312500000001 0.0385416671875 0.5470312500000001 0.0985416671875 0.66125 0.0985416671875 0.66125 0.0385416671875 0.5470312500000001 0.0385416671875
1 0.65328125 0.06979166718749999 0.65328125 0.12437499999999999 0.6950000000000001 0.12437499999999999 0.6950000000000001 0.06979166718749999 0.65328125 0.06979166718749999
3 0.7034374999999999 0.5245833328125 0.7034374999999999 0.4579166671875 0.64609375 0.4579166671875 0.64609375 0.5245833328125 0.7034374999999999 0.5245833328125
3 0.60265625 0.5170833328125 0.60265625 0.4302083328125 0.52171875 0.4302083328125 0.52171875 0.5170833328125 0.60265625 0.5170833328125
3 0.5454687500000001 0.48687500000000006 0.5454687500000001 0.45395833281250003 0.48421875 0.45395833281250003 0.48421875 0.48687500000000006 0.5454687500000001 0.48687500000000006
3 0.5503125 0.5052083328125 0.5503125 0.48687500000000006 0.48328125 0.48687500000000006 0.48328125 0.5052083328125 0.5503125 0.5052083328125
3 0.5503125 0.5341666671875 0.5503125 0.5052083328125 0.5157812500000001 0.5052083328125 0.5157812500000001 0.5341666671875 0.5503125 0.5341666671875
3 0.50296875 0.5460416671874999 0.50296875 0.49729166718749995 0.44578125 0.49729166718749995 0.44578125 0.5460416671874999 0.50296875 0.5460416671874999
3 0.46546875 0.5683333328125 0.46546875 0.4947916671875 0.33515625 0.4947916671875 0.33515625 0.5683333328125 0.46546875 0.5683333328125
3 0.33421875 0.6170833328125 0.33421875 0.514375 0.18031250000000001 0.514375 0.18031250000000001 0.6170833328125 0.33421875 0.6170833328125
3 0.094375 0.6183333328125 0.094375 0.5066666671875 0.0017187500000000002 0.5066666671875 0.0017187500000000002 0.6183333328125 0.094375 0.6183333328125
3 0.09828125 0.7039583328125001 0.09828125 0.6039583328125 0.0026562499999999998 0.6039583328125 0.0026562499999999998 0.7039583328125001 0.09828125 0.7039583328125001
3 0.205 0.4329166671875 0.205 0.36312500000000003 0.1053125 0.36312500000000003 0.1053125 0.4329166671875 0.205 0.4329166671875
3 0.27 0.42895833281250006 0.27 0.3539583328125 0.193125 0.3539583328125 0.193125 0.42895833281250006 0.27 0.42895833281250006
3 0.32921875 0.36833333281249997 0.32921875 0.311875 0.20984375000000002 0.311875 0.20984375000000002 0.36833333281249997 0.32921875 0.36833333281249997
3 0.32828124999999997 0.4170833328125 0.32828124999999997 0.36833333281249997 0.27203125 0.36833333281249997 0.27203125 0.4170833328125 0.32828124999999997 0.4170833328125
3 0.36078125 0.3710416671875 0.36078125 0.3183333328125 0.32328125 0.3183333328125 0.32328125 0.3710416671875 0.36078125 0.3710416671875
3 0.36078125 0.4183333328125 0.36078125 0.3710416671875 0.32328125 0.3710416671875 0.32328125 0.4183333328125 0.36078125 0.4183333328125
3 0.40531249999999996 0.3710416671875 0.40531249999999996 0.32375 0.36375 0.32375 0.36375 0.3710416671875 0.40531249999999996 0.3710416671875
3 0.40531249999999996 0.42104166718749997 0.40531249999999996 0.3710416671875 0.361875 0.3710416671875 0.361875 0.42104166718749997 0.40531249999999996 0.42104166718749997
3 0.44078125 0.37374999999999997 0.44078125 0.32625000000000004 0.40421874999999996 0.32625000000000004 0.40421874999999996 0.37374999999999997 0.44078125 0.37374999999999997
3 0.43984375 0.4183333328125 0.43984375 0.37374999999999997 0.40531249999999996 0.37374999999999997 0.40531249999999996 0.4183333328125 0.43984375 0.4183333328125
3 0.47828125000000005 0.414375 0.47828125000000005 0.339375 0.43984375 0.339375 0.43984375 0.414375 0.47828125000000005 0.414375
3 0.50390625 0.414375 0.50390625 0.38687499999999997 0.4684375 0.38687499999999997 0.4684375 0.414375 0.50390625 0.414375
3 0.575 0.4066666671875 0.575 0.3710416671875 0.49703125000000004 0.3710416671875 0.49703125000000004 0.4066666671875 0.575 0.4066666671875
3 0.61546875 0.414375 0.61546875 0.37625000000000003 0.57890625 0.37625000000000003 0.57890625 0.414375 0.61546875 0.414375
3 0.6371875 0.40395833281250004 0.6371875 0.375 0.61546875 0.375 0.61546875 0.40395833281250004 0.6371875 0.40395833281250004
3 0.6559375000000001 0.37374999999999997 0.6559375000000001 0.35 0.619375 0.35 0.619375 0.37374999999999997 0.6559375000000001 0.37374999999999997
3 0.6559375000000001 0.3908333328125 0.6559375000000001 0.375 0.64015625 0.375 0.64015625 0.3908333328125 0.6559375000000001 0.3908333328125
3 0.62046875 0.4408333328125 0.59578125 0.4408333328125 0.59578125 0.5079166671875 0.62046875 0.5079166671875 0.62046875 0.45201388906249995 0.6509375000000001 0.40791666718749997 0.6509375000000001 0.38937499999999997 0.6392187500000001 0.38937499999999997 0.63546875 0.3996666671875 0.6392187500000001 0.40791666718749997 0.63171875 0.4099583328125 0.62046875 0.4408333328125
3 0.63515625 0.50125 0.63515625 0.47104166718749996 0.61640625 0.47104166718749996 0.61640625 0.50125 0.63515625 0.50125
3 0.5109375 0.0889583328125 0.5109375 0.06687499999999999 0.47546875 0.06687499999999999 0.47546875 0.0889583328125 0.5109375 0.0889583328125
3 0.5109375 0.1079166671875 0.5109375 0.0889583328125 0.4765625 0.0889583328125 0.4765625 0.1079166671875 0.5109375 0.1079166671875
3 0.56921875 0.08979166718750001 0.56921875 0.06 0.5109375 0.06 0.5109375 0.08979166718750001 0.56921875 0.08979166718750001
3 0.56921875 0.1027083328125 0.56921875 0.0791666671875 0.51953125 0.0791666671875 0.51953125 0.1027083328125 0.56921875 0.1027083328125
3 0.56921875 0.12395833281249999 0.56921875 0.0972916671875 0.52625 0.0972916671875 0.52625 0.12395833281249999 0.56921875 0.12395833281249999
3 0.5696875 0.15375 0.5696875 0.11937500000000001 0.520625 0.11937500000000001 0.520625 0.15375 0.5696875 0.15375
3 0.41453125 0.06937499999999999 0.41453125 0.0129166671875 0.3228125 0.0129166671875 0.3228125 0.06937499999999999 0.41453125 0.06937499999999999