1 0.9620312500000001 0.35944444375 0.9620312500000001 0.26277777812499997 0.8522916671875 0.26277777812499997 0.8522916671875 0.35944444375 0.9620312500000001 0.35944444375
1 0.9961458328124999 0.3404629625 0.9961458328124999 0.2513888890625 0.9460416671875 0.2513888890625 0.9460416671875 0.3404629625 0.9961458328124999 0.3404629625
1 0.999375 0.183240740625 0.999375 0.0941666671875 0.9471354171874999 0.0941666671875 0.9471354171874999 0.183240740625 0.999375 0.183240740625
1 0.99828125 0.5508333328125 0.99828125 0.4768518515625 0.9673958328125 0.4768518515625 0.9673958328125 0.5508333328125 0.99828125 0.5508333328125
1 0.9961458328124999 0.685277778125 0.9961458328124999 0.605740740625 0.963125 0.605740740625 0.963125 0.685277778125 0.9961458328124999 0.685277778125
1 0.9961458328124999 0.903240740625 0.9961458328124999 0.821759259375 0.9609895828124999 0.821759259375 0.9609895828124999 0.903240740625 0.9961458328124999 0.903240740625
1 0.963125 0.8577777781249999 0.963125 0.7421296296875 0.8693229171875 0.7421296296875 0.8693229171875 0.8577777781249999 0.963125 0.8577777781249999
1 0.8584895828124999 0.379259259375 0.8584895828124999 0.293703703125 0.7955729171875 0.293703703125 0.7955729171875 0.379259259375 0.8584895828124999 0.379259259375
1 0.8347916671875 0.23055555625 0.8347916671875 0.168703703125 0.74375 0.168703703125 0.74375 0.23055555625 0.8347916671875 0.23055555625
1 0.7992708328125 0.3148148140625 0.7992708328125 0.2476851859375 0.7496875000000001 0.2476851859375 0.7496875000000001 0.3148148140625 0.7992708328125 0.3148148140625
1 0.7992708328125 0.3845370375 0.7992708328125 0.33055555625 0.75265625 0.33055555625 0.75265625 0.3845370375 0.7992708328125 0.3845370375
1 0.7504166671875 0.32527777812499997 0.7504166671875 0.275277778125 0.7185937499999999 0.275277778125 0.7185937499999999 0.32527777812499997 0.7504166671875 0.32527777812499997
1 0.7548958328125 0.258240740625 0.7548958328125 0.20824074062500003 0.7141666671875 0.20824074062500003 0.7141666671875 0.258240740625 0.7548958328125 0.258240740625
1 0.7548958328125 0.3976851859375 0.7548958328125 0.350277778125 0.7230208328125001 0.350277778125 0.7230208328125001 0.3976851859375 0.7548958328125 0.3976851859375
1 0.7201041671875 0.33851851875 0.7201041671875 0.29111111093750003 0.6860416671875 0.29111111093750003 0.6860416671875 0.33851851875 0.7201041671875 0.33851851875
1 0.7222916671874999 0.404259259375 0.7222916671874999 0.3568518515625 0.6934375 0.3568518515625 0.6934375 0.404259259375 0.7222916671874999 0.404259259375
1 0.7045312499999999 0.30555555624999997 0.7045312499999999 0.27138888906249997 0.6660416671875 0.27138888906249997 0.6660416671875 0.30555555624999997 0.7045312499999999 0.30555555624999997
1 0.69640625 0.35555555625 0.69640625 0.3226851859375 0.6667708328125 0.3226851859375 0.6667708328125 0.35555555625 0.69640625 0.35555555625
1 0.6934375 0.4029629625 0.6934375 0.37527777812499996 0.67125 0.37527777812499996 0.67125 0.4029629625 0.6934375 0.4029629625
1 0.6697395828125 0.4148148140625 0.6697395828125 0.3845370375 0.6564583328125 0.3845370375 0.6564583328125 0.4148148140625 0.6697395828125 0.4148148140625
1 0.65421875 0.4200925921875 0.65421875 0.3898148140625 0.6371875 0.3898148140625 0.6371875 0.4200925921875 0.65421875 0.4200925921875
1 0.6638541671875 0.3726851859375 0.6638541671875 0.33851851875 0.6527083328125001 0.33851851875 0.6527083328125001 0.3726851859375 0.6638541671875 0.3726851859375
1 0.6519791671874999 0.37527777812499996 0.6519791671874999 0.3450925921875 0.6416145828125 0.3450925921875 0.6416145828125 0.37527777812499996 0.6519791671874999 0.37527777812499996
1 0.6734375 0.3279629625 0.6734375 0.2976851859375 0.6342187499999999 0.2976851859375 0.6342187499999999 0.3279629625 0.6734375 0.3279629625
1 0.7141666671875 0.0726851859375 0.7141666671875 0.1463888890625 0.7852083328125 0.1463888890625 0.7852083328125 0.0726851859375 0.7141666671875 0.0726851859375
1 0.7223958328125 0.1124074078125 0.7223958328125 0.0574074078125 0.6840104171875 0.0574074078125 0.6840104171875 0.1124074078125 0.7223958328125 0.1124074078125
1 0.7223958328125 0.186296296875 0.7223958328125 0.1124074078125 0.6872395828125 0.1124074078125 0.6872395828125 0.186296296875 0.7223958328125 0.186296296875
1 0.6684895828124999 0.24490740781250003 0.6684895828124999 0.1975925921875 0.65 0.1975925921875 0.65 0.24490740781250003 0.6684895828124999 0.24490740781250003
1 0.6536979171875 0.25944444375 0.6536979171875 0.21601851875000003 0.6381770828125 0.21601851875000003 0.6381770828125 0.25944444375 0.6536979171875 0.25944444375
1 0.6596354171875001 0.20944444375 0.6596354171875001 0.171296296875 0.6366666671875 0.171296296875 0.6366666671875 0.20944444375 0.6596354171875001 0.20944444375
1 0.6359375 0.27648148125 0.6359375 0.22648148125 0.6130208328125 0.22648148125 0.6130208328125 0.27648148125 0.6359375 0.27648148125
1 0.6196875000000001 0.25944444375 0.6196875000000001 0.221296296875 0.5922916671875 0.221296296875 0.5922916671875 0.25944444375 0.6196875000000001 0.25944444375
1 0.6181770828125 0.2923148140625 0.6181770828125 0.2501851859375 0.59671875 0.2501851859375 0.59671875 0.2923148140625 0.6181770828125 0.2923148140625
1 0.63890625 0.34314814843749997 0.63890625 0.314722221875 0.61421875 0.314722221875 0.61421875 0.34314814843749997 0.63890625 0.34314814843749997
1 0.61609375 0.3453703703125 0.61609375 0.3256481484375 0.6013020828125 0.3256481484375 0.6013020828125 0.3453703703125 0.61609375 0.3453703703125
1 0.6407812500000001 0.383796296875 0.6407812500000001 0.35194444375 0.61546875 0.35194444375 0.61546875 0.383796296875 0.6407812500000001 0.383796296875
1 0.61671875 0.3815740734375 0.61671875 0.3563888890625 0.6019270828125001 0.3563888890625 0.6019270828125001 0.3815740734375 0.61671875 0.3815740734375
1 0.64015625 0.411203703125 0.64015625 0.383796296875 0.6179166671874999 0.383796296875 0.6179166671874999 0.411203703125 0.64015625 0.411203703125
1 0.6191666671875 0.4199074078125 0.6191666671875 0.3958333328125 0.6000520828125 0.3958333328125 0.6000520828125 0.4199074078125 0.6191666671875 0.4199074078125
1 0.7277083328125 0.4791666671875 0.7277083328125 0.4561111109375 0.6358333328125 0.4561111109375 0.6358333328125 0.4791666671875 0.7277083328125 0.4791666671875
1 0.45765625 0.5522222218749999 0.45765625 0.5316666671875 0.38927083281249997 0.5316666671875 0.38927083281249997 0.5522222218749999 0.45765625 0.5522222218749999
1 0.4496354171875 0.5996296296875 0.4496354171875 0.5648148140625 0.3928125 0.5648148140625 0.3928125 0.5996296296875 0.4496354171875 0.5996296296875
1 0.08484375 0.263703703125 0.08484375 0.17046296249999998 0.0016666671875 0.17046296249999998 0.0016666671875 0.263703703125 0.08484375 0.263703703125
1 0.0899479171875 0.33638888906250003 0.0899479171875 0.263703703125 0.0042708328125 0.263703703125 0.0042708328125 0.33638888906250003 0.0899479171875 0.33638888906250003
1 0.1613541671875 0.3675 0.1613541671875 0.2613888890625 0.0803645828125 0.2613888890625 0.0803645828125 0.3675 0.1613541671875 0.3675
1 0.21890625 0.3788888890625 0.21890625 0.308796296875 0.165625 0.308796296875 0.165625 0.3788888890625 0.21890625 0.3788888890625
1 0.2753645828125 0.3125925921875 0.2753645828125 0.24814814843750002 0.1858333328125 0.24814814843750002 0.1858333328125 0.3125925921875 0.2753645828125 0.3125925921875
1 0.26687500000000003 0.39027777812500003 0.26687500000000003 0.33342592656250003 0.21781250000000002 0.33342592656250003 0.21781250000000002 0.39027777812500003 0.26687500000000003 0.39027777812500003
1 0.2952604171875 0.39962962968750004 0.2952604171875 0.3448148140625 0.2631770828125 0.3448148140625 0.2631770828125 0.39962962968750004 0.2952604171875 0.39962962968750004
1 0.315 0.33712962968750004 0.315 0.2999074078125 0.27796875 0.2999074078125 0.27796875 0.33712962968750004 0.315 0.33712962968750004
1 0.31437499999999996 0.400740740625 0.31437499999999996 0.3634259265625 0.2878645828125 0.3634259265625 0.2878645828125 0.400740740625 0.31437499999999996 0.400740740625
1 0.3421354171875 0.4095370375 0.3421354171875 0.37555555625000003 0.315 0.37555555625000003 0.315 0.4095370375 0.3421354171875 0.4095370375
1 0.34151041718749997 0.5268518515625 0.34151041718749997 0.49833333281250003 0.3168229171875 0.49833333281250003 0.3168229171875 0.5268518515625 0.34151041718749997 0.5268518515625
1 0.3692708328125 0.520277778125 0.3692708328125 0.49398148124999997 0.33968750000000003 0.49398148124999997 0.33968750000000003 0.520277778125 0.3692708328125 0.520277778125
1 0.3686458328125 0.5893518515625 0.3686458328125 0.5553703703124999 0.3575520828125 0.5553703703124999 0.3575520828125 0.5893518515625 0.3686458328125 0.5893518515625
1 0.3569270828125 0.604722221875 0.3569270828125 0.5651851859375 0.3421354171875 0.5651851859375 0.3421354171875 0.604722221875 0.3569270828125 0.604722221875
1 0.3408854171875 0.61898148125 0.3408854171875 0.5739814812499999 0.3230208328125 0.5739814812499999 0.3230208328125 0.61898148125 0.3408854171875 0.61898148125
1 0.31807291718749997 0.58601851875 0.31807291718749997 0.5411111109375 0.3002083328125 0.5411111109375 0.3002083328125 0.58601851875 0.31807291718749997 0.58601851875
1 0.2952604171875 0.5981481484375 0.2952604171875 0.5443518515625 0.2705729171875 0.5443518515625 0.2705729171875 0.5981481484375 0.2952604171875 0.5981481484375
1 0.268125 0.6211111109375 0.268125 0.5739814812499999 0.22369791718749998 0.5739814812499999 0.22369791718749998 0.6211111109375 0.268125 0.6211111109375
1 0.29651041718750004 0.531203703125 0.29651041718750004 0.479722221875 0.21937500000000001 0.479722221875 0.21937500000000001 0.531203703125 0.29651041718750004 0.531203703125
1 0.30140625 0.6726851859375 0.30140625 0.6156481484375 0.27307291718750004 0.6156481484375 0.27307291718750004 0.6726851859375 0.30140625 0.6726851859375
1 0.2705729171875 0.696759259375 0.2705729171875 0.6265740734375 0.23479166718750002 0.6265740734375 0.23479166718750002 0.696759259375 0.2705729171875 0.696759259375
1 0.2286458328125 0.7515740734375 0.2286458328125 0.667222221875 0.1651041671875 0.667222221875 0.1651041671875 0.7515740734375 0.2286458328125 0.7515740734375
1 0.22369791718749998 0.5904629625 0.22369791718749998 0.5246296296875 0.16265625 0.5246296296875 0.16265625 0.5904629625 0.22369791718749998 0.5904629625
1 0 0.8983333328124999 0.0910416671875 0.8983333328124999 0.0910416671875 0.789259259375 0 0.789259259375 0 0.8983333328124999
1 0.1346354171875 0.0020370375 0.1346354171875 0.0688888890625 0.21729166718749998 0.0688888890625 0.21729166718749998 0.0020370375 0.1346354171875 0.0020370375
1 0.21729166718749998 0.0009259265625 0.21729166718749998 0.0513888890625 0.26171875 0.0513888890625 0.26171875 0.0009259265625 0.21729166718749998 0.0009259265625
1 0.2573958328125 0.1379629625 0.2573958328125 0.04805555625 0.2160416671875 0.04805555625 0.2160416671875 0.1379629625 0.2573958328125 0.1379629625
1 0.2900520828125 0.1774074078125 0.2900520828125 0.10175925937500001 0.25921875 0.10175925937500001 0.25921875 0.1774074078125 0.2900520828125 0.1774074078125
1 0.2567708328125 0.039259259375 0.2567708328125 0.10833333281249999 0.2931770828125 0.10833333281249999 0.2931770828125 0.039259259375 0.2567708328125 0.039259259375
1 0.2567708328125 0.0063888890625 0.2567708328125 0.0743518515625 0.2925520828125 0.0743518515625 0.2925520828125 0.0063888890625 0.2567708328125 0.0063888890625
1 0.3159895828125 0.0853703703125 0.3159895828125 0.027222221875 0.28515625 0.027222221875 0.28515625 0.0853703703125 0.3159895828125 0.0853703703125
1 0.3134895828125 0.1379629625 0.3134895828125 0.08203703749999999 0.2894791671875 0.08203703749999999 0.2894791671875 0.1379629625 0.3134895828125 0.1379629625
1 0.3116666671875 0.21148148125000002 0.3116666671875 0.1434259265625 0.2869791671875 0.1434259265625 0.2869791671875 0.21148148125000002 0.3116666671875 0.21148148125000002
1 0.3394270828125 0.241296296875 0.3394270828125 0.1818518515625 0.31416666718749997 0.1818518515625 0.31416666718749997 0.241296296875 0.3394270828125 0.241296296875
1 0.33645833281250004 0.18111111093750001 0.33645833281250004 0.12851851875 0.3094270828125 0.12851851875 0.3094270828125 0.18111111093750001 0.33645833281250004 0.18111111093750001
1 0.33427083281250003 0.13694444374999998 0.33427083281250003 0.0745370375 0.3090104171875 0.0745370375 0.3090104171875 0.13694444374999998 0.33427083281250003 0.13694444374999998
2 0.6615624999999999 0.6109259265625 0.6615624999999999 0.41342592656250005 0.6103125 0.41342592656250005 0.6103125 0.6109259265625 0.6615624999999999 0.6109259265625
4 0.7677083328125 0.615740740625 0.7677083328125 0.4625925921875 0.65 0.4625925921875 0.65 0.615740740625 0.7677083328125 0.615740740625
4 0.6509895828125 0.5925925921874999 0.6509895828125 0.46527777812500004 0.6419791671875 0.46527777812500004 0.6419791671875 0.5925925921874999 0.6509895828125 0.5925925921874999
4 0.665 0.028981481250000003 0.665 0.22314814843750003 0.7046354171875 0.22314814843750003 0.7046354171875 0.028981481250000003 0.665 0.028981481250000003
4 0.1765104171875 0.8270370375 0.1765104171875 0.44120370312499996 0.0009895828125000001 0.44120370312499996 0.0009895828125000001 0.8270370375 0.1765104171875 0.8270370375
4 0.3045833328125 0.26601851875000004 0.3045833328125 0.4199074078125 0.3565104171875 0.4199074078125 0.3565104171875 0.26601851875000004 0.3045833328125 0.26601851875000004