1 0.9998437499999999 0.6235416671875 0.9998437499999999 0.5554166671874999 0.8946875000000001 0.5554166671874999 0.8946875000000001 0.6235416671875 0.9998437499999999 0.6235416671875
1 0.58640625 0.5743750000000001 0.58640625 0.445625 0.28500000000000003 0.445625 0.28500000000000003 0.5743750000000001 0.58640625 0.5743750000000001
1 0.28078125 0.6066666671875 0.28078125 0.46645833281250004 0.005156249999999999 0.46645833281250004 0.005156249999999999 0.6066666671875 0.28078125 0.6066666671875
1 0.29359375 0.9645833328125001 0.29359375 0.8529166671875 0.00375 0.8529166671875 0.00375 0.9645833328125001 0.29359375 0.9645833328125001
1 0.5706249999999999 0.9172916671875001 0.5706249999999999 0.7658333328125 0.30359375 0.7658333328125 0.30359375 0.9172916671875001 0.5706249999999999 0.9172916671875001
1 0.7596875 0.8433333328125 0.7596875 0.69375 0.5706249999999999 0.69375 0.5706249999999999 0.8433333328125 0.7596875 0.8433333328125
1 0.00390625 0.00375 0.00390625 0.0945833328125 0.3109375 0.0945833328125 0.3109375 0.00375 0.00390625 0.00375
1 0.5276562499999999 0.33125 0.5276562499999999 0.30062500000000003 0.485 0.30062500000000003 0.485 0.33125 0.5276562499999999 0.33125
1 0.48328125 0.33458333281249997 0.48328125 0.308125 0.44718749999999996 0.308125 0.44718749999999996 0.33458333281249997 0.48328125 0.33458333281249997
1 0.44718749999999996 0.335625 0.44718749999999996 0.31375000000000003 0.42078125 0.31375000000000003 0.42078125 0.335625 0.44718749999999996 0.335625
1 0.5853125 0.3258333328125 0.5853125 0.3027083328125 0.5276562499999999 0.3027083328125 0.5276562499999999 0.3258333328125 0.5853125 0.3258333328125
1 0.4215625 0.33999999999999997 0.4215625 0.31375000000000003 0.38875000000000004 0.31375000000000003 0.38875000000000004 0.33999999999999997 0.4215625 0.33999999999999997
1 0.49140625 0.0354166671875 0.49140625 0.0702083328125 0.5553125 0.0702083328125 0.5553125 0.0354166671875 0.49140625 0.0354166671875
1 0.4890625 0.10645833281249999 0.4890625 0.06875 0.4559375 0.06875 0.4559375 0.10645833281249999 0.4890625 0.10645833281249999
1 0.4559375 0.1160416671875 0.4559375 0.084375 0.436875 0.084375 0.436875 0.1160416671875 0.4559375 0.1160416671875
1 0.7810937499999999 0.635625 0.7810937499999999 0.7022916671874999 0.86625 0.7022916671874999 0.86625 0.635625 0.7810937499999999 0.635625
1 0.78359375 0.5954166671875 0.78359375 0.6422916671875 0.86875 0.6422916671875 0.86875 0.5954166671875 0.78359375 0.5954166671875
1 0.77109375 0.5520833328125 0.77109375 0.6020833328124999 0.87375 0.6020833328124999 0.87375 0.5520833328125 0.77109375 0.5520833328125
1 0.5815625 0.51625 0.5815625 0.6025 0.7609375 0.6025 0.7609375 0.51625 0.5815625 0.51625
1 0.766875 0.5072916671875001 0.766875 0.5633333328125001 0.87578125 0.5633333328125001 0.87578125 0.5072916671875001 0.766875 0.5072916671875001
1 0.76765625 0.46375 0.76765625 0.5141666671875 0.875 0.5141666671875 0.875 0.46375 0.76765625 0.46375
1 0.7734375 0.40791666718749997 0.7734375 0.46375 0.875 0.46375 0.875 0.40791666718749997 0.7734375 0.40791666718749997
1 0.6159375 0.351875 0.6159375 0.41125 0.87921875 0.41125 0.87921875 0.351875 0.6159375 0.351875
1 0.6057812499999999 0.3072916671875 0.6057812499999999 0.3697916671875 0.88671875 0.3697916671875 0.88671875 0.3072916671875 0.6057812499999999 0.3072916671875
1 0.61671875 0.258125 0.61671875 0.32625000000000004 0.8832812499999999 0.32625000000000004 0.8832812499999999 0.258125 0.61671875 0.258125
1 0.7693749999999999 0.19875 0.7693749999999999 0.278125 0.8807812500000001 0.278125 0.8807812500000001 0.19875 0.7693749999999999 0.19875
1 0.77515625 0.151875 0.77515625 0.22562500000000002 0.8817187499999999 0.22562500000000002 0.8817187499999999 0.151875 0.77515625 0.151875