1 0.38875000000000004 0.9988888890625001 0.38875000000000004 0.7790740734375 0.11911458281250001 0.7790740734375 0.11911458281250001 0.9988888890625001 0.38875000000000004 0.9988888890625001
1 0.0029166671875000003 0.0003703703125 0.0029166671875000003 0.26749999999999996 0.25656249999999997 0.26749999999999996 0.25656249999999997 0.0003703703125 0.0029166671875000003 0.0003703703125
2 0.7077083328125 0.726296296875 0.7077083328125 0.3211111109375 0.6125 0.3211111109375 0.6125 0.726296296875 0.7077083328125 0.726296296875
4 0.4011979171875 0.6506481484375 0.4011979171875 0.475 0.2815104171875 0.475 0.2815104171875 0.6506481484375 0.4011979171875 0.6506481484375
4 0.5944791671874999 0.605740740625 0.5944791671874999 0.4699074078125 0.4928125 0.4699074078125 0.4928125 0.605740740625 0.5944791671874999 0.605740740625
2 0.49953125 0.6173148140625 0.49953125 0.4328703703125 0.4639583328125 0.4328703703125 0.4639583328125 0.6173148140625 0.49953125 0.6173148140625
1 0.6803125 0.6940740734374999 0.6803125 0.6436111109375 0.5366145828125 0.6436111109375 0.5366145828125 0.6940740734374999 0.6803125 0.6940740734374999
1 0.6798437500000001 0.64444444375 0.6798437500000001 0.6029629625 0.5686458328125 0.6029629625 0.5686458328125 0.64444444375 0.6798437500000001 0.64444444375
1 0.7283854171875 0.8380555562499999 0.7283854171875 0.7787037031249999 0.6858333328125 0.7787037031249999 0.6858333328125 0.8380555562499999 0.7283854171875 0.8380555562499999
1 0.7622395828124999 0.8364814812500001 0.7622395828124999 0.7046296296875 0.6826041671875 0.7046296296875 0.6826041671875 0.8364814812500001 0.7622395828124999 0.8364814812500001
1 0.7613020828125 0.7819444437499999 0.7613020828125 0.6175925921875 0.68078125 0.6175925921875 0.68078125 0.7819444437499999 0.7613020828125 0.7819444437499999
1 0.7608854171874999 0.664722221875 0.7608854171874999 0.5459259265624999 0.6803125 0.5459259265624999 0.6803125 0.664722221875 0.7608854171874999 0.664722221875
1 0.7590625 0.5671296296875 0.7590625 0.46787037031249995 0.6798437500000001 0.46787037031249995 0.6798437500000001 0.5671296296875 0.7590625 0.5671296296875
1 0.68171875 0.374259259375 0.68171875 0.45648148125 0.7622395828124999 0.45648148125 0.7622395828124999 0.374259259375 0.68171875 0.374259259375
1 0.6784895828125 0.26444444375 0.6784895828125 0.3840740734375 0.7599479171875 0.3840740734375 0.7599479171875 0.26444444375 0.6784895828125 0.26444444375
1 0.6853645828125 0.20833333281250002 0.6853645828125 0.30351851875 0.7599479171875 0.30351851875 0.7599479171875 0.20833333281250002 0.6853645828125 0.20833333281250002
1 0.3947395828125 0.48490740781249997 0.3947395828125 0.46296296249999996 0.37140625 0.46296296249999996 0.37140625 0.48490740781249997 0.3947395828125 0.48490740781249997