1 0.53640625 0.7570833328125001 0.53640625 0.673125 0.33265625 0.673125 0.33265625 0.7570833328125001 0.53640625 0.7570833328125001
3 0.43843750000000004 0.44166666718750003 0.43843750000000004 0.3652083328125 0.32796875000000003 0.3652083328125 0.32796875000000003 0.44166666718750003 0.43843750000000004 0.44166666718750003
3 0.48343749999999996 0.43624999999999997 0.48343749999999996 0.38166666718750003 0.4303125 0.38166666718750003 0.4303125 0.43624999999999997 0.48343749999999996 0.43624999999999997
3 0.480625 0.48 0.480625 0.4345833328125 0.32140625 0.4345833328125 0.32140625 0.48 0.480625 0.48
3 0.47515625000000006 0.5539583328125001 0.47515625000000006 0.48187499999999994 0.32140625 0.48187499999999994 0.32140625 0.5539583328125001 0.47515625000000006 0.5539583328125001
3 0.475 0.6127083328125 0.475 0.5520833328125 0.32140625 0.5520833328125 0.32140625 0.6127083328125 0.475 0.6127083328125
3 0.475 0.7112499999999999 0.475 0.6127083328125 0.33703125 0.6127083328125 0.33703125 0.7112499999999999 0.475 0.7112499999999999
3 0.27171875 0.6279166671875 0.27171875 0.5397916671874999 0.07140625 0.5397916671874999 0.07140625 0.6279166671875 0.27171875 0.6279166671875
3 0.0728125 0.5729166671875 0.0728125 0.4877083328125 0.003125 0.4877083328125 0.003125 0.5729166671875 0.0728125 0.5729166671875
3 0.07421875 0.6391666671875 0.07421875 0.5747916671875 0.0017187500000000002 0.5747916671875 0.0017187500000000002 0.6391666671875 0.07421875 0.6391666671875
3 0.17375000000000002 0.301875 0.17375000000000002 0.2166666671875 0.06281250000000001 0.2166666671875 0.06281250000000001 0.301875 0.17375000000000002 0.301875
3 0.32140625 0.3416666671875 0.32140625 0.0916666671875 0.09265625 0.0916666671875 0.09265625 0.3416666671875 0.32140625 0.3416666671875
3 0.00453125 0.0347916671875 0.00453125 0.1675 0.07140625 0.1675 0.07140625 0.0347916671875 0.00453125 0.0347916671875
3 0.08703125 0.28875 0.08703125 0.1560416671875 0.0003125 0.1560416671875 0.0003125 0.28875 0.08703125 0.28875