1 0.46828125 0.6313888890625 0.46828125 0.5788888890624999 0.33125 0.5788888890624999 0.33125 0.6313888890625 0.46828125 0.6313888890625
1 0.4639583328125 0.6890740734375 0.4639583328125 0.644259259375 0.36296875 0.644259259375 0.36296875 0.6890740734375 0.4639583328125 0.6890740734375
1 0.0023958328125 0.1826851859375 0.0023958328125 0.2890740734375 0.23463541718749997 0.2890740734375 0.23463541718749997 0.1826851859375 0.0023958328125 0.1826851859375
1 0.0016666671875 0.003240740625 0.0016666671875 0.0788888890625 0.08171874999999999 0.0788888890625 0.08171874999999999 0.003240740625 0.0016666671875 0.003240740625
1 0.15963541718750002 0.2288888890625 0.15963541718750002 0.30962962968749996 0.2684895828125 0.30962962968749996 0.2684895828125 0.2288888890625 0.15963541718750002 0.2288888890625
1 0.23171875000000003 0.276296296875 0.23171875000000003 0.3390740734375 0.3103125 0.3390740734375 0.3103125 0.276296296875 0.23171875000000003 0.276296296875
1 0.2966145828125 0.3224074078125 0.2966145828125 0.3634259265625 0.33484375 0.3634259265625 0.33484375 0.3224074078125 0.2966145828125 0.3224074078125
1 0.31875 0.34574074062500004 0.31875 0.37351851875 0.34640624999999997 0.37351851875 0.34640624999999997 0.34574074062500004 0.31875 0.34574074062500004
1 0.34036458281250004 0.3563888890625 0.34036458281250004 0.38101851875000003 0.3571875 0.38101851875000003 0.3571875 0.3563888890625 0.34036458281250004 0.3563888890625
1 0.34640624999999997 0.3991666671875 0.34640624999999997 0.43009259218749996 0.3596354171875 0.43009259218749996 0.3596354171875 0.3991666671875 0.34640624999999997 0.3991666671875
1 0.30911458281250004 0.39805555625 0.30911458281250004 0.4248148140625 0.34578125000000004 0.4248148140625 0.34578125000000004 0.39805555625 0.30911458281250004 0.39805555625
1 0.709375 0.21861111093750002 0.709375 0.28481481406250003 0.8848437499999999 0.28481481406250003 0.8848437499999999 0.21861111093750002 0.709375 0.21861111093750002
1 0.8840104171875 0.015 0.8840104171875 0.147222221875 0.9982291671875 0.147222221875 0.9982291671875 0.015 0.8840104171875 0.015
1 0.8892187500000001 0.207777778125 0.8892187500000001 0.1418518515625 0.7033854171875 0.1418518515625 0.7033854171875 0.207777778125 0.8892187500000001 0.207777778125
1 0.7063020828125001 0.24953703749999998 0.7063020828125001 0.19444444375 0.6723958328124999 0.19444444375 0.6723958328124999 0.24953703749999998 0.7063020828125001 0.24953703749999998
1 0.71203125 0.3111111109375 0.71203125 0.25601851875000003 0.673125 0.25601851875000003 0.673125 0.3111111109375 0.71203125 0.3111111109375
1 0.66734375 0.3393518515625 0.66734375 0.30601851875 0.6247916671875 0.30601851875 0.6247916671875 0.3393518515625 0.66734375 0.3393518515625
1 0.6247916671875 0.35981481406250004 0.6247916671875 0.3328703703125 0.5923437500000001 0.3328703703125 0.5923437500000001 0.35981481406250004 0.6247916671875 0.35981481406250004
1 0.6268229171875 0.3168518515625 0.6268229171875 0.2938888890625 0.5967708328125 0.2938888890625 0.5967708328125 0.3168518515625 0.6268229171875 0.3168518515625
1 0.6515625 0.241203703125 0.6515625 0.195 0.5823437499999999 0.195 0.5823437499999999 0.241203703125 0.6515625 0.241203703125
1 0.2171875 0.001296296875 0.2171875 0.0858333328125 0.3038020828125 0.0858333328125 0.3038020828125 0.001296296875 0.2171875 0.001296296875
1 0.6078125 0.0003703703125 0.6078125 0.038703703125 0.6433333328125 0.038703703125 0.6433333328125 0.0003703703125 0.6078125 0.0003703703125
1 0.31734375 0.1276851859375 0.31734375 0.1695370375 0.3378645828125 0.1695370375 0.3378645828125 0.1276851859375 0.31734375 0.1276851859375
2 0.46322916718749996 0.5300925921874999 0.46322916718749996 0.4365740734375 0.44953125 0.4365740734375 0.44953125 0.5300925921874999 0.46322916718749996 0.5300925921874999
2 0.4336458328125 0.5160185187499999 0.4336458328125 0.38398148125 0.3918229171875 0.38398148125 0.3918229171875 0.5160185187499999 0.4336458328125 0.5160185187499999
2 0.4949479171875 0.5429629625 0.4949479171875 0.38009259218749997 0.4459375 0.38009259218749997 0.4459375 0.5429629625 0.4949479171875 0.5429629625
3 0.9964583328125001 0.49472222187500003 0.9964583328125001 0.423703703125 0.9103125000000001 0.423703703125 0.9103125000000001 0.49472222187500003 0.9964583328125001 0.49472222187500003
3 0.9991666671875 0.5578703703125 0.9991666671875 0.49629629687500004 0.9147916671875 0.49629629687500004 0.9147916671875 0.5578703703125 0.9991666671875 0.5578703703125
3 0.91921875 0.55 0.91921875 0.49000000000000005 0.8526041671875 0.49000000000000005 0.8526041671875 0.55 0.91921875 0.55
3 0.9280729171875001 0.35583333281249996 0.9280729171875001 0.28157407343749996 0.85703125 0.28157407343749996 0.85703125 0.35583333281249996 0.9280729171875001 0.35583333281249996
3 0.99734375 0.74898148125 0.99734375 0.6478703703125 0.9343229171875 0.6478703703125 0.9343229171875 0.74898148125 0.99734375 0.74898148125
3 0.9991666671875 0.8121296296875 0.9991666671875 0.723703703125 0.94140625 0.723703703125 0.94140625 0.8121296296875 0.9991666671875 0.8121296296875
3 0.9520833328125 0.7474074078124999 0.9520833328125 0.6478703703125 0.85703125 0.6478703703125 0.85703125 0.7474074078124999 0.9520833328125 0.7474074078124999
3 0.9005729171875 0.7221296296874999 0.9005729171875 0.6368518515625 0.8144270828125 0.6368518515625 0.8144270828125 0.7221296296874999 0.9005729171875 0.7221296296874999
3 0.8144270828125 0.68898148125 0.8144270828125 0.6447222218750001 0.7806770828125 0.6447222218750001 0.7806770828125 0.68898148125 0.8144270828125 0.68898148125
3 0.8019791671875 0.6731481484375 0.8019791671875 0.6131481484375 0.7478125 0.6131481484375 0.7478125 0.6731481484375 0.8019791671875 0.6731481484375
3 0.80375 0.6210185187499999 0.80375 0.5674074078125 0.7149479171875 0.5674074078125 0.7149479171875 0.6210185187499999 0.80375 0.6210185187499999
3 0.7486979171875 0.64944444375 0.7486979171875 0.61 0.71046875 0.61 0.71046875 0.64944444375 0.7486979171875 0.64944444375
3 0.75578125 0.6447222218750001 0.75578125 0.5421296296875 0.7042708328125 0.5421296296875 0.7042708328125 0.6447222218750001 0.75578125 0.6447222218750001
3 0.71140625 0.6258333328125001 0.71140625 0.5341666671875 0.6811979171875 0.5341666671875 0.6811979171875 0.6258333328125001 0.71140625 0.6258333328125001
3 0.8081770828125 0.52944444375 0.8081770828125 0.4158333328125 0.7255729171875 0.4158333328125 0.7255729171875 0.52944444375 0.8081770828125 0.52944444375
3 0.7930729171875 0.5247222218750001 0.7930729171875 0.48685185156250005 0.7575520828125 0.48685185156250005 0.7575520828125 0.5247222218750001 0.7930729171875 0.5247222218750001
3 0.8250520828125 0.54055555625 0.8250520828125 0.49472222187500003 0.7930729171875 0.49472222187500003 0.7930729171875 0.54055555625 0.8250520828125 0.54055555625
3 0.7300520828125 0.45685185156249997 0.7300520828125 0.4284259265625 0.7078125 0.4284259265625 0.7078125 0.45685185156249997 0.7300520828125 0.45685185156249997
3 0.7318229171875 0.48055555625 0.7318229171875 0.45685185156249997 0.71140625 0.45685185156249997 0.71140625 0.48055555625 0.7318229171875 0.48055555625
3 0.73359375 0.513703703125 0.73359375 0.48055555625 0.71140625 0.48055555625 0.71140625 0.513703703125 0.73359375 0.513703703125
3 0.6927083328125 0.5041666671875 0.6927083328125 0.4774074078125 0.6625520828125 0.4774074078125 0.6625520828125 0.5041666671875 0.6927083328125 0.5041666671875
3 0.6758333328125 0.48370370312500005 0.6758333328125 0.45055555625 0.64390625 0.45055555625 0.64390625 0.48370370312500005 0.6758333328125 0.48370370312500005
3 0.6598437500000001 0.51055555625 0.6598437500000001 0.48370370312500005 0.64390625 0.48370370312500005 0.64390625 0.51055555625 0.6598437500000001 0.51055555625
3 0.6794270828125 0.57055555625 0.6794270828125 0.5421296296875 0.6571875 0.5421296296875 0.6571875 0.57055555625 0.6794270828125 0.57055555625
3 0.67765625 0.61 0.67765625 0.57055555625 0.6554166671874999 0.57055555625 0.6554166671874999 0.61 0.67765625 0.61
3 0.66078125 0.5658333328125 0.66078125 0.53898148125 0.63765625 0.53898148125 0.63765625 0.5658333328125 0.66078125 0.5658333328125
3 0.6598437500000001 0.59898148125 0.6598437500000001 0.5721296296875 0.6403125000000001 0.5721296296875 0.6403125000000001 0.59898148125 0.6598437500000001 0.59898148125
3 0.6509895828125 0.49944444375 0.6509895828125 0.4331481484375 0.62609375 0.4331481484375 0.62609375 0.49944444375 0.6509895828125 0.49944444375
3 0.27796875 0.7015740734375 0.27796875 0.6258333328125001 0.2451041671875 0.6258333328125001 0.2451041671875 0.7015740734375 0.27796875 0.7015740734375
3 0.2078125 0.5815740734375 0.2078125 0.5374074078125 0.1731770828125 0.5374074078125 0.1731770828125 0.5815740734375 0.2078125 0.5815740734375
3 0.1749479171875 0.6210185187499999 0.1749479171875 0.5278703703125001 0.05328125 0.5278703703125001 0.05328125 0.6210185187499999 0.1749479171875 0.6210185187499999
3 0.1003125 0.65898148125 0.1003125 0.554722221875 0.0319270828125 0.554722221875 0.0319270828125 0.65898148125 0.1003125 0.65898148125
3 0.0505729171875 0.67944444375 0.0505729171875 0.5531481484375 0.0026562499999999998 0.5531481484375 0.0026562499999999998 0.67944444375 0.0505729171875 0.67944444375
3 0.10390625 0.98898148125 0.10390625 0.71101851875 0.02484375 0.71101851875 0.02484375 0.98898148125 0.10390625 0.98898148125
3 0.021718750000000002 0.8758333328125 0.021718750000000002 0.7098148140625 0.0025 0.7098148140625 0.0025 0.8758333328125 0.021718750000000002 0.8758333328125
3 0.021718750000000002 0.9622222218750001 0.021718750000000002 0.8462962968750001 0.00125 0.8462962968750001 0.00125 0.9622222218750001 0.021718750000000002 0.9622222218750001
3 0.18796875 0.8735185187500001 0.18796875 0.73944444375 0.0984375 0.73944444375 0.0984375 0.8735185187500001 0.18796875 0.8735185187500001
3 0.2438541671875 0.56898148125 0.2438541671875 0.523240740625 0.21630208281250002 0.523240740625 0.21630208281250002 0.56898148125 0.2438541671875 0.56898148125
3 0.2234375 0.5785185187499999 0.2234375 0.5263888890625 0.195 0.5263888890625 0.195 0.5785185187499999 0.2234375 0.5785185187499999
3 0.2571875 0.5595370375 0.2571875 0.5121296296875 0.22786458281250002 0.5121296296875 0.22786458281250002 0.5595370375 0.2571875 0.5595370375
3 0.2731770828125 0.54694444375 0.2731770828125 0.5121296296875 0.2447395828125 0.5121296296875 0.2447395828125 0.54694444375 0.2731770828125 0.54694444375
3 0.3095833328125 0.534259259375 0.3095833328125 0.5121296296875 0.2758333328125 0.5121296296875 0.2758333328125 0.534259259375 0.3095833328125 0.534259259375
3 0.3335416671875 0.493240740625 0.3335416671875 0.4600925921875 0.2749479171875 0.4600925921875 0.2749479171875 0.493240740625 0.3335416671875 0.493240740625
3 0.3335416671875 0.523240740625 0.3335416671875 0.49481481406250005 0.3095833328125 0.49481481406250005 0.3095833328125 0.523240740625 0.3335416671875 0.523240740625
3 0.31843750000000004 0.633703703125 0.31843750000000004 0.5563888890625 0.28739583281250003 0.5563888890625 0.28739583281250003 0.633703703125 0.31843750000000004 0.633703703125