1 0.8665104171875001 0.9947222218749999 0.8665104171875001 0.6331481484375 0.43932291718750005 0.6331481484375 0.43932291718750005 0.9947222218749999 0.8665104171875001 0.9947222218749999
1 0.4650520828125 0.7421296296875 0.4650520828125 0.593703703125 0.3886979171875 0.593703703125 0.3886979171875 0.7421296296875 0.4650520828125 0.7421296296875
1 0.426875 0.6521296296875 0.426875 0.533703703125 0.2794270828125 0.533703703125 0.2794270828125 0.6521296296875 0.426875 0.6521296296875
1 0.4259895828125 0.4641666671875 0.4259895828125 0.3931481484375 0.2803125 0.3931481484375 0.2803125 0.4641666671875 0.4259895828125 0.4641666671875
1 0.460625 0.2384259265625 0.460625 0.18944444375 0.30874999999999997 0.18944444375 0.30874999999999997 0.2384259265625 0.460625 0.2384259265625
1 0.3069791671875 0.1831481484375 0.3069791671875 0.1215740734375 0.26968749999999997 0.1215740734375 0.26968749999999997 0.1831481484375 0.3069791671875 0.1831481484375
1 0.26968749999999997 0.205277778125 0.26968749999999997 0.1641666671875 0.2394791671875 0.1641666671875 0.2394791671875 0.205277778125 0.26968749999999997 0.205277778125
1 0.1577604171875 0.32999999999999996 0.1577604171875 0.3 0.0707291671875 0.3 0.0707291671875 0.32999999999999996 0.1577604171875 0.32999999999999996
1 0.4923958328125 0.0025 0.4923958328125 0.1124074078125 0.6234895828125 0.1124074078125 0.6234895828125 0.0025 0.4923958328125 0.0025
1 0.6234895828125 0.0025 0.6234895828125 0.0441666671875 0.8366666671875 0.0441666671875 0.8366666671875 0.0025 0.6234895828125 0.0025
4 0.15963541718750002 0.47888888906249993 0.15963541718750002 0.3186111109375 0.0702083328125 0.3186111109375 0.0702083328125 0.47888888906249993 0.15963541718750002 0.47888888906249993
1 0.24734375000000003 0.0516666671875 0.24734375000000003 0.0890740734375 0.2766666671875 0.0890740734375 0.2766666671875 0.0516666671875 0.24734375000000003 0.0516666671875