1 0.19890625 0 0.19890625 0.1458333328125 0.53015625 0.1458333328125 0.53015625 0 0.19890625 0
1 0.2090625 0.12395833281249999 0.2090625 0.0497916671875 0.059687500000000004 0.0497916671875 0.059687500000000004 0.12395833281249999 0.2090625 0.12395833281249999
1 0.5234375 0.3122916671875 0.5234375 0.1945833328125 0.19828125000000002 0.1945833328125 0.19828125000000002 0.3122916671875 0.5234375 0.3122916671875
1 0.3375 0.6970833328125 0.3375 0.62 0.0034375000000000005 0.62 0.0034375000000000005 0.6970833328125 0.3375 0.6970833328125
1 0.7787499999999999 0.1602083328125 0.7787499999999999 0.12041666718749999 0.6910937500000001 0.12041666718749999 0.6910937500000001 0.1602083328125 0.7787499999999999 0.1602083328125
1 0.8839062500000001 0.143125 0.8839062500000001 0.09958333281250001 0.7854687499999999 0.09958333281250001 0.7854687499999999 0.143125 0.8839062500000001 0.143125
1 1 0.0814583328125 0.8895312499999999 0.0814583328125 0.8895312499999999 0.12854166718749999 1 0.12854166718749999 1 0.0814583328125
1 1 0.2389583328125 0.88203125 0.2389583328125 0.88203125 0.280625 1 0.280625 1 0.2389583328125
1 0.9981249999999999 0.333125 0.9981249999999999 0.2995833328125 0.8853125000000001 0.2995833328125 0.8853125000000001 0.333125 0.9981249999999999 0.333125
1 0.786875 0.2941666671875 0.786875 0.25625 0.6884375 0.25625 0.6884375 0.2941666671875 0.786875 0.2941666671875
1 0.6681250000000001 0.296875 0.6681250000000001 0.2725 0.59890625 0.2725 0.59890625 0.296875 0.6681250000000001 0.296875
1 0.76796875 0.34208333281250003 0.76796875 0.3104166671875 0.68234375 0.3104166671875 0.68234375 0.34208333281250003 0.76796875 0.34208333281250003
1 0.35562499999999997 0.38333333281250004 0.35562499999999997 0.36291666718750004 0.3021875 0.36291666718750004 0.3021875 0.38333333281250004 0.35562499999999997 0.38333333281250004
4 0.9740624999999999 0.7875 0.9740624999999999 0.353125 0.5290625 0.353125 0.5290625 0.7875 0.9740624999999999 0.7875
1 0.7821875 0.3095833328125 0.7821875 0.33645833281250004 0.8807812500000001 0.33645833281250004 0.8807812500000001 0.3095833328125 0.7821875 0.3095833328125