1 1 0.1720833328125 0.95609375 0.1720833328125 0.95609375 0.224375 1 0.224375 1 0.1720833328125
1 0.95796875 0.2139583328125 0.95796875 0.12395833281249999 0.77125 0.12395833281249999 0.77125 0.2139583328125 0.95796875 0.2139583328125
1 0.96390625 0.3233333328125 0.96390625 0.2320833328125 0.77515625 0.2320833328125 0.77515625 0.3233333328125 0.96390625 0.3233333328125
1 1 0.28291666718749997 0.96484375 0.28291666718749997 0.96484375 0.32458333281249996 1 0.32458333281249996 1 0.28291666718749997
1 0.73875 0.24 0.73875 0.0758333328125 0.51609375 0.0758333328125 0.51609375 0.24 0.73875 0.24
1 0.4965625 0.1552083328125 0.4965625 0.0822916671875 0.27375 0.0822916671875 0.27375 0.1552083328125 0.4965625 0.1552083328125
1 0.28546875 0.23479166718750002 0.28546875 0.10187500000000001 0.09671874999999999 0.10187500000000001 0.09671874999999999 0.23479166718750002 0.28546875 0.23479166718750002
1 0 0.2164583328125 0.07921875 0.2164583328125 0.07921875 0.1539583328125 0 0.1539583328125 0 0.2164583328125
1 0.9354687500000001 0.8408333328125 0.9354687500000001 0.76 0.75859375 0.76 0.75859375 0.8408333328125 0.9354687500000001 0.8408333328125
1 1 0.635 0.94625 0.635 0.94625 0.6910416671874999 1 0.6910416671874999 1 0.635
1 1 0.7404166671875 0.94140625 0.7404166671875 0.94140625 0.79 1 0.79 1 0.7404166671875
1 0.44484375 0.9724999999999999 0.44484375 0.7964583328125 0.0234375 0.7964583328125 0.0234375 0.9724999999999999 0.44484375 0.9724999999999999
1 0 0.8083333328125001 0.0303125 0.8083333328125001 0.0303125 0.7639583328125 0 0.7639583328125 0 0.8083333328125001
3 0.7457812500000001 0.525 0.7457812500000001 0.3908333328125 0.62828125 0.3908333328125 0.62828125 0.525 0.7457812500000001 0.525
3 0.7457812500000001 0.7670833328125 0.7457812500000001 0.6433333328125 0.619375 0.6433333328125 0.619375 0.7670833328125 0.7457812500000001 0.7670833328125
3 0.61546875 0.7539583328125 0.61546875 0.639375 0.48921875000000004 0.639375 0.48921875000000004 0.7539583328125 0.61546875 0.7539583328125
3 0.62828125 0.46187500000000004 0.62828125 0.3802083328125 0.49203125 0.3802083328125 0.49203125 0.46187500000000004 0.62828125 0.46187500000000004
3 0.62734375 0.5289583328125 0.62734375 0.460625 0.49796874999999996 0.460625 0.49796874999999996 0.5289583328125 0.62734375 0.5289583328125
3 0.48125 0.5079166671875 0.48125 0.3670833328125 0.37374999999999997 0.3670833328125 0.37374999999999997 0.5079166671875 0.48125 0.5079166671875
3 0.37171875 0.5210416671875 0.37171875 0.46187500000000004 0.27 0.46187500000000004 0.27 0.5210416671875 0.37171875 0.5210416671875
3 0.11015625 0.5027083328125 0.11015625 0.45125000000000004 0.01640625 0.45125000000000004 0.01640625 0.5027083328125 0.11015625 0.5027083328125
3 0.024375 0.5 0.024375 0.44729166718749996 0.0017187500000000002 0.44729166718749996 0.0017187500000000002 0.5 0.024375 0.5