1 0.7704166671875 0.003240740625 0.7704166671875 0.135277778125 0.9976041671875 0.135277778125 0.9976041671875 0.003240740625 0.7704166671875 0.003240740625
1 0.7783854171875 0.175 0.7783854171875 0.058333332812500006 0.6507291671875 0.058333332812500006 0.6507291671875 0.175 0.7783854171875 0.175
1 0.6428125 0.0006481484375 0.6428125 0.04805555625 0.7257291671874999 0.04805555625 0.7257291671874999 0.0006481484375 0.6428125 0.0006481484375
1 0.5483333328125 0.003240740625 0.5483333328125 0.08527777812500001 0.6420833328125 0.08527777812500001 0.6420833328125 0.003240740625 0.5483333328125 0.003240740625
1 0.5504687500000001 0.1224074078125 0.5504687500000001 0.046759259375 0.49713541718750004 0.046759259375 0.49713541718750004 0.1224074078125 0.5504687500000001 0.1224074078125
1 0.49421875000000004 0.15194444375 0.49421875000000004 0.0813888890625 0.45026041718750004 0.0813888890625 0.45026041718750004 0.15194444375 0.49421875000000004 0.15194444375
1 0.44734375000000004 0.16731481406249998 0.44734375000000004 0.11342592656249999 0.41635416718749996 0.11342592656249999 0.41635416718749996 0.16731481406249998 0.44734375000000004 0.16731481406249998
1 0.38895833281250003 0.17629629687499998 0.38895833281250003 0.1429629625 0.3550520828125 0.1429629625 0.3550520828125 0.17629629687499998 0.38895833281250003 0.17629629687499998
1 0.3514583328125 0.1916666671875 0.3514583328125 0.155740740625 0.33703125 0.155740740625 0.33703125 0.1916666671875 0.3514583328125 0.1916666671875
1 0.3990625 0.1006481484375 0.3990625 0.062222221875 0.35 0.062222221875 0.35 0.1006481484375 0.3990625 0.1006481484375
1 0.5202083328125 0.53398148125 0.5202083328125 0.4596296296875 0.30026041718749996 0.4596296296875 0.30026041718749996 0.53398148125 0.5202083328125 0.53398148125
1 0.5259375000000001 0.646759259375 0.5259375000000001 0.555740740625 0.30671875000000004 0.555740740625 0.30671875000000004 0.646759259375 0.5259375000000001 0.646759259375
1 0.7646875 0.7673148140625 0.7646875 0.623703703125 0.6341145828125 0.623703703125 0.6341145828125 0.7673148140625 0.7646875 0.7673148140625
1 0.95578125 0.723703703125 0.95578125 0.5570370375 0.7690104171875001 0.5570370375 0.7690104171875001 0.723703703125 0.95578125 0.723703703125
1 0.940625 0.8993518515625001 0.940625 0.7326851859375 0.7747395828125 0.7326851859375 0.7747395828125 0.8993518515625001 0.940625 0.8993518515625001
1 0.9976041671875 0.985277778125 0.9976041671875 0.885277778125 0.9413541671875001 0.885277778125 0.9413541671875001 0.985277778125 0.9976041671875 0.985277778125
1 0.9976041671875 0.8800925921875 0.9976041671875 0.776296296875 0.940625 0.776296296875 0.940625 0.8800925921875 0.9976041671875 0.8800925921875
3 0.73390625 0.39601851875 0.73390625 0.28555555625 0.5895312500000001 0.28555555625 0.5895312500000001 0.39601851875 0.73390625 0.39601851875
3 0.6028645828125 0.33555555625 0.6028645828125 0.28555555625 0.548125 0.28555555625 0.548125 0.33555555625 0.6028645828125 0.33555555625
3 0.5961979171875 0.3881481484375 0.5961979171875 0.3341666671875 0.5458854171875 0.3341666671875 0.5458854171875 0.3881481484375 0.5961979171875 0.3881481484375
3 0.54734375 0.380277778125 0.54734375 0.3341666671875 0.50890625 0.3341666671875 0.50890625 0.380277778125 0.54734375 0.380277778125
3 0.6125 0.54601851875 0.6125 0.4275925921875 0.52296875 0.4275925921875 0.52296875 0.54601851875 0.6125 0.54601851875
3 0.6095312500000001 0.57101851875 0.6095312500000001 0.498703703125 0.5569791671875 0.498703703125 0.5569791671875 0.57101851875 0.6095312500000001 0.57101851875
3 0.6383854171875 0.5921296296875 0.6383854171875 0.5224074078125 0.5910416671875 0.5224074078125 0.5910416671875 0.5921296296875 0.6383854171875 0.5921296296875