1 0.76046875 0.2316666671875 0.76046875 0.19875 0.6381249999999999 0.19875 0.6381249999999999 0.2316666671875 0.76046875 0.2316666671875
1 0.8592187499999999 0.285625 0.8592187499999999 0.2420833328125 0.74375 0.2420833328125 0.74375 0.285625 0.8592187499999999 0.285625
1 0.99828125 0.210625 0.99828125 0.160625 0.8571875 0.160625 0.8571875 0.210625 0.99828125 0.210625
1 0.99453125 0.280625 0.99453125 0.23479166718750002 0.8703125 0.23479166718750002 0.8703125 0.280625 0.99453125 0.280625
1 0.00375 0.005625 0.00375 0.2033333328125 0.26125 0.2033333328125 0.26125 0.005625 0.00375 0.005625
1 0.26296875000000003 0.0010416671875 0.26296875000000003 0.1102083328125 0.48640625000000004 0.1102083328125 0.48640625000000004 0.0010416671875 0.26296875000000003 0.0010416671875
1 0.75953125 0.09125 0.75953125 0.0325 0.64015625 0.0325 0.64015625 0.09125 0.75953125 0.09125
1 0.8675 0.07229166718749999 0.8675 0.00020833281250000002 0.74671875 0.00020833281250000002 0.74671875 0.07229166718749999 0.8675 0.07229166718749999
1 0.8675 0.0041666671875 0.8675 0.034375 0.9868750000000001 0.034375 0.9868750000000001 0.0041666671875 0.8675 0.0041666671875
1 0.63453125 0.0629166671875 0.63453125 0.0154166671875 0.53640625 0.0154166671875 0.53640625 0.0629166671875 0.63453125 0.0629166671875
1 0.6329687500000001 0.1195833328125 0.6329687500000001 0.0647916671875 0.54203125 0.0647916671875 0.54203125 0.1195833328125 0.6329687500000001 0.1195833328125
1 0.5193749999999999 0.1404166671875 0.5193749999999999 0.093125 0.45828125000000003 0.093125 0.45828125000000003 0.1404166671875 0.5193749999999999 0.1404166671875
1 0.446875 0.15562499999999999 0.446875 0.1177083328125 0.39 0.1177083328125 0.39 0.15562499999999999 0.446875 0.15562499999999999
1 0.39 0.1689583328125 0.39 0.13104166718750002 0.333125 0.13104166718750002 0.333125 0.1689583328125 0.39 0.1689583328125
1 0.5349999999999999 0.23333333281250002 0.5349999999999999 0.1916666671875 0.45828125000000003 0.1916666671875 0.45828125000000003 0.23333333281250002 0.5349999999999999 0.23333333281250002
2 0.9778125 0.6916666671875 0.9778125 0.2185416671875 0.83171875 0.2185416671875 0.83171875 0.6916666671875 0.9778125 0.6916666671875
4 0.7579687500000001 0.9052083328125 0.7579687500000001 0.2272916671875 0.17734375 0.2272916671875 0.17734375 0.9052083328125 0.7579687500000001 0.9052083328125
4 0.7579687500000001 0.28500000000000003 0.7579687500000001 0.8185416671875 0.8660937499999999 0.8185416671875 0.8660937499999999 0.28500000000000003 0.7579687500000001 0.28500000000000003