1 0.7435937499999999 0.8010416671874999 0.7435937499999999 0.7064583328125 0.6029687499999999 0.7064583328125 0.6029687499999999 0.8010416671874999 0.7435937499999999 0.8010416671874999
1 0.7834375 0.333125 0.7834375 0.15687500000000001 0.635625 0.15687500000000001 0.635625 0.333125 0.7834375 0.333125
1 0.63984375 0.24020833281249998 0.63984375 0.041249999999999995 0.428125 0.041249999999999995 0.428125 0.24020833281249998 0.63984375 0.24020833281249998
1 0.2390625 0.0033333328125 0.2390625 0.1379166671875 0.43515625 0.1379166671875 0.43515625 0.0033333328125 0.2390625 0.0033333328125
1 0.84734375 0.38416666718750003 0.84734375 0.274375 0.750625 0.274375 0.750625 0.38416666718750003 0.84734375 0.38416666718750003
1 0.90140625 0.4145833328125 0.90140625 0.3235416671875 0.843125 0.3235416671875 0.843125 0.4145833328125 0.90140625 0.4145833328125
1 0.94109375 0.4447916671875 0.94109375 0.3614583328125 0.8998437499999999 0.3614583328125 0.8998437499999999 0.4447916671875 0.94109375 0.4447916671875
4 0.43359375 0.9391666671875001 0.43359375 0.11729166718749999 0.007656250000000001 0.11729166718749999 0.007656250000000001 0.9391666671875001 0.43359375 0.9391666671875001
4 0.63078125 0.8697916671874999 0.63078125 0.2391666671875 0.4221875 0.2391666671875 0.4221875 0.8697916671874999 0.63078125 0.8697916671874999
4 0.8278125 0.753125 0.8278125 0.37124999999999997 0.614375 0.37124999999999997 0.614375 0.753125 0.8278125 0.753125
4 0.9 0.7441666671875 0.9 0.425 0.81734375 0.425 0.81734375 0.7441666671875 0.9 0.7441666671875
4 0.925 0.7172916671875 0.925 0.45062499999999994 0.88359375 0.45062499999999994 0.88359375 0.7172916671875 0.925 0.7172916671875
4 0.9615625 0.6954166671875 0.9615625 0.4725 0.92109375 0.4725 0.92109375 0.6954166671875 0.9615625 0.6954166671875
4 0.9942187499999999 0.6993750000000001 0.9942187499999999 0.49291666718749994 0.960625 0.49291666718749994 0.960625 0.6993750000000001 0.9942187499999999 0.6993750000000001
4 0.9990625 0.6954166671875 0.9990625 0.5108333328125 0.9971875000000001 0.5108333328125 0.9971875000000001 0.6954166671875 0.9990625 0.6954166671875
1 0.946875 0.0945833328125 0.946875 0.0214583328125 0.90328125 0.0214583328125 0.90328125 0.0945833328125 0.946875 0.0945833328125
1 0.9828125 0.1677083328125 0.9828125 0.1020833328125 0.9412499999999999 0.1020833328125 0.9412499999999999 0.1677083328125 0.9828125 0.1677083328125