1 0.25484375 0.001875 0.25484375 0.17625 0.575 0.17625 0.575 0.001875 0.25484375 0.001875
1 0.54140625 0.0058333328125 0.54140625 0.10458333281250001 0.651875 0.10458333281250001 0.651875 0.0058333328125 0.54140625 0.0058333328125
1 0.44140625 0.096875 0.44140625 0.203125 0.64515625 0.203125 0.64515625 0.096875 0.44140625 0.096875
1 0.64140625 0.0802083328125 0.64140625 0.1620833328125 0.7153125 0.1620833328125 0.7153125 0.0802083328125 0.64140625 0.0802083328125
1 0.47984375 0.1647916671875 0.47984375 0.253125 0.71640625 0.253125 0.71640625 0.1647916671875 0.47984375 0.1647916671875
1 0.701875 0.21208333281249997 0.701875 0.27749999999999997 0.7596875 0.27749999999999997 0.7596875 0.21208333281249997 0.701875 0.21208333281249997
1 0.74515625 0.24041666718750002 0.74515625 0.31083333281250003 0.8 0.31083333281250003 0.8 0.24041666718750002 0.74515625 0.24041666718750002
1 0.7971874999999999 0.2916666671875 0.7971874999999999 0.3404166671875 0.8346875 0.3404166671875 0.8346875 0.2916666671875 0.7971874999999999 0.2916666671875
1 0.8278125 0.299375 0.8278125 0.33645833281250004 0.8740625 0.33645833281250004 0.8740625 0.299375 0.8278125 0.299375
1 0.79234375 0.3352083328125 0.79234375 0.39416666718750004 0.9096875000000001 0.39416666718750004 0.9096875000000001 0.3352083328125 0.79234375 0.3352083328125
3 0.77734375 0.6947916671875001 0.77734375 0.5841666671875 0.6696875 0.5841666671875 0.6696875 0.6947916671875001 0.77734375 0.6947916671875001
3 0.58390625 0.641875 0.58390625 0.5079166671875 0.4225 0.5079166671875 0.4225 0.641875 0.58390625 0.641875
3 0.478125 0.5660416671874999 0.478125 0.525 0.36671875 0.525 0.36671875 0.5660416671874999 0.478125 0.5660416671874999
3 0.478125 0.5912499999999999 0.478125 0.5660416671874999 0.3596875 0.5660416671874999 0.3596875 0.5912499999999999 0.478125 0.5912499999999999
3 0.4840625 0.6433333328125 0.4840625 0.5912499999999999 0.36078125 0.5912499999999999 0.36078125 0.6433333328125 0.4840625 0.6433333328125
3 0.38453125 0.63875 0.38453125 0.588125 0.30515625 0.588125 0.30515625 0.63875 0.38453125 0.63875
3 0.30281250000000004 0.6481250000000001 0.30281250000000004 0.5597916671875 0.094375 0.5597916671875 0.094375 0.6481250000000001 0.30281250000000004 0.6481250000000001
3 0.03515625 0.281875 0.03515625 0.378125 0.1121875 0.378125 0.1121875 0.281875 0.03515625 0.281875
3 0.03046875 0.35770833281250003 0.03046875 0.27229166718750003 0.00203125 0.27229166718750003 0.00203125 0.35770833281250003 0.03046875 0.35770833281250003
3 0.00203125 0.1777083328125 0.00203125 0.275625 0.04109375 0.275625 0.04109375 0.1777083328125 0.00203125 0.1777083328125
3 0.118125 0.2929166671875 0.118125 0.195 0.029218749999999998 0.195 0.029218749999999998 0.2929166671875 0.118125 0.2929166671875
3 0.2009375 0.31979166718749996 0.2009375 0.2266666671875 0.11578124999999999 0.2266666671875 0.11578124999999999 0.31979166718749996 0.2009375 0.31979166718749996
3 0.19624999999999998 0.395625 0.19624999999999998 0.31979166718749996 0.10390625 0.31979166718749996 0.10390625 0.395625 0.19624999999999998 0.395625
3 0.27328125000000003 0.33875 0.27328125000000003 0.25666666718750003 0.19390625 0.25666666718750003 0.19390625 0.33875 0.27328125000000003 0.33875
3 0.26734375 0.4066666671875 0.26734375 0.33875 0.19265625 0.33875 0.19265625 0.4066666671875 0.26734375 0.4066666671875
3 0.34546875 0.4222916671875 0.34546875 0.2960416671875 0.2625 0.2960416671875 0.2625 0.4222916671875 0.34546875 0.4222916671875
3 0.39515625 0.4302083328125 0.39515625 0.38125 0.31578125 0.38125 0.31578125 0.4302083328125 0.39515625 0.4302083328125
3 0.5314062500000001 0.46187500000000004 0.5314062500000001 0.39229166718749997 0.3975 0.39229166718749997 0.3975 0.46187500000000004 0.5314062500000001 0.46187500000000004
3 0.625 0.48229166718750005 0.625 0.4270833328125 0.53015625 0.4270833328125 0.53015625 0.48229166718750005 0.625 0.48229166718750005
3 0.64625 0.48708333281250005 0.64625 0.44604166718749994 0.6178125 0.44604166718749994 0.6178125 0.48708333281250005 0.64625 0.48708333281250005
3 0.6889062499999999 0.45083333281250004 0.6889062499999999 0.414375 0.61671875 0.414375 0.61671875 0.45083333281250004 0.6889062499999999 0.45083333281250004
3 0.6900000000000001 0.47125000000000006 0.6900000000000001 0.45229166718749997 0.6509375000000001 0.45229166718749997 0.6509375000000001 0.47125000000000006 0.6900000000000001 0.47125000000000006
3 0.68296875 0.495 0.68296875 0.47125000000000006 0.6498437499999999 0.47125000000000006 0.6498437499999999 0.495 0.68296875 0.495
3 0.625 0.6291666671875 0.625 0.5408333328125 0.57875 0.5408333328125 0.57875 0.6291666671875 0.625 0.6291666671875
3 0.64625 0.6322916671875001 0.64625 0.5977083328125 0.6214062499999999 0.5977083328125 0.6214062499999999 0.6322916671875001 0.64625 0.6322916671875001
3 0.7457812500000001 0.45229166718749997 0.7457812500000001 0.425625 0.703125 0.425625 0.703125 0.45229166718749997 0.7457812500000001 0.45229166718749997
3 0.746875 0.47125000000000006 0.746875 0.4570833328125 0.701875 0.4570833328125 0.701875 0.47125000000000006 0.746875 0.47125000000000006
3 0.73984375 0.495 0.73984375 0.47125000000000006 0.701875 0.47125000000000006 0.701875 0.495 0.73984375 0.495
3 0.44749999999999995 0.0033333328125 0.44749999999999995 0.041249999999999995 0.53 0.041249999999999995 0.53 0.0033333328125 0.44749999999999995 0.0033333328125
1 0.944375 0.25895833281249997 0.944375 0.19 0.8439062500000001 0.19 0.8439062500000001 0.25895833281249997 0.944375 0.25895833281249997