1 0.37953125 0.6820833328125 0.37953125 0.6025 0.2515625 0.6025 0.2515625 0.6820833328125 0.37953125 0.6820833328125
1 0.44203125 0.6802083328124999 0.44203125 0.6252083328125 0.38375 0.6252083328125 0.38375 0.6802083328124999 0.44203125 0.6802083328124999
1 0.25015624999999997 0.6497916671875 0.25015624999999997 0.5854166671875001 0.2046875 0.5854166671875001 0.2046875 0.6497916671875 0.25015624999999997 0.6497916671875
1 0 0.6839583328125001 0.20750000000000002 0.6839583328125001 0.20750000000000002 0.596875 0 0.596875 0 0.6839583328125001
1 0.27718750000000003 0.1952083328125 0.27718750000000003 0.11937500000000001 0.1521875 0.11937500000000001 0.1521875 0.1952083328125 0.27718750000000003 0.1952083328125
1 0.27859375000000003 0.11750000000000001 0.27859375000000003 0.0416666671875 0.16484375 0.0416666671875 0.16484375 0.11750000000000001 0.27859375000000003 0.11750000000000001
1 0.17765625000000002 0.0720833328125 0.17765625000000002 0.0114583328125 0.06687499999999999 0.0114583328125 0.06687499999999999 0.0720833328125 0.17765625000000002 0.0720833328125
1 0.06546874999999999 0.0929166671875 0.06546874999999999 0.0379166671875 0.0015625 0.0379166671875 0.0015625 0.0929166671875 0.06546874999999999 0.0929166671875
1 0.06828125 0.1535416671875 0.06828125 0.1041666671875 0.00296875 0.1041666671875 0.00296875 0.1535416671875 0.06828125 0.1535416671875
1 0.16203125000000002 0.1327083328125 0.16203125000000002 0.07958333281249999 0.06828125 0.07958333281249999 0.06828125 0.1327083328125 0.16203125000000002 0.1327083328125
1 0.16203125000000002 0.20833333281250002 0.16203125000000002 0.1495833328125 0.06687499999999999 0.1495833328125 0.06687499999999999 0.20833333281250002 0.16203125000000002 0.20833333281250002
1 0 0.2235416671875 0.06265625 0.2235416671875 0.06265625 0.178125 0 0.178125 0 0.2235416671875
1 0.44343750000000004 0.068125 0.44343750000000004 0.00375 0.29 0.00375 0.29 0.068125 0.44343750000000004 0.068125
1 0.41921875000000003 0.1629166671875 0.41921875000000003 0.0929166671875 0.27859375000000003 0.0929166671875 0.27859375000000003 0.1629166671875 0.41921875000000003 0.1629166671875
1 0.55421875 0.1364583328125 0.55421875 0.05125 0.41921875000000003 0.05125 0.41921875000000003 0.1364583328125 0.55421875 0.1364583328125
1 0.759375 0.108125 0.759375 0.0235416671875 0.58125 0.0235416671875 0.58125 0.108125 0.759375 0.108125
2 0.71828125 0.749375 0.71828125 0.003125 0.4096875 0.003125 0.4096875 0.749375 0.71828125 0.749375
3 0.58390625 0.4222916671875 0.58390625 0.3777083328125 0.495 0.3777083328125 0.495 0.4222916671875 0.58390625 0.4222916671875
3 0.25328125 0.3277083328125 0.25328125 0.285625 0.18328125 0.285625 0.18328125 0.3277083328125 0.25328125 0.3277083328125
3 0.25234375 0.3447916671875 0.25234375 0.3183333328125 0.17828125 0.3183333328125 0.17828125 0.3447916671875 0.25234375 0.3447916671875
3 0.25125000000000003 0.3789583328125 0.25125000000000003 0.34208333281250003 0.17734375 0.34208333281250003 0.17734375 0.3789583328125 0.25125000000000003 0.3789583328125
3 0.25421875 0.410625 0.25421875 0.375 0.17328125 0.375 0.17328125 0.410625 0.25421875 0.410625