2 0.34015625 0.057499999999999996 0.34015625 0.9565740734375 0.6143229171875 0.9565740734375 0.6143229171875 0.057499999999999996 0.34015625 0.057499999999999996
2 0.1393229171875 0.389259259375 0.1393229171875 0.8453703703125001 0.2588020828125 0.8453703703125001 0.2588020828125 0.389259259375 0.1393229171875 0.389259259375
1 0.9825520828125001 0.80898148125 0.9825520828125001 0.7122222218750001 0.7474479171875 0.7122222218750001 0.7474479171875 0.80898148125 0.9825520828125001 0.80898148125
1 0.8780208328124999 0.6700925921875001 0.8780208328124999 0.6358333328125 0.7279166671875 0.6358333328125 0.7279166671875 0.6700925921875001 0.8780208328124999 0.6700925921875001
1 0.7461458328125 0.6543518515625 0.7461458328125 0.7483333328125 0.9883854171875001 0.7483333328125 0.9883854171875001 0.6543518515625 0.7461458328125 0.6543518515625
1 0.8761979171875 0.6424074078124999 0.8761979171875 0.605 0.7269791671875 0.605 0.7269791671875 0.6424074078124999 0.8761979171875 0.6424074078124999
4 0.4761979171875 0.487777778125 0.4761979171875 0.19555555625 0.2908854171875 0.19555555625 0.2908854171875 0.487777778125 0.4761979171875 0.487777778125
4 0.4949479171875 0.775 0.4949479171875 0.46342592656250003 0.2908854171875 0.46342592656250003 0.2908854171875 0.775 0.4949479171875 0.775
4 0.2922916671875 0.8186111109375 0.2922916671875 0.4800925921875 0.10984374999999999 0.4800925921875 0.10984374999999999 0.8186111109375 0.2922916671875 0.8186111109375
4 0.12281249999999999 0.726296296875 0.12281249999999999 0.5775925921875 0.0016666671875 0.5775925921875 0.0016666671875 0.726296296875 0.12281249999999999 0.726296296875
4 0.0009375 0.4686111109375 0.0009375 0.5890740734375 0.1278645828125 0.5890740734375 0.1278645828125 0.4686111109375 0.0009375 0.4686111109375
4 0.003125 0.346759259375 0.003125 0.476296296875 0.1206770828125 0.476296296875 0.1206770828125 0.346759259375 0.003125 0.346759259375
4 0.0009375 0.21342592656249998 0.0009375 0.353240740625 0.1242708328125 0.353240740625 0.1242708328125 0.21342592656249998 0.0009375 0.21342592656249998
4 0.0016666671875 0.08527777812500001 0.0016666671875 0.2258333328125 0.12838541718750002 0.2258333328125 0.12838541718750002 0.08527777812500001 0.0016666671875 0.08527777812500001
4 0.0009375 0.003240740625 0.0009375 0.0956481484375 0.12838541718750002 0.0956481484375 0.12838541718750002 0.003240740625 0.0009375 0.003240740625
4 0.28942708281249996 0.4813888890625 0.28942708281249996 0.1570370375 0.11130208281250001 0.1570370375 0.11130208281250001 0.4813888890625 0.28942708281249996 0.4813888890625
1 0.8789583328124999 0.6065740734375 0.8789583328124999 0.5724074078125 0.7288541671875 0.5724074078125 0.7288541671875 0.6065740734375 0.8789583328124999 0.6065740734375
1 0.8752604171874999 0.5691666671875 0.8752604171874999 0.5463888890625 0.7269791671875 0.5463888890625 0.7269791671875 0.5691666671875 0.8752604171874999 0.5691666671875
1 0.8761979171875 0.5399074078125 0.8761979171875 0.51055555625 0.7288541671875 0.51055555625 0.7288541671875 0.5399074078125 0.8761979171875 0.5399074078125
1 0.79109375 0.4048148140625 0.79109375 0.3771296296875 0.71875 0.3771296296875 0.71875 0.4048148140625 0.79109375 0.4048148140625
1 0.7938020828125001 0.4308333328125 0.7938020828125001 0.41129629687499997 0.71328125 0.41129629687499997 0.71328125 0.4308333328125 0.7938020828125001 0.4308333328125
1 0.7938020828125001 0.4503703703125 0.7938020828125001 0.435740740625 0.71875 0.435740740625 0.71875 0.4503703703125 0.7938020828125001 0.4503703703125
1 0.8752604171874999 0.48944444374999996 0.8752604171874999 0.46342592656250003 0.7544791671875 0.46342592656250003 0.7544791671875 0.48944444374999996 0.8752604171874999 0.48944444374999996
1 0.44875 0.1070370375 0.44875 0.160740740625 0.6126041671875 0.160740740625 0.6126041671875 0.1070370375 0.44875 0.1070370375
1 0.4588020828125 0.1590740734375 0.4588020828125 0.19981481406249998 0.60890625 0.19981481406249998 0.60890625 0.1590740734375 0.4588020828125 0.1590740734375
1 0.46703124999999995 0.20305555625 0.46703124999999995 0.23555555625000002 0.6070833328125 0.23555555625000002 0.6070833328125 0.20305555625 0.46703124999999995 0.20305555625
1 0.4780208328125 0.23398148124999998 0.4780208328125 0.269722221875 0.6034375 0.269722221875 0.6034375 0.23398148124999998 0.4780208328125 0.23398148124999998
1 0.5302083328125 0.27138888906249997 0.5302083328125 0.313703703125 0.6052604171875 0.313703703125 0.6052604171875 0.27138888906249997 0.5302083328125 0.27138888906249997
1 0.5311458328125 0.31694444375 0.5311458328125 0.3446296296875 0.6034375 0.3446296296875 0.6034375 0.31694444375 0.5311458328125 0.31694444375
1 0.5302083328125 0.341296296875 0.5302083328125 0.372222221875 0.5952083328125 0.372222221875 0.5952083328125 0.341296296875 0.5302083328125 0.341296296875
1 0.5265625 0.3803703703125 0.5265625 0.4145370375 0.5686458328125 0.4145370375 0.5686458328125 0.3803703703125 0.5265625 0.3803703703125
1 0.5219791671875 0.518703703125 0.5219791671875 0.5561111109375 0.59703125 0.5561111109375 0.59703125 0.518703703125 0.5219791671875 0.518703703125
1 0.5613020828125 0.564259259375 0.5613020828125 0.5951851859375 0.59609375 0.5951851859375 0.59609375 0.564259259375 0.5613020828125 0.564259259375
1 0.5677604171875 0.5984259265625 0.5677604171875 0.63101851875 0.5988541671875 0.63101851875 0.5988541671875 0.5984259265625 0.5677604171875 0.5984259265625
1 0.5631770828125 0.6325925921875 0.5631770828125 0.6651851859375 0.59703125 0.6651851859375 0.59703125 0.6325925921875 0.5631770828125 0.6325925921875
1 0.5622395828125 0.6700925921875001 0.5622395828125 0.6879629625 0.5952083328125 0.6879629625 0.5952083328125 0.6700925921875001 0.5622395828125 0.6700925921875001
1 0.5722916671875 0.691203703125 0.5722916671875 0.7221296296874999 0.5942708328124999 0.7221296296874999 0.5942708328124999 0.691203703125 0.5722916671875 0.691203703125
1 0.7196875 0.352777778125 0.7196875 0.372222221875 0.7846875 0.372222221875 0.7846875 0.352777778125 0.7196875 0.352777778125