1 0.87078125 0.151875 0.87078125 0.10479166718749999 0.8198437500000001 0.10479166718749999 0.8198437500000001 0.151875 0.87078125 0.151875
1 0.81171875 0.17541666718749999 0.81171875 0.1410416671875 0.77234375 0.1410416671875 0.77234375 0.17541666718749999 0.81171875 0.17541666718749999
1 0.77171875 0.1916666671875 0.77171875 0.1627083328125 0.74171875 0.1627083328125 0.74171875 0.1916666671875 0.77171875 0.1916666671875
1 0.37374999999999997 0.41270833281249997 0.37374999999999997 0.3845833328125 0.32828124999999997 0.3845833328125 0.32828124999999997 0.41270833281249997 0.37374999999999997 0.41270833281249997
1 0.3440625 0.0629166671875 0.3440625 0.037083332812499994 0.27640625 0.037083332812499994 0.27640625 0.0629166671875 0.3440625 0.0629166671875
1 0.36296875 0.109375 0.36296875 0.0758333328125 0.30390625 0.0758333328125 0.30390625 0.109375 0.36296875 0.109375
1 1 0.042499999999999996 0.9440625 0.042499999999999996 0.9440625 0.0985416671875 1 0.0985416671875 1 0.042499999999999996
1 0.9434374999999999 0.1364583328125 0.9434374999999999 0.076875 0.86875 0.076875 0.86875 0.1364583328125 0.9434374999999999 0.1364583328125
1 0.7424999999999999 0.20437500000000003 0.7424999999999999 0.1727083328125 0.7146874999999999 0.1727083328125 0.7146874999999999 0.20437500000000003 0.7424999999999999 0.20437500000000003
3 1 0.47291666718750003 0.91046875 0.47291666718750003 0.91046875 0.6460416671875 1 0.6460416671875 1 0.47291666718750003
3 0.999375 0.3447916671875 0.999375 0.3 0.9589062500000001 0.3 0.9589062500000001 0.3447916671875 0.999375 0.3447916671875
3 0.99828125 0.375 0.99828125 0.3447916671875 0.9589062500000001 0.3447916671875 0.9589062500000001 0.375 0.99828125 0.375
3 0.999375 0.40791666718749997 0.999375 0.375 0.9589062500000001 0.375 0.9589062500000001 0.40791666718749997 0.999375 0.40791666718749997
3 0.999375 0.4447916671875 0.999375 0.40791666718749997 0.9598437499999999 0.40791666718749997 0.9598437499999999 0.4447916671875 0.999375 0.4447916671875
3 0.90171875 0.40791666718749997 0.90171875 0.364375 0.84640625 0.364375 0.84640625 0.40791666718749997 0.90171875 0.40791666718749997
3 0.849375 0.388125 0.849375 0.339375 0.7970312500000001 0.339375 0.7970312500000001 0.388125 0.849375 0.388125
3 0.81484375 0.3408333328125 0.81484375 0.3079166671875 0.7446875000000001 0.3079166671875 0.7446875000000001 0.3408333328125 0.81484375 0.3408333328125
3 0.7654687499999999 0.3591666671875 0.7654687499999999 0.335625 0.7446875000000001 0.335625 0.7446875000000001 0.3591666671875 0.7654687499999999 0.3591666671875
3 0.78515625 0.37625000000000003 0.78515625 0.3460416671875 0.7654687499999999 0.3460416671875 0.7654687499999999 0.37625000000000003 0.78515625 0.37625000000000003
3 0.811875 0.38416666718750003 0.811875 0.3539583328125 0.78328125 0.3539583328125 0.78328125 0.38416666718750003 0.811875 0.38416666718750003
3 0.7821875 0.48166666718749995 0.7821875 0.436875 0.74171875 0.436875 0.74171875 0.48166666718749995 0.7821875 0.48166666718749995
3 0.8887499999999999 0.5552083328124999 0.8887499999999999 0.4960416671875 0.849375 0.4960416671875 0.849375 0.5552083328124999 0.8887499999999999 0.5552083328124999
3 0.774375 0.45395833281250003 0.774375 0.42104166718749997 0.7259375 0.42104166718749997 0.7259375 0.45395833281250003 0.774375 0.45395833281250003
3 0.7357812499999999 0.438125 0.7357812499999999 0.414375 0.718125 0.414375 0.718125 0.438125 0.7357812499999999 0.438125
3 0.71703125 0.43562500000000004 0.71703125 0.410625 0.7003125 0.410625 0.7003125 0.43562500000000004 0.71703125 0.43562500000000004
3 0.375625 0.313125 0.375625 0.286875 0.33125 0.286875 0.33125 0.313125 0.375625 0.313125
3 0.37671875 0.335625 0.37671875 0.3079166671875 0.33718750000000003 0.3079166671875 0.33718750000000003 0.335625 0.37671875 0.335625
3 0.3746875 0.3539583328125 0.3746875 0.336875 0.33718750000000003 0.336875 0.33718750000000003 0.3539583328125 0.3746875 0.3539583328125
3 0.37374999999999997 0.3789583328125 0.37374999999999997 0.3539583328125 0.33515625 0.3539583328125 0.33515625 0.3789583328125 0.37374999999999997 0.3789583328125
3 0.37171875 0.3947916671875 0.37171875 0.3697916671875 0.34015625 0.3697916671875 0.34015625 0.3947916671875 0.37171875 0.3947916671875
3 0.31640625 0.3697916671875 0.31640625 0.3408333328125 0.2553125 0.3408333328125 0.2553125 0.3697916671875 0.31640625 0.3697916671875
3 0.3175 0.38166666718750003 0.3175 0.3697916671875 0.29171874999999997 0.3697916671875 0.29171874999999997 0.38166666718750003 0.3175 0.38166666718750003
3 0.28875 0.4 0.28875 0.36583333281249997 0.26421875 0.36583333281249997 0.26421875 0.4 0.28875 0.4
3 0.26125 0.4066666671875 0.26125 0.3539583328125 0.169375 0.3539583328125 0.169375 0.4066666671875 0.26125 0.4066666671875
3 0.19703125 0.44875 0.19703125 0.38687499999999997 0.13390625 0.38687499999999997 0.13390625 0.44875 0.19703125 0.44875
3 0.11421875 0.385625 0.11421875 0.3408333328125 0.01453125 0.3408333328125 0.01453125 0.385625 0.11421875 0.385625
3 0.080625 0.5131249999999999 0.080625 0.37374999999999997 0.0035937499999999997 0.37374999999999997 0.0035937499999999997 0.5131249999999999 0.080625 0.5131249999999999
3 0.12109375 0.4447916671875 0.12109375 0.3960416671875 0.06671875000000001 0.3960416671875 0.06671875000000001 0.4447916671875 0.12109375 0.4447916671875
3 0.11421875 0.48020833281249997 0.11421875 0.4341666671875 0.0696875 0.4341666671875 0.0696875 0.48020833281249997 0.11421875 0.48020833281249997
3 0.029218749999999998 0.30520833281250004 0.029218749999999998 0.2420833328125 0.0026562499999999998 0.2420833328125 0.0026562499999999998 0.30520833281250004 0.029218749999999998 0.30520833281250004
3 0.12203125 0.2920833328125 0.12203125 0.26187499999999997 0.0321875 0.26187499999999997 0.0321875 0.2920833328125 0.12203125 0.2920833328125
3 0.0303125 0.236875 0.0303125 0.260625 0.12593749999999998 0.260625 0.12593749999999998 0.236875 0.0303125 0.236875
3 0.13187500000000002 0.23291666718749998 0.13187500000000002 0.1920833328125 0.0035937499999999997 0.1920833328125 0.0035937499999999997 0.23291666718749998 0.13187500000000002 0.23291666718749998
3 0.18921875 0.2802083328125 0.18921875 0.23562500000000003 0.1428125 0.23562500000000003 0.1428125 0.2802083328125 0.18921875 0.2802083328125
3 0.26515625 0.2289583328125 0.18328125 0.23020833281250003 0.18328125 0.2841666671875 0.2246875 0.2841666671875 0.26515625 0.285625 0.26515625 0.2289583328125
3 0.29375 0.286875 0.29375 0.23937499999999998 0.25421875 0.23937499999999998 0.25421875 0.286875 0.29375 0.286875
3 0.32734375 0.2579166671875 0.32734375 0.2158333328125 0.263125 0.2158333328125 0.263125 0.2579166671875 0.32734375 0.2579166671875
3 0.32734375 0.2960416671875 0.32734375 0.25916666718750003 0.28296875 0.25916666718750003 0.28296875 0.2960416671875 0.32734375 0.2960416671875
3 0.3440625 0.2908333328125 0.3440625 0.21833333281249998 0.31546875 0.21833333281249998 0.31546875 0.2908333328125 0.3440625 0.2908333328125
3 0.33328125000000003 0.3789583328125 0.33328125000000003 0.34729166718750004 0.3115625 0.34729166718750004 0.3115625 0.3789583328125 0.33328125000000003 0.3789583328125
3 0.26421875 0.335625 0.26421875 0.313125 0.21187499999999998 0.313125 0.21187499999999998 0.335625 0.26421875 0.335625
3 0.26609375 0.36312500000000003 0.26609375 0.335625 0.21187499999999998 0.335625 0.21187499999999998 0.36312500000000003 0.26609375 0.36312500000000003