3 0.17328125 0.003125 0.17328125 0.2233333328125 0.49000000000000005 0.2233333328125 0.49000000000000005 0.003125 0.17328125 0.003125
3 0.3678125 0.660625 0.3678125 0.43166666718749996 0.00453125 0.43166666718749996 0.00453125 0.660625 0.3678125 0.660625
3 0.34703125 0.9 0.34703125 0.6552083328125 0.0075 0.6552083328125 0.0075 0.9 0.34703125 0.9
3 0.63515625 0.7893749999999999 0.63515625 0.5960416671875 0.38453125 0.5960416671875 0.38453125 0.7893749999999999 0.63515625 0.7893749999999999
3 0.78625 0.7697916671875 0.78625 0.4479166671875 0.5396875 0.4479166671875 0.5396875 0.7697916671875 0.78625 0.7697916671875
3 0.8375 0.7381249999999999 0.8375 0.47625 0.7892187500000001 0.47625 0.7892187500000001 0.7381249999999999 0.8375 0.7381249999999999
3 0.9154687499999999 0.6381249999999999 0.9154687499999999 0.55 0.8324999999999999 0.55 0.8324999999999999 0.6381249999999999 0.9154687499999999 0.6381249999999999
3 0.9134375 0.7183333328125 0.9134375 0.6341666671875 0.8285937499999999 0.6341666671875 0.8285937499999999 0.7183333328125 0.9134375 0.7183333328125
3 0.9529687499999999 0.6920833328125 0.9529687499999999 0.639375 0.9154687499999999 0.639375 0.9154687499999999 0.6920833328125 0.9529687499999999 0.6920833328125
3 0.99828125 0.6841666671875 0.99828125 0.6158333328125 0.9204687500000001 0.6158333328125 0.9204687500000001 0.6841666671875 0.99828125 0.6841666671875
3 0.999375 0.6277083328125 0.999375 0.5670833328125 0.9232812499999999 0.5670833328125 0.9232812499999999 0.6277083328125 0.999375 0.6277083328125
3 0.8178124999999999 0.2170833328125 0.8178124999999999 0.1197916671875 0.60859375 0.1197916671875 0.60859375 0.2170833328125 0.8178124999999999 0.2170833328125
3 0.805 0.286875 0.805 0.20125 0.6017187500000001 0.20125 0.6017187500000001 0.286875 0.805 0.286875
3 0.7982812499999999 0.3789583328125 0.7982812499999999 0.30583333281249997 0.751875 0.30583333281249997 0.751875 0.3789583328125 0.7982812499999999 0.3789583328125
3 0.8759375 0.4183333328125 0.8759375 0.160625 0.805 0.160625 0.805 0.4183333328125 0.8759375 0.4183333328125
3 0.9193749999999999 0.43937499999999996 0.9193749999999999 0.37374999999999997 0.875 0.37374999999999997 0.875 0.43937499999999996 0.9193749999999999 0.43937499999999996
3 0.9707812499999999 0.4658333328125 0.9707812499999999 0.40520833281249996 0.9253125000000001 0.40520833281249996 0.9253125000000001 0.4658333328125 0.9707812499999999 0.4658333328125
3 0.99828125 0.48687500000000006 0.99828125 0.41312499999999996 0.97265625 0.41312499999999996 0.97265625 0.48687500000000006 0.99828125 0.48687500000000006