1 0.38609375 0.20208333281250002 0.38609375 0.1291666671875 0.21796875 0.1291666671875 0.21796875 0.20208333281250002 0.38609375 0.20208333281250002
1 0.39 0.105625 0.39 0.021041667187499998 0.22484375 0.021041667187499998 0.22484375 0.105625 0.39 0.105625
1 0.5142187500000001 0.23875000000000002 0.5142187500000001 0.1708333328125 0.38609375 0.1708333328125 0.38609375 0.23875000000000002 0.5142187500000001 0.23875000000000002
1 0.6157812500000001 0.24125000000000002 0.6157812500000001 0.1827083328125 0.5278125 0.1827083328125 0.5278125 0.24125000000000002 0.6157812500000001 0.24125000000000002
1 0.6109375 0.2725 0.6109375 0.2125 0.526875 0.2125 0.526875 0.2725 0.6109375 0.2725
1 0.6676562500000001 0.288125 0.6676562500000001 0.2452083328125 0.61 0.2452083328125 0.61 0.288125 0.6676562500000001 0.288125
1 0.43296875 0.36375 0.43296875 0.29854166718749997 0.18859375 0.29854166718749997 0.18859375 0.36375 0.43296875 0.36375
1 0.3146875 0.6739583328125 0.3146875 0.5814583328125 0.1221875 0.5814583328125 0.1221875 0.6739583328125 0.3146875 0.6739583328125
1 0.44875 0.6270833328125 0.44875 0.5502083328125 0.30890625 0.5502083328125 0.30890625 0.6270833328125 0.44875 0.6270833328125
1 0.6040625000000001 0.561875 0.6040625000000001 0.5085416671874999 0.5131249999999999 0.5085416671874999 0.5131249999999999 0.561875 0.6040625000000001 0.561875
1 0.6090625000000001 0.044375 0.6090625000000001 0.00020833281250000002 0.54734375 0.00020833281250000002 0.54734375 0.044375 0.6090625000000001 0.044375
1 0.6696875 0.0991666671875 0.6696875 0.0302083328125 0.61 0.0302083328125 0.61 0.0991666671875 0.6696875 0.0991666671875
1 0.70875 0.133125 0.70875 0.07958333281249999 0.6646875 0.07958333281249999 0.6646875 0.133125 0.70875 0.133125
1 0.70875 0.30125 0.70875 0.2685416671875 0.6646875 0.2685416671875 0.6646875 0.30125 0.70875 0.30125
1 0.70578125 0.425 0.70578125 0.39249999999999996 0.6578125 0.39249999999999996 0.6578125 0.425 0.70578125 0.425
1 0.70484375 0.51625 0.70484375 0.48375 0.6578125 0.48375 0.6578125 0.51625 0.70484375 0.51625
1 0.90265625 0.4604166671875 0.90265625 0.441875 0.8501562500000001 0.441875 0.8501562500000001 0.4604166671875 0.90265625 0.4604166671875
1 0.8990625 0.48604166718749997 0.8990625 0.46770833281249996 0.85078125 0.46770833281249996 0.85078125 0.48604166718749997 0.8990625 0.48604166718749997
1 0.74015625 0.5016666671875 0.74015625 0.4760416671875 0.7053125 0.4760416671875 0.7053125 0.5016666671875 0.74015625 0.5016666671875
1 0.7420312499999999 0.4545833328125 0.7420312499999999 0.43208333281250005 0.70765625 0.43208333281250005 0.70765625 0.4545833328125 0.7420312499999999 0.4545833328125
1 0.76609375 0.405625 0.76609375 0.38229166718749996 0.71140625 0.38229166718749996 0.71140625 0.405625 0.76609375 0.405625
1 0.7646875 0.4495833328125 0.7646875 0.4302083328125 0.74109375 0.4302083328125 0.74109375 0.4495833328125 0.7646875 0.4495833328125
1 0.7840625 0.4452083328125 0.7840625 0.4308333328125 0.7642187500000001 0.4308333328125 0.7642187500000001 0.4452083328125 0.7840625 0.4452083328125
1 0.76375 0.4910416671875 0.76375 0.46979166718750004 0.74109375 0.46979166718750004 0.74109375 0.4910416671875 0.76375 0.4910416671875
1 0.74921875 0.2704166671875 0.74921875 0.2370833328125 0.71046875 0.2370833328125 0.71046875 0.2704166671875 0.74921875 0.2704166671875
1 0.74828125 0.315 0.74828125 0.28625 0.7109375 0.28625 0.7109375 0.315 0.74828125 0.315
1 0.7424999999999999 0.16229166718750002 0.7424999999999999 0.1208333328125 0.71 0.1208333328125 0.71 0.16229166718750002 0.7424999999999999 0.16229166718750002
1 0.7424999999999999 0.1208333328125 0.7424999999999999 0.08125 0.71 0.08125 0.71 0.1208333328125 0.7424999999999999 0.1208333328125
1 0.740625 0.080625 0.740625 0.0366666671875 0.70765625 0.0366666671875 0.70765625 0.080625 0.740625 0.080625
1 0.7090625 0 0.7090625 0.0285416671875 0.73734375 0.0285416671875 0.73734375 0 0.7090625 0
1 0.7684375 0.18687499999999999 0.7684375 0.1491666671875 0.7415625 0.1491666671875 0.7415625 0.18687499999999999 0.7684375 0.18687499999999999
1 0.7665625 0.1472916671875 0.7665625 0.1120833328125 0.7420312499999999 0.1120833328125 0.7420312499999999 0.1472916671875 0.7665625 0.1472916671875
1 0.7646875 0.0610416671875 0.7646875 0.0214583328125 0.73640625 0.0214583328125 0.73640625 0.0610416671875 0.7646875 0.0610416671875
1 0.73875 0 0.73875 0.0270833328125 0.76 0.0270833328125 0.76 0 0.73875 0
1 0.7826562499999999 0.0585416671875 0.7826562499999999 0.029166667187500002 0.7614062500000001 0.029166667187500002 0.7614062500000001 0.0585416671875 0.7826562499999999 0.0585416671875
1 0.78640625 0.1385416671875 0.78640625 0.1108333328125 0.7665625 0.1108333328125 0.7665625 0.1385416671875 0.78640625 0.1385416671875
1 0.7878125 0.1697916671875 0.7878125 0.1416666671875 0.76796875 0.1416666671875 0.76796875 0.1697916671875 0.7878125 0.1697916671875
1 0.78828125 0.20625 0.78828125 0.1775 0.7665625 0.1775 0.7665625 0.20625 0.78828125 0.20625
1 0.766875 0.3235416671875 0.766875 0.3 0.74828125 0.3 0.74828125 0.3235416671875 0.766875 0.3235416671875
1 0.7884375 0.3322916671875 0.7884375 0.3104166671875 0.766875 0.3104166671875 0.766875 0.3322916671875 0.7884375 0.3322916671875
1 0.7871875 0.29625 0.7871875 0.2710416671875 0.76171875 0.2710416671875 0.76171875 0.29625 0.7871875 0.29625
1 0.8104687500000001 0.34020833281249996 0.8104687500000001 0.3235416671875 0.791875 0.3235416671875 0.791875 0.34020833281249996 0.8104687500000001 0.34020833281249996
1 0.806875 0.4214583328125 0.806875 0.4025 0.7871875 0.4025 0.7871875 0.4214583328125 0.806875 0.4214583328125
1 0.80375 0.4747916671875 0.80375 0.45958333281249997 0.78609375 0.45958333281249997 0.78609375 0.4747916671875 0.80375 0.4747916671875
1 0.81859375 0.47062499999999996 0.81859375 0.4564583328125 0.8040625 0.4564583328125 0.8040625 0.47062499999999996 0.81859375 0.47062499999999996
1 0.83125 0.4204166671875 0.83125 0.40833333281249995 0.8159375000000001 0.40833333281249995 0.8159375000000001 0.4204166671875 0.83125 0.4204166671875
1 0.8315625000000001 0.3491666671875 0.8315625000000001 0.3366666671875 0.8182812500000001 0.3366666671875 0.8182812500000001 0.3491666671875 0.8315625000000001 0.3491666671875
4 0.6740625 0.5352083328125 0.6740625 0.31979166718749996 0.45187499999999997 0.31979166718749996 0.45187499999999997 0.5352083328125 0.6740625 0.5352083328125
4 0.0221875 0.000625 0.0221875 0.196875 0.23562500000000003 0.196875 0.23562500000000003 0.000625 0.0221875 0.000625