1 0 0.8864583328125001 0.24234375 0.8864583328125001 0.24234375 0.711875 0 0.711875 0 0.8864583328125001
1 0.6207812500000001 0.680625 0.6207812500000001 0.589375 0.26203125 0.589375 0.26203125 0.680625 0.6207812500000001 0.680625
1 0.76734375 0.6335416671874999 0.76734375 0.5879166671875 0.6793750000000001 0.5879166671875 0.6793750000000001 0.6335416671874999 0.76734375 0.6335416671874999
1 0.825 0.6322916671875001 0.825 0.591875 0.7654687499999999 0.591875 0.7654687499999999 0.6322916671875001 0.825 0.6322916671875001
1 0.8660937499999999 0.620625 0.8660937499999999 0.5879166671875 0.8231249999999999 0.5879166671875 0.8231249999999999 0.620625 0.8660937499999999 0.620625
1 0.8964062500000001 0.6166666671875001 0.8964062500000001 0.589375 0.8621874999999999 0.589375 0.8621874999999999 0.6166666671875001 0.8964062500000001 0.6166666671875001
1 0.9198437500000001 0.6127083328125 0.9198437500000001 0.593125 0.89453125 0.593125 0.89453125 0.6127083328125 0.9198437500000001 0.6127083328125
1 0.31671875 0 0.31671875 0.1616666671875 0.5454687500000001 0.1616666671875 0.5454687500000001 0 0.31671875 0
1 0.6910937500000001 0.2816666671875 0.6910937500000001 0.1447916671875 0.5298437500000001 0.1447916671875 0.5298437500000001 0.2816666671875 0.6910937500000001 0.2816666671875
1 0.7565625 0.32999999999999996 0.7565625 0.2529166671875 0.68921875 0.2529166671875 0.68921875 0.32999999999999996 0.7565625 0.32999999999999996
1 0.8309374999999999 0.38333333281250004 0.8309374999999999 0.3260416671875 0.77421875 0.3260416671875 0.77421875 0.38333333281250004 0.8309374999999999 0.38333333281250004
1 0.8778124999999999 0.4158333328125 0.8778124999999999 0.3664583328125 0.8309374999999999 0.3664583328125 0.8309374999999999 0.4158333328125 0.8778124999999999 0.4158333328125
1 0.90328125 0.438125 0.90328125 0.39375 0.8729687500000001 0.39375 0.8729687500000001 0.438125 0.90328125 0.438125
1 0.9071875 0.2608333328125 0.9071875 0.20354166718750002 0.868125 0.20354166718750002 0.868125 0.2608333328125 0.9071875 0.2608333328125
1 0.95609375 0.3325 0.95609375 0.284375 0.9237500000000001 0.284375 0.9237500000000001 0.3325 0.95609375 0.3325
1 0.96875 0.3508333328125 0.96875 0.3116666671875 0.9471875000000001 0.3116666671875 0.9471875000000001 0.3508333328125 0.96875 0.3508333328125
1 0.9120312500000001 0.0704166671875 0.9120312500000001 0.0054166671875 0.87984375 0.0054166671875 0.87984375 0.0704166671875 0.9120312500000001 0.0704166671875
1 0.93453125 0.12125 0.93453125 0.0783333328125 0.9090624999999999 0.0783333328125 0.9090624999999999 0.12125 0.93453125 0.12125
1 0.9609375 0.6114583328125 0.9609375 0.5879166671875 0.94046875 0.5879166671875 0.94046875 0.6114583328125 0.9609375 0.6114583328125