1 0 0.1864583328125 0.25515625000000003 0.1864583328125 0.25515625000000003 0.0822916671875 0 0.0822916671875 0 0.1864583328125
1 0 0.6947916671875001 0.33921875 0.6947916671875001 0.33921875 0.528125 0 0.528125 0 0.6947916671875001
1 0.40171875 1 0.40171875 0.82125 0.00296875 0.82125 0.00296875 1 0.40171875 1
1 0.5640625 0.81875 0.5640625 0.653125 0.3725 0.653125 0.3725 0.81875 0.5640625 0.81875
1 0.75078125 0.63625 0.75078125 0.5370833328125 0.57765625 0.5370833328125 0.57765625 0.63625 0.75078125 0.63625
1 0.7771874999999999 0.3077083328125 0.7771874999999999 0.24125000000000002 0.6676562500000001 0.24125000000000002 0.6676562500000001 0.3077083328125 0.7771874999999999 0.3077083328125
1 0.76828125 0.0914583328125 0.76828125 0.00020833281250000002 0.6793750000000001 0.00020833281250000002 0.6793750000000001 0.0914583328125 0.76828125 0.0914583328125
1 0.809375 0.3220833328125 0.809375 0.28291666718749997 0.7721875 0.28291666718749997 0.7721875 0.3220833328125 0.809375 0.3220833328125
1 0.818125 0.1591666671875 0.818125 0.0966666671875 0.77421875 0.0966666671875 0.77421875 0.1591666671875 0.818125 0.1591666671875
1 0.8103125 0.5266666671875 0.8103125 0.49020833281250004 0.7721875 0.49020833281250004 0.7721875 0.5266666671875 0.8103125 0.5266666671875
1 0.8396874999999999 0.5045833328125 0.8396874999999999 0.47583333281250006 0.8114062499999999 0.47583333281250006 0.8114062499999999 0.5045833328125 0.8396874999999999 0.5045833328125
1 0.8592187499999999 0.48624999999999996 0.8592187499999999 0.468125 0.8378125000000001 0.468125 0.8378125000000001 0.48624999999999996 0.8592187499999999 0.48624999999999996
1 0.8739062499999999 0.47583333281250006 0.8739062499999999 0.4577083328125 0.85640625 0.4577083328125 0.85640625 0.47583333281250006 0.8739062499999999 0.47583333281250006
1 0.8435937499999999 0.3404166671875 0.8435937499999999 0.31416666718749997 0.81328125 0.31416666718749997 0.81328125 0.3404166671875 0.8435937499999999 0.3404166671875
1 0.8631249999999999 0.35208333281250004 0.8631249999999999 0.32999999999999996 0.8426562499999999 0.32999999999999996 0.8426562499999999 0.35208333281250004 0.8631249999999999 0.35208333281250004
1 0.8739062499999999 0.3585416671875 0.8739062499999999 0.33645833281250004 0.8592187499999999 0.33645833281250004 0.8592187499999999 0.3585416671875 0.8739062499999999 0.3585416671875
1 0.9881249999999999 0.41125 0.9881249999999999 0.4014583328125 0.96328125 0.4014583328125 0.96328125 0.41125 0.9881249999999999 0.41125
1 0.98703125 0.4170833328125 0.98703125 0.41208333281250004 0.9671875 0.41208333281250004 0.9671875 0.4170833328125 0.98703125 0.4170833328125
1 0.9890625 0.42270833281250003 0.9890625 0.41875 0.96546875 0.41875 0.96546875 0.42270833281250003 0.9890625 0.42270833281250003
1 0.9890625 0.426875 0.9890625 0.42270833281250003 0.96453125 0.42270833281250003 0.96453125 0.426875 0.9890625 0.426875
1 0.99046875 0.4314583328125 0.99046875 0.426875 0.96453125 0.426875 0.96453125 0.4314583328125 0.99046875 0.4314583328125
1 0.99046875 0.4370833328125 0.99046875 0.4314583328125 0.96421875 0.4314583328125 0.96421875 0.4370833328125 0.99046875 0.4370833328125
1 0.990625 0.4420833328125 0.990625 0.4370833328125 0.96421875 0.4370833328125 0.96421875 0.4420833328125 0.990625 0.4420833328125
1 0.990625 0.4485416671875 0.990625 0.4420833328125 0.9637499999999999 0.4420833328125 0.9637499999999999 0.4485416671875 0.990625 0.4485416671875
1 0.9896874999999999 0.45395833281250003 0.9896874999999999 0.4485416671875 0.9637499999999999 0.4485416671875 0.9637499999999999 0.45395833281250003 0.9896874999999999 0.45395833281250003