1 1 0.0320833328125 0.87375 0.0320833328125 0.87375 0.0985416671875 1 0.0985416671875 1 0.0320833328125
1 1 0.10833333281249999 0.8904687499999999 0.10833333281249999 0.8904687499999999 0.1695833328125 1 0.1695833328125 1 0.10833333281249999
1 0.7798437500000001 0.2645833328125 0.7798437500000001 0.2375 0.7184375000000001 0.2375 0.7184375000000001 0.2645833328125 0.7798437500000001 0.2645833328125
1 0.83265625 0.2770833328125 0.83265625 0.2525 0.7798437500000001 0.2525 0.7798437500000001 0.2770833328125 0.83265625 0.2770833328125
1 0.8740625 0.2908333328125 0.8740625 0.2670833328125 0.8345312500000001 0.2670833328125 0.8345312500000001 0.2908333328125 0.8740625 0.2908333328125
1 0.70484375 0.1885416671875 0.70484375 0.1545833328125 0.62 0.1545833328125 0.62 0.1885416671875 0.70484375 0.1885416671875
1 0.76609375 0.1979166671875 0.76609375 0.1689583328125 0.71375 0.1689583328125 0.71375 0.1979166671875 0.76609375 0.1979166671875
1 0.8703125 0.1677083328125 0.8703125 0.139375 0.82453125 0.139375 0.82453125 0.1677083328125 0.8703125 0.1677083328125
1 0.59171875 0.1677083328125 0.59171875 0.1558333328125 0.54359375 0.1558333328125 0.54359375 0.1677083328125 0.59171875 0.1677083328125
1 0.58984375 0.1789583328125 0.58984375 0.1633333328125 0.5431250000000001 0.1633333328125 0.5431250000000001 0.1789583328125 0.58984375 0.1789583328125
1 0.5912499999999999 0.2839583328125 0.5912499999999999 0.2670833328125 0.5393749999999999 0.2670833328125 0.5393749999999999 0.2839583328125 0.5912499999999999 0.2839583328125
1 0.62703125 0.2864583328125 0.62703125 0.2702083328125 0.5921875 0.2702083328125 0.5921875 0.2864583328125 0.62703125 0.2864583328125
1 0.5884375000000001 0.3752083328125 0.5884375000000001 0.361875 0.5393749999999999 0.361875 0.5393749999999999 0.3752083328125 0.5884375000000001 0.3752083328125
1 0.8146875 0.2116666671875 0.8146875 0.1891666671875 0.7721875 0.1891666671875 0.7721875 0.2116666671875 0.8146875 0.2116666671875
1 0.83359375 0.0714583328125 0.83359375 0.016875 0.7345312500000001 0.016875 0.7345312500000001 0.0714583328125 0.83359375 0.0714583328125
2 0.6131249999999999 0.1929166671875 0.6131249999999999 0.5439583328125 0.743125 0.5439583328125 0.743125 0.1929166671875 0.6131249999999999 0.1929166671875
4 0.6625 0.4891666671875 0.6625 0.3595833328125 0.5231250000000001 0.3595833328125 0.5231250000000001 0.4891666671875 0.6625 0.4891666671875
4 0.7721875 0.1352083328125 0.7721875 0.050624999999999996 0.660625 0.050624999999999996 0.660625 0.1352083328125 0.7721875 0.1352083328125
3 0.82265625 0.37374999999999997 0.82265625 0.35 0.7576562499999999 0.35 0.7576562499999999 0.37374999999999997 0.82265625 0.37374999999999997