1 0.57890625 0.8393750000000001 0.57890625 0.7039583328125001 0.37953125 0.7039583328125001 0.37953125 0.8393750000000001 0.57890625 0.8393750000000001
1 0.6825 0.7972916671875 0.6825 0.689375 0.5759375 0.689375 0.5759375 0.7972916671875 0.6825 0.7972916671875
1 0.77921875 0.739375 0.77921875 0.6802083328124999 0.70234375 0.6802083328124999 0.70234375 0.739375 0.77921875 0.739375
1 0.849375 0.7289583328125 0.849375 0.6670833328125 0.7654687499999999 0.6670833328125 0.7654687499999999 0.7289583328125 0.849375 0.7289583328125
1 0.7496875000000001 0.08937500000000001 0.7496875000000001 0.20270833281249998 0.8217187499999999 0.20270833281249998 0.8217187499999999 0.08937500000000001 0.7496875000000001 0.08937500000000001
1 0.8128125 0.1552083328125 0.8128125 0.27229166718750003 0.8740625 0.27229166718750003 0.8740625 0.1552083328125 0.8128125 0.1552083328125
1 0.87109375 0.23020833281250003 0.87109375 0.3039583328125 0.9145312499999999 0.3039583328125 0.9145312499999999 0.23020833281250003 0.87109375 0.23020833281250003
1 0.9184374999999999 0.285625 0.9184374999999999 0.3447916671875 0.94796875 0.3447916671875 0.94796875 0.285625 0.9184374999999999 0.285625
1 0.943125 0.31979166718749996 0.943125 0.3722916671875 0.9737500000000001 0.3722916671875 0.9737500000000001 0.31979166718749996 0.943125 0.31979166718749996
1 0.609375 0.0014583328125 0.609375 0.1179166671875 0.7381249999999999 0.1179166671875 0.7381249999999999 0.0014583328125 0.609375 0.0014583328125
1 0.88203125 0.0110416671875 0.88203125 0.0585416671875 0.9360937500000001 0.0585416671875 0.9360937500000001 0.0110416671875 0.88203125 0.0110416671875
1 0.9275 0.0527083328125 0.9275 0.13229166718750002 0.9715624999999999 0.13229166718750002 0.9715624999999999 0.0527083328125 0.9275 0.0527083328125
1 0.93296875 0.6945833328125001 0.93296875 0.651875 0.8885937500000001 0.651875 0.8885937500000001 0.6945833328125001 0.93296875 0.6945833328125001
1 0.9692187499999999 0.6858333328125 0.9692187499999999 0.6431250000000001 0.93140625 0.6431250000000001 0.93140625 0.6858333328125 0.9692187499999999 0.6858333328125
4 0.38468749999999996 0.903125 0.38468749999999996 0.0379166671875 0.001875 0.0379166671875 0.001875 0.903125 0.38468749999999996 0.903125
4 0.90390625 0.701875 0.90390625 0.45583333281250005 0.7846875 0.45583333281250005 0.7846875 0.701875 0.90390625 0.701875
3 0.63046875 0.255 0.63046875 0.041249999999999995 0.53671875 0.041249999999999995 0.53671875 0.255 0.63046875 0.255
3 0.69015625 0.2754166671875 0.69015625 0.1116666671875 0.6287499999999999 0.1116666671875 0.6287499999999999 0.2754166671875 0.69015625 0.2754166671875
3 0.81125 0.35270833281249997 0.81125 0.2208333328125 0.73625 0.2208333328125 0.73625 0.35270833281249997 0.81125 0.35270833281249997
3 0.92546875 0.42083333281249996 0.92546875 0.3391666671875 0.8760937500000001 0.3391666671875 0.8760937500000001 0.42083333281249996 0.92546875 0.42083333281249996
3 0.5 0.748125 0.5 0.61875 0.375625 0.61875 0.375625 0.748125 0.5 0.748125
1 0.7721875 0.5470833328125 0.7721875 0.5097916671875 0.7262500000000001 0.5097916671875 0.7262500000000001 0.5470833328125 0.7721875 0.5470833328125