1 0.24734375000000003 0.5670833328125 0.24734375000000003 0.5110416671875 0.11921875 0.5110416671875 0.11921875 0.5670833328125 0.24734375000000003 0.5670833328125
1 0.20234375 0.44729166718749996 0.20234375 0.4158333328125 0.09578125 0.4158333328125 0.09578125 0.44729166718749996 0.20234375 0.44729166718749996
1 0.0528125 0.26 0.0528125 0.2508333328125 0.0246875 0.2508333328125 0.0246875 0.26 0.0528125 0.26
1 0.0503125 0.3070833328125 0.0503125 0.2977083328125 0.019375 0.2977083328125 0.019375 0.3070833328125 0.0503125 0.3070833328125
1 0.04953125 0.3241666671875 0.04953125 0.3166666671875 0.0228125 0.3166666671875 0.0228125 0.3241666671875 0.04953125 0.3241666671875
1 0.045625 0.45125000000000004 0.045625 0.4325 0.021718750000000002 0.4325 0.021718750000000002 0.45125000000000004 0.045625 0.45125000000000004
2 0.15 0.47874999999999995 0.15 0.246875 0.07109375 0.246875 0.07109375 0.47874999999999995 0.15 0.47874999999999995
4 0.7106250000000001 0.7185416671875 0.7106250000000001 0.3672916671875 0.4 0.3672916671875 0.4 0.7185416671875 0.7106250000000001 0.7185416671875
4 0.39609375 0.47874999999999995 0.39609375 0.3635416671875 0.2875 0.3635416671875 0.2875 0.47874999999999995 0.39609375 0.47874999999999995
4 0.0009375 0.37374999999999997 0.0009375 0.448125 0.05765625 0.448125 0.05765625 0.37374999999999997 0.0009375 0.37374999999999997
3 0.9232812499999999 0.639375 0.9232812499999999 0.489375 0.805 0.489375 0.805 0.639375 0.9232812499999999 0.639375