1 0.48171875000000003 0.12125 0.48171875000000003 0.026250000000000002 0.2009375 0.026250000000000002 0.2009375 0.12125 0.48171875000000003 0.12125
1 0.348125 0.1160416671875 0.348125 0.0058333328125 0.0028125 0.0058333328125 0.0028125 0.1160416671875 0.348125 0.1160416671875
1 0.3115625 0.0935416671875 0.3115625 0.1977083328125 0.5665625000000001 0.1977083328125 0.5665625000000001 0.0935416671875 0.3115625 0.0935416671875
1 0.4571875 0.1433333328125 0.4571875 0.21729166718749998 0.6146874999999999 0.21729166718749998 0.6146874999999999 0.1433333328125 0.4571875 0.1433333328125
1 0.5653125 0.178125 0.5653125 0.236875 0.6575 0.236875 0.6575 0.178125 0.5653125 0.178125
1 0.64109375 0.1654166671875 0.64109375 0.20916666718750002 0.6795312499999999 0.20916666718750002 0.6795312499999999 0.1654166671875 0.64109375 0.1654166671875
1 0.6771874999999999 0.190625 0.6771874999999999 0.2241666671875 0.701875 0.2241666671875 0.701875 0.190625 0.6771874999999999 0.190625
1 0.620625 0.20729166718749997 0.620625 0.25375000000000003 0.6799999999999999 0.25375000000000003 0.6799999999999999 0.20729166718749997 0.620625 0.20729166718749997
1 0.66140625 0.22833333281249998 0.66140625 0.2766666671875 0.7 0.2766666671875 0.7 0.22833333281249998 0.66140625 0.22833333281249998
1 0.6915625000000001 0.24500000000000002 0.6915625000000001 0.2785416671875 0.71796875 0.2785416671875 0.71796875 0.24500000000000002 0.6915625000000001 0.24500000000000002
1 0.98203125 0.2766666671875 0.98203125 0.30874999999999997 0.99828125 0.30874999999999997 0.99828125 0.2766666671875 0.98203125 0.2766666671875
3 0.34734375 0.588125 0.34734375 0.4954166671875 0.1909375 0.4954166671875 0.1909375 0.588125 0.34734375 0.588125
3 0.343125 0.6658333328125 0.343125 0.573125 0.26625 0.573125 0.26625 0.6658333328125 0.343125 0.6658333328125
3 0.26625 0.6866666671874999 0.26625 0.573125 0.15265625 0.573125 0.15265625 0.6866666671874999 0.26625 0.6866666671874999
3 0.10140625 0.5920833328125 0.10140625 0.7170833328125 0.18671875 0.7170833328125 0.18671875 0.5920833328125 0.10140625 0.5920833328125
3 0.10578125000000001 0.6772916671875 0.10578125000000001 0.5616666671874999 0.00203125 0.5616666671874999 0.00203125 0.6772916671875 0.10578125000000001 0.6772916671875
3 0.104375 0.7491666671874999 0.104375 0.6487499999999999 0.00484375 0.6487499999999999 0.00484375 0.7491666671874999 0.104375 0.7491666671874999
3 0.0034375000000000005 0.3872916671875 0.0034375000000000005 0.4727083328125 0.04328125 0.4727083328125 0.04328125 0.3872916671875 0.0034375000000000005 0.3872916671875
3 0.00484375 0.2964583328125 0.00484375 0.3835416671875 0.0290625 0.3835416671875 0.0290625 0.2964583328125 0.00484375 0.2964583328125
3 0.15125 0.45187499999999997 0.15125 0.3854166671875 0.054531249999999996 0.3854166671875 0.054531249999999996 0.45187499999999997 0.15125 0.45187499999999997
3 0.4184375 0.42895833281250006 0.4184375 0.3645833328125 0.2990625 0.3645833328125 0.2990625 0.42895833281250006 0.4184375 0.42895833281250006
3 0.44828124999999996 0.4214583328125 0.44828124999999996 0.3645833328125 0.40843749999999995 0.3645833328125 0.40843749999999995 0.4214583328125 0.44828124999999996 0.4214583328125
3 0.48796875 0.3779166671875 0.48796875 0.3285416671875 0.385625 0.3285416671875 0.385625 0.3779166671875 0.48796875 0.3779166671875
3 0.48796875 0.4252083328125 0.48796875 0.3779166671875 0.4453125 0.3779166671875 0.4453125 0.4252083328125 0.48796875 0.4252083328125
3 0.5121875 0.3704166671875 0.5121875 0.33625 0.48515625 0.33625 0.48515625 0.3704166671875 0.5121875 0.3704166671875
3 0.5121875 0.4329166671875 0.5121875 0.3797916671875 0.4809375 0.3797916671875 0.4809375 0.4329166671875 0.5121875 0.4329166671875
3 0.5278125 0.3835416671875 0.5278125 0.33625 0.509375 0.33625 0.509375 0.3835416671875 0.5278125 0.3835416671875
3 0.55671875 0.38229166718749996 0.55671875 0.33729166718750003 0.52625 0.33729166718750003 0.52625 0.38229166718749996 0.55671875 0.38229166718749996
3 0.58890625 0.41770833281249997 0.58890625 0.3514583328125 0.5548437500000001 0.3514583328125 0.5548437500000001 0.41770833281249997 0.58890625 0.41770833281249997
3 0.5590625 0.42062499999999997 0.5590625 0.39125 0.5287499999999999 0.39125 0.5287499999999999 0.42062499999999997 0.5590625 0.42062499999999997
3 0.5303125 0.4172916671875 0.5303125 0.38125 0.50984375 0.38125 0.50984375 0.4172916671875 0.5303125 0.4172916671875
3 0.6015625 0.4216666671875 0.6015625 0.3858333328125 0.57078125 0.3858333328125 0.57078125 0.4216666671875 0.6015625 0.4216666671875
3 0.64265625 0.41624999999999995 0.64265625 0.3797916671875 0.5940624999999999 0.3797916671875 0.5940624999999999 0.41624999999999995 0.64265625 0.41624999999999995
3 0.67578125 0.41624999999999995 0.67578125 0.3827083328125 0.63875 0.3827083328125 0.63875 0.41624999999999995 0.67578125 0.41624999999999995
3 0.69703125 0.38125 0.69703125 0.3679166671875 0.65921875 0.3679166671875 0.65921875 0.38125 0.69703125 0.38125
3 0.69453125 0.3954166671875 0.69453125 0.385625 0.6682812499999999 0.385625 0.6682812499999999 0.3954166671875 0.69453125 0.3954166671875
3 0.69296875 0.4129166671875 0.69296875 0.3977083328125 0.67484375 0.3977083328125 0.67484375 0.4129166671875 0.69296875 0.4129166671875
3 0.66171875 0.515 0.66171875 0.429375 0.579375 0.429375 0.579375 0.515 0.66171875 0.515
3 0.62953125 0.4797916671875 0.62953125 0.4545833328125 0.56296875 0.4545833328125 0.56296875 0.4797916671875 0.62953125 0.4797916671875
3 0.6271875 0.49749999999999994 0.6271875 0.4797916671875 0.56296875 0.4797916671875 0.56296875 0.49749999999999994 0.6271875 0.49749999999999994
3 0.62796875 0.5170833328125 0.62796875 0.49749999999999994 0.60984375 0.49749999999999994 0.60984375 0.5170833328125 0.62796875 0.5170833328125
3 0.58265625 0.55 0.58265625 0.491875 0.47421875 0.491875 0.47421875 0.55 0.58265625 0.55
3 0.4971875 0.5839583328125 0.4971875 0.51375 0.3525 0.51375 0.3525 0.5839583328125 0.4971875 0.5839583328125
3 0.7379687500000001 0.52 0.7379687500000001 0.45520833281249995 0.6834374999999999 0.45520833281249995 0.6834374999999999 0.52 0.7379687500000001 0.52
3 0.35265625 0.00625 0.35265625 0.06 0.43671875 0.06 0.43671875 0.00625 0.35265625 0.00625
3 0.388125 0.003125 0.388125 0.022083332812500002 0.43203125 0.022083332812500002 0.43203125 0.003125 0.388125 0.003125
3 0.4403125 0.003125 0.4403125 0.033125 0.48640625000000004 0.033125 0.48640625000000004 0.003125 0.4403125 0.003125
3 0.48171875000000003 0.0566666671875 0.48171875000000003 0.0141666671875 0.434375 0.0141666671875 0.434375 0.0566666671875 0.48171875000000003 0.0566666671875
3 0.43078125 0.0379166671875 0.43078125 0.0835416671875 0.4828125 0.0835416671875 0.4828125 0.0379166671875 0.43078125 0.0379166671875
3 0.53734375 0.1279166671875 0.53734375 0.0789583328125 0.48046875 0.0789583328125 0.48046875 0.1279166671875 0.53734375 0.1279166671875
3 0.6364062500000001 0.1329166671875 0.6364062500000001 0.10916666718750001 0.58515625 0.10916666718750001 0.58515625 0.1329166671875 0.6364062500000001 0.1329166671875
3 0.6364062500000001 0.1445833328125 0.6364062500000001 0.1329166671875 0.5840625 0.1329166671875 0.5840625 0.1445833328125 0.6364062500000001 0.1445833328125
3 0.6325000000000001 0.16833333281250001 0.6325000000000001 0.1445833328125 0.5840625 0.1445833328125 0.5840625 0.16833333281250001 0.6325000000000001 0.16833333281250001
3 0.6325000000000001 0.1866666671875 0.6325000000000001 0.16833333281250001 0.60390625 0.16833333281250001 0.60390625 0.1866666671875 0.6325000000000001 0.1866666671875