1 0.36390625 0.9568749999999999 0.36390625 0.78625 0.0025 0.78625 0.0025 0.9568749999999999 0.36390625 0.9568749999999999
1 0.729375 0.784375 0.729375 0.7066666671874999 0.60859375 0.7066666671874999 0.60859375 0.784375 0.729375 0.784375
1 0.6228125 0.5210416671875 0.6228125 0.5872916671875 0.8032812500000001 0.5872916671875 0.8032812500000001 0.5210416671875 0.6228125 0.5210416671875
1 0.81328125 0.7427083328124999 0.81328125 0.6820833328125 0.73234375 0.6820833328125 0.73234375 0.7427083328124999 0.81328125 0.7427083328124999
1 0.8573437500000001 0.6725 0.8573437500000001 0.6404166671875 0.7934375 0.6404166671875 0.7934375 0.6725 0.8573437500000001 0.6725
1 0.86015625 0.725625 0.86015625 0.6725 0.80625 0.6725 0.80625 0.725625 0.86015625 0.725625
1 0.9184374999999999 0.7104166671875001 0.9184374999999999 0.665 0.8715624999999999 0.665 0.8715624999999999 0.7104166671875001 0.9184374999999999 0.7104166671875001
1 0.8771875 0.54375 0.8771875 0.5816666671874999 0.9184374999999999 0.5816666671874999 0.9184374999999999 0.54375 0.8771875 0.54375
1 0.9473437499999999 0.6229166671875 0.9473437499999999 0.5864583328124999 0.9184374999999999 0.5864583328124999 0.9184374999999999 0.6229166671875 0.9473437499999999 0.6229166671875
1 0.9439062500000001 0.6933333328125 0.9439062500000001 0.6622916671875 0.9129687499999999 0.6622916671875 0.9129687499999999 0.6933333328125 0.9439062500000001 0.6933333328125
1 0.8934374999999999 0.2464583328125 0.8934374999999999 0.3064583328125 0.9290625 0.3064583328125 0.9290625 0.2464583328125 0.8934374999999999 0.2464583328125
1 0.8371875 0.1883333328125 0.8371875 0.254375 0.878125 0.254375 0.878125 0.1883333328125 0.8371875 0.1883333328125
1 0.76953125 0.08541666718749999 0.76953125 0.20812499999999998 0.83296875 0.20812499999999998 0.83296875 0.08541666718749999 0.76953125 0.08541666718749999
1 0.6371875 0.00041666718749999997 0.6371875 0.1314583328125 0.77609375 0.1314583328125 0.77609375 0.00041666718749999997 0.6371875 0.00041666718749999997
1 0.92703125 0.2858333328125 0.92703125 0.34750000000000003 0.9595312500000001 0.34750000000000003 0.9595312500000001 0.2858333328125 0.92703125 0.2858333328125
4 0.614375 0.8379166671875 0.614375 0.2595833328125 0.24140625 0.2595833328125 0.24140625 0.8379166671875 0.614375 0.8379166671875
3 0.573125 0.0814583328125 0.573125 0.2708333328125 0.6953125 0.2708333328125 0.6953125 0.0814583328125 0.573125 0.0814583328125
3 0.811875 0.35625 0.811875 0.306875 0.770625 0.306875 0.770625 0.35625 0.811875 0.35625