1 0.0046875 0.629375 0.0046875 0.8395833328125001 0.48640625000000004 0.8395833328125001 0.48640625000000004 0.629375 0.0046875 0.629375
1 0.6342187499999999 0.7885416671875001 0.6342187499999999 0.688125 0.49640625 0.688125 0.49640625 0.7885416671875001 0.6342187499999999 0.7885416671875001
1 0.64546875 0.5308333328125 0.64546875 0.453125 0.2546875 0.453125 0.2546875 0.5308333328125 0.64546875 0.5308333328125
1 0.3444914765625 0.2920833328125 0.33666193125 0.2920833328125 0.337560634375 0.3018314671875 0.329671175 0.30118159218749996 0.3288323859375 0.2920833328125 0.32178171718750004 0.3005317171875 0.321002840625 0.2920833328125 0.30534374999999997 0.2920833328125 0.3060027984375 0.29923196406249997 0.29811333906250004 0.2985820890625 0.2975142046875 0.2920833328125 0.29022388125 0.2979322140625 0.289684659375 0.2920833328125 0.28185511406249997 0.2920833328125 0.282334421875 0.2972823375 0.2744449625 0.29663246249999997 0.27402556875 0.2920833328125 0.266555503125 0.2959825875 0.2661960234375 0.2920833328125 0.2586660453125 0.2953327109375 0.2583664765625 0.2920833328125 0.2507765859375 0.2946828359375 0.25053693125 0.2920833328125 0.24288712656250003 0.2940329609375 0.24270738593750002 0.2920833328125 0.23499766718749998 0.2933830859375 0.234877840625 0.2920833328125 0.21921875000000002 0.2920833328125 0.21921875000000002 0.4170833328125 0.6498437499999999 0.4170833328125 0.65125 0.41333333281250006 0.7478125 0.41333333281250006 0.7478125 0.335625 0.6531389921875 0.3278264921875 0.6498437499999999 0.3233333328125 0.6498437499999999 0.2920833328125 0.3523210234375 0.2920833328125 0.3533395515625 0.30313121875000004 0.34545009375 0.30248134375 0.3444914765625 0.2920833328125
1 0.79765625 0.6027083328125 0.79765625 0.5591666671875 0.7265625 0.5591666671875 0.7265625 0.6027083328125 0.79765625 0.6027083328125
1 0.80046875 0.7183333328125 0.80046875 0.6558333328125 0.72375 0.6558333328125 0.72375 0.7183333328125 0.80046875 0.7183333328125
1 0.8828125 0.703125 0.8828125 0.6577083328125 0.791875 0.6577083328125 0.791875 0.703125 0.8828125 0.703125
1 0.8771875 0.5858333328125 0.8771875 0.5420833328125 0.791875 0.5420833328125 0.791875 0.5858333328125 0.8771875 0.5858333328125
1 0.3109375 0.004791667187499999 0.3109375 0.1297916671875 0.52921875 0.1297916671875 0.52921875 0.004791667187499999 0.3109375 0.004791667187499999
1 0.6485937500000001 0.20249999999999999 0.6485937500000001 0.052500000000000005 0.52234375 0.052500000000000005 0.52234375 0.20249999999999999 0.6485937500000001 0.20249999999999999
1 0.77140625 0.15479166718749998 0.77140625 0.041041667187500006 0.6690625 0.041041667187500006 0.6690625 0.15479166718749998 0.77140625 0.15479166718749998
1 0.553125 0.004791667187499999 0.553125 0.0479166671875 0.66734375 0.0479166671875 0.66734375 0.004791667187499999 0.553125 0.004791667187499999
1 0.75265625 0.284375 0.75265625 0.15020833281249998 0.6434375 0.15020833281249998 0.6434375 0.284375 0.75265625 0.284375
1 0.8207812499999999 0.3320833328125 0.8207812499999999 0.234375 0.75265625 0.234375 0.75265625 0.3320833328125 0.8207812499999999 0.3320833328125
1 0.87203125 0.3616666671875 0.87203125 0.2889583328125 0.8276562500000001 0.2889583328125 0.8276562500000001 0.3616666671875 0.87203125 0.3616666671875
1 0.8856249999999999 0.26395833281250003 0.8856249999999999 0.1866666671875 0.7798437500000001 0.1866666671875 0.7798437500000001 0.26395833281250003 0.8856249999999999 0.26395833281250003
1 0.8670312499999999 0.33166666718750004 0.8670312499999999 0.3920833328125 0.92734375 0.3920833328125 0.92734375 0.33166666718750004 0.8670312499999999 0.33166666718750004
1 0.8809374999999999 0.2420833328125 0.8809374999999999 0.3027083328125 0.9282812500000001 0.3027083328125 0.9282812500000001 0.2420833328125 0.8809374999999999 0.2420833328125
1 0.91046875 0.47895833281250005 0.91046875 0.43562500000000004 0.87890625 0.43562500000000004 0.87890625 0.47895833281250005 0.91046875 0.47895833281250005
1 0.9509375 0.4920833328125 0.9509375 0.46187500000000004 0.9145312499999999 0.46187500000000004 0.9145312499999999 0.4920833328125 0.9509375 0.4920833328125
1 0.97359375 0.67375 0.97359375 0.6487499999999999 0.94609375 0.6487499999999999 0.94609375 0.67375 0.97359375 0.67375
1 0.78953125 0.0016666671875 0.78953125 0.0585416671875 0.8846875000000001 0.0585416671875 0.8846875000000001 0.0016666671875 0.78953125 0.0016666671875
1 0.934375 0.12854166718749999 0.934375 0.0414583328125 0.8903125 0.0414583328125 0.8903125 0.12854166718749999 0.934375 0.12854166718749999
1 0.96421875 0.1816666671875 0.96421875 0.1002083328125 0.93578125 0.1002083328125 0.93578125 0.1816666671875 0.96421875 0.1816666671875
4 0.75 0.751875 0.75 0.37625000000000003 0.625 0.37625000000000003 0.625 0.751875 0.75 0.751875
4 0.91640625 0.6827083328125 0.91640625 0.45062499999999994 0.860625 0.45062499999999994 0.860625 0.6827083328125 0.91640625 0.6827083328125
4 0.95390625 0.675 0.95390625 0.4685416671875 0.9048437500000001 0.4685416671875 0.9048437500000001 0.675 0.95390625 0.675
4 0.99515625 0.6570833328125001 0.99515625 0.49812500000000004 0.96640625 0.49812500000000004 0.96640625 0.6570833328125001 0.99515625 0.6570833328125001