1 0.429375 0.0083333328125 0.429375 0.1829166671875 0.779375 0.1829166671875 0.779375 0.0083333328125 0.429375 0.0083333328125
1 0.77109375 0.0029166671875000003 0.77109375 0.19104166718749999 0.8815625 0.19104166718749999 0.8815625 0.0029166671875000003 0.77109375 0.0029166671875000003
1 0.9409375000000001 0.19104166718749999 0.9409375000000001 0.0902083328125 0.8734375 0.0902083328125 0.8734375 0.19104166718749999 0.9409375000000001 0.19104166718749999
1 0.9921875 0.23479166718750002 0.9921875 0.15291666718750002 0.9409375000000001 0.15291666718750002 0.9409375000000001 0.23479166718750002 0.9921875 0.23479166718750002
1 0.8878125000000001 0.0029166671875000003 0.8878125000000001 0.0764583328125 0.9859375 0.0764583328125 0.9859375 0.0029166671875000003 0.8878125000000001 0.0029166671875000003
4 0.49906249999999996 0.9506249999999999 0.49906249999999996 0.3954166671875 0.001875 0.3954166671875 0.001875 0.9506249999999999 0.49906249999999996 0.9506249999999999
3 0.74375 0.4591666671875 0.74375 0.36583333281249997 0.5375 0.36583333281249997 0.5375 0.4591666671875 0.74375 0.4591666671875
3 0.85625 0.4566666671875 0.85625 0.3 0.7032812500000001 0.3 0.7032812500000001 0.4566666671875 0.85625 0.4566666671875
3 0.9115624999999999 0.4447916671875 0.9115624999999999 0.4027083328125 0.85625 0.4027083328125 0.85625 0.4447916671875 0.9115624999999999 0.4447916671875
3 0.945 0.41187500000000005 0.945 0.36312500000000003 0.86421875 0.36312500000000003 0.86421875 0.41187500000000005 0.945 0.41187500000000005
3 0.945 0.4527083328125 0.945 0.41312499999999996 0.9154687499999999 0.41312499999999996 0.9154687499999999 0.4527083328125 0.945 0.4527083328125
3 0.9707812499999999 0.414375 0.9707812499999999 0.3710416671875 0.9440625 0.3710416671875 0.9440625 0.414375 0.9707812499999999 0.414375
3 0.9707812499999999 0.45520833281249995 0.9707812499999999 0.414375 0.9371875 0.414375 0.9371875 0.45520833281249995 0.9707812499999999 0.45520833281249995
3 0.9875 0.4158333328125 0.9875 0.38416666718750003 0.97171875 0.38416666718750003 0.97171875 0.4158333328125 0.9875 0.4158333328125
3 0.9925 0.45520833281249995 0.9925 0.4183333328125 0.9667187500000001 0.4183333328125 0.9667187500000001 0.45520833281249995 0.9925 0.45520833281249995
3 0.99875 0.45416666718750004 0.99875 0.38625 0.9881249999999999 0.38625 0.9881249999999999 0.45416666718750004 0.99875 0.45416666718750004
3 0.97984375 0.5379166671875 0.97984375 0.49833333281250003 0.93125 0.49833333281250003 0.93125 0.5379166671875 0.97984375 0.5379166671875
3 0.885 0.5883333328125 0.885 0.520625 0.73109375 0.520625 0.73109375 0.5883333328125 0.885 0.5883333328125
3 0.63875 0.4889583328125 0.63875 0.5616666671874999 0.82 0.5616666671874999 0.82 0.4889583328125 0.63875 0.4889583328125
3 0.75 0.623125 0.75 0.5506249999999999 0.64234375 0.5506249999999999 0.64234375 0.623125 0.75 0.623125
3 0.865 0.640625 0.865 0.5662499999999999 0.73703125 0.5662499999999999 0.73703125 0.640625 0.865 0.640625
3 0.9064062500000001 0.6120833328125 0.9064062500000001 0.5489583328125 0.865 0.5489583328125 0.865 0.6120833328125 0.9064062500000001 0.6120833328125
3 0.51328125 0.5110416671875 0.51328125 0.599375 0.65171875 0.599375 0.65171875 0.5110416671875 0.51328125 0.5110416671875
3 0.4765625 0.5110416671875 0.4765625 0.6058333328125001 0.5275000000000001 0.6058333328125001 0.5275000000000001 0.5110416671875 0.4765625 0.5110416671875
3 0.4765625 0.6072916671875 0.4765625 0.7572916671875001 0.67421875 0.7572916671875001 0.67421875 0.6072916671875 0.4765625 0.6072916671875
3 0.6185937499999999 0.593125 0.6185937499999999 0.719375 0.7571875 0.719375 0.7571875 0.593125 0.6185937499999999 0.593125
3 0.9832812499999999 0.5789583328125001 0.9832812499999999 0.5047916671875 0.92421875 0.5047916671875 0.92421875 0.5789583328125001 0.9832812499999999 0.5789583328125001
3 0.9940625000000001 0.5679166671875 0.9940625000000001 0.53 0.9703125 0.53 0.9703125 0.5679166671875 0.9940625000000001 0.5679166671875
1 0.096875 0.26375000000000004 0.096875 0.2752083328125 0.12593749999999998 0.2752083328125 0.12593749999999998 0.26375000000000004 0.096875 0.26375000000000004
1 0.09625 0.24625 0.09625 0.2554166671875 0.12687500000000002 0.2554166671875 0.12687500000000002 0.24625 0.09625 0.24625
1 0.06484375 0.26749999999999996 0.06484375 0.2758333328125 0.09265625 0.2758333328125 0.09265625 0.26749999999999996 0.06484375 0.26749999999999996