1 0.8146354171875 0.0021296296874999997 0.8146354171875 0.1453703703125 0.93359375 0.1453703703125 0.93359375 0.0021296296874999997 0.8146354171875 0.0021296296874999997
1 0.9182291671874999 0.19083333281249998 0.9182291671874999 0.30222222187500003 0.9988020828125 0.30222222187500003 0.9988020828125 0.19083333281249998 0.9182291671874999 0.19083333281249998
1 0.9399479171875 0.3659259265625 0.9399479171875 0.2203703703125 0.8158854171875 0.2203703703125 0.8158854171875 0.3659259265625 0.9399479171875 0.3659259265625
1 0.8120833328125 0.3863888890625 0.8120833328125 0.2840740734375 0.7430208328125001 0.2840740734375 0.7430208328125001 0.3863888890625 0.8120833328125 0.3863888890625
1 0.82484375 0.7660185187499999 0.82484375 0.6546296296875 0.7532291671875 0.6546296296875 0.7532291671875 0.7660185187499999 0.82484375 0.7660185187499999
1 0.9988020828125 0.9320370375 0.9988020828125 0.6933333328125 0.83890625 0.6933333328125 0.83890625 0.9320370375 0.9988020828125 0.9320370375
1 0.34140625 0.9775 0.34140625 0.7637962968750001 0.20328125 0.7637962968750001 0.20328125 0.9775 0.34140625 0.9775
1 0.2225 0.9934259265625001 0.2225 0.8137962968749999 0.0754166671875 0.8137962968749999 0.0754166671875 0.9934259265625001 0.2225 0.9934259265625001
1 0.0319270828125 0.09305555625 0.0319270828125 0.28629629687499997 0.2109895828125 0.28629629687499997 0.2109895828125 0.09305555625 0.0319270828125 0.09305555625
1 0.0011979171875 0.070277778125 0.0011979171875 0.1975925921875 0.0408854171875 0.1975925921875 0.0408854171875 0.070277778125 0.0011979171875 0.070277778125
1 0.3653645828125 0.3863888890625 0.3653645828125 0.30898148124999997 0.1175520828125 0.30898148124999997 0.1175520828125 0.3863888890625 0.3653645828125 0.3863888890625
1 0.40890624999999997 0.7368518515625 0.40890624999999997 0.643703703125 0.37421875 0.643703703125 0.37421875 0.7368518515625 0.40890624999999997 0.7368518515625
1 0.3600520828125 0.7511111109375 0.3600520828125 0.664259259375 0.26765625000000004 0.664259259375 0.26765625000000004 0.7511111109375 0.3600520828125 0.7511111109375
1 0.3644791671875 0.784259259375 0.3644791671875 0.714722221875 0.2685416671875 0.714722221875 0.2685416671875 0.784259259375 0.3644791671875 0.784259259375
1 0.18416666718750002 0.495277778125 0.18416666718750002 0.43685185156250006 0.07229166718749999 0.43685185156250006 0.07229166718749999 0.495277778125 0.18416666718750002 0.495277778125
2 0.471875 0.575 0.471875 0.444259259375 0.43656249999999996 0.444259259375 0.43656249999999996 0.575 0.471875 0.575
1 0.7079166671875 0.3348148140625 0.7079166671875 0.2673148140625 0.5617708328125001 0.2673148140625 0.5617708328125001 0.3348148140625 0.7079166671875 0.3348148140625
1 0.7145312500000001 0.378703703125 0.7145312500000001 0.316296296875 0.55984375 0.316296296875 0.55984375 0.378703703125 0.7145312500000001 0.378703703125
1 0.71359375 0.4175 0.71359375 0.3550925921875 0.55796875 0.3550925921875 0.55796875 0.4175 0.71359375 0.4175
1 0.7164583328125 0.456296296875 0.7164583328125 0.40231481406249997 0.5560937499999999 0.40231481406249997 0.5560937499999999 0.456296296875 0.7164583328125 0.456296296875
1 0.7164583328125 0.5051851859375 0.7164583328125 0.44787037031250004 0.55796875 0.44787037031250004 0.55796875 0.5051851859375 0.7164583328125 0.5051851859375
1 0.55703125 0.5069444437499999 0.55703125 0.5490740734374999 0.7164583328125 0.5490740734374999 0.7164583328125 0.5069444437499999 0.55703125 0.5069444437499999
1 0.5513020828124999 0.550740740625 0.5513020828124999 0.5946296296875 0.71265625 0.5946296296875 0.71265625 0.550740740625 0.5513020828124999 0.550740740625
1 0.5560937499999999 0.586203703125 0.5560937499999999 0.6334259265625 0.7193229171875 0.6334259265625 0.7193229171875 0.586203703125 0.5560937499999999 0.586203703125
1 0.55703125 0.6266666671875 0.55703125 0.67898148125 0.7173958328125 0.67898148125 0.7173958328125 0.6266666671875 0.55703125 0.6266666671875
1 0.5674479171875 0.6688888890625 0.5674479171875 0.7245370375 0.7240624999999999 0.7245370375 0.7240624999999999 0.6688888890625 0.5674479171875 0.6688888890625
1 0.5864583328124999 0.7296296296875 0.5864583328124999 0.7684259265625 0.7183333328125 0.7684259265625 0.7183333328125 0.7296296296875 0.5864583328124999 0.7296296296875
1 0.5547916671875 0.61694444375 0.5547916671875 0.592777778125 0.4931770828125 0.592777778125 0.4931770828125 0.61694444375 0.5547916671875 0.61694444375