1 0.579375 0.8225 0.579375 0.5950925921875 0.41567708281250004 0.5950925921875 0.41567708281250004 0.8225 0.579375 0.8225
1 0.4936458328125 0.9998148140625001 0.4936458328125 0.8952777781249999 0.4233333328125 0.8952777781249999 0.4233333328125 0.9998148140625001 0.4936458328125 0.9998148140625001
1 0.42458333281250005 0.9498148140625 0.42458333281250005 0.7315740734375 0.32484375 0.7315740734375 0.32484375 0.9498148140625 0.42458333281250005 0.9498148140625
1 0.2608854171875 0.6178703703124999 0.2608854171875 0.5496296296875001 0.22000000000000003 0.5496296296875001 0.22000000000000003 0.6178703703124999 0.2608854171875 0.6178703703124999
1 0.40541666718749997 0.3018518515625 0.40541666718749997 0.16768518593749998 0.3171875 0.16768518593749998 0.3171875 0.3018518515625 0.40541666718749997 0.3018518515625
1 0.3171875 0.3063888890625 0.3171875 0.2153703703125 0.2608854171875 0.2153703703125 0.2608854171875 0.3063888890625 0.3171875 0.3063888890625
1 0.2608854171875 0.29722222187499997 0.2608854171875 0.24046296250000002 0.22510416718749998 0.24046296250000002 0.22510416718749998 0.29722222187499997 0.2608854171875 0.29722222187499997
1 0.2305729171875 0.2986111109375 0.2305729171875 0.2465740734375 0.2092708328125 0.2465740734375 0.2092708328125 0.2986111109375 0.2305729171875 0.2986111109375
1 0.2119270828125 0.3065740734375 0.2119270828125 0.2670370375 0.1905729171875 0.2670370375 0.1905729171875 0.3065740734375 0.2119270828125 0.3065740734375
1 0.1923958328125 0.31444444374999997 0.1923958328125 0.2670370375 0.1736979171875 0.2670370375 0.1736979171875 0.31444444374999997 0.1923958328125 0.31444444374999997
1 0.8700520828125 0.2374074078125 0.8700520828125 0.00055555625 0.5993229171875 0.00055555625 0.5993229171875 0.2374074078125 0.8700520828125 0.2374074078125
4 0.9954166671875001 0.9993518515625001 0.9954166671875001 0.3686111109375 0.5670833328125 0.3686111109375 0.5670833328125 0.9993518515625001 0.9954166671875001 0.9993518515625001
4 0.2382291671875 0.5699074078125 0.2382291671875 0.3365740734375 0.2 0.3365740734375 0.2 0.5699074078125 0.2382291671875 0.5699074078125
4 0.2101041671875 0.5416666671875 0.2101041671875 0.33398148125 0.18125 0.33398148125 0.18125 0.5416666671875 0.2101041671875 0.5416666671875
4 0.1905208328125 0.49925925937500004 0.1905208328125 0.33453703749999997 0.1633854171875 0.33453703749999997 0.1633854171875 0.49925925937500004 0.1905208328125 0.49925925937500004
4 0.15125 0.3300925921875 0.15125 0.48064814843750003 0.1750520828125 0.48064814843750003 0.1750520828125 0.3300925921875 0.15125 0.3300925921875
4 0.1558333328125 0.4525 0.1558333328125 0.3286111109375 0.1375 0.3286111109375 0.1375 0.4525 0.1558333328125 0.4525
4 0.3196875 0.7416666671875001 0.3196875 0.35925925937500003 0.25375000000000003 0.35925925937500003 0.25375000000000003 0.7416666671875001 0.3196875 0.7416666671875001
1 0.5942708328124999 0.27138888906249997 0.5942708328124999 0.097222221875 0.40114583281250005 0.097222221875 0.40114583281250005 0.27138888906249997 0.5942708328124999 0.27138888906249997
1 0.1740625 0.30583333281249997 0.1740625 0.2778703703125 0.1589583328125 0.2778703703125 0.1589583328125 0.30583333281249997 0.1740625 0.30583333281249997
1 0.0419270828125 0.3886111109375 0.0419270828125 0.37787037031250004 0.013020832812499999 0.37787037031250004 0.013020832812499999 0.3886111109375 0.0419270828125 0.3886111109375
1 0.0759895828125 0.3873148140625 0.0759895828125 0.3765740734375 0.0461979171875 0.3765740734375 0.0461979171875 0.3873148140625 0.0759895828125 0.3873148140625
1 0.11041666718750001 0.38388888906249996 0.11041666718750001 0.373796296875 0.08078125 0.373796296875 0.08078125 0.38388888906249996 0.11041666718750001 0.38388888906249996