1 0.5653125 0.003125 0.5653125 0.1404166671875 0.914375 0.1404166671875 0.914375 0.003125 0.5653125 0.003125
1 0.798125 0.0814583328125 0.798125 0.0045833328125 0.42015624999999995 0.0045833328125 0.42015624999999995 0.0814583328125 0.798125 0.0814583328125
1 0.6971875 0.09812499999999999 0.6971875 0.198125 0.99140625 0.198125 0.99140625 0.09812499999999999 0.6971875 0.09812499999999999
1 0.9971875000000001 0.21979166718749998 0.9971875000000001 0.1660416671875 0.9884375000000001 0.1660416671875 0.9884375000000001 0.21979166718749998 0.9971875000000001 0.21979166718749998
3 0.42718749999999994 0.43375 0.42718749999999994 0.365625 0.31109375 0.365625 0.31109375 0.43375 0.42718749999999994 0.43375
3 0.5779687499999999 0.43937499999999996 0.5779687499999999 0.3670833328125 0.42796874999999995 0.3670833328125 0.42796874999999995 0.43937499999999996 0.5779687499999999 0.43937499999999996
3 0.69734375 0.4408333328125 0.69734375 0.3710416671875 0.57296875 0.3710416671875 0.57296875 0.4408333328125 0.69734375 0.4408333328125
3 0.80984375 0.4420833328125 0.80984375 0.3539583328125 0.661875 0.3539583328125 0.661875 0.4420833328125 0.80984375 0.4420833328125
3 0.8770312499999999 0.4527083328125 0.8770312499999999 0.27375 0.70921875 0.27375 0.70921875 0.4527083328125 0.8770312499999999 0.4527083328125
3 0.9232812499999999 0.45125000000000004 0.9232812499999999 0.37625000000000003 0.87203125 0.37625000000000003 0.87203125 0.45125000000000004 0.9232812499999999 0.45125000000000004
3 0.961875 0.4658333328125 0.961875 0.40791666718749997 0.9223437499999999 0.40791666718749997 0.9223437499999999 0.4658333328125 0.961875 0.4658333328125
3 0.999375 0.46708333281250003 0.999375 0.41312499999999996 0.9628125000000001 0.41312499999999996 0.9628125000000001 0.46708333281250003 0.999375 0.46708333281250003
3 0.99828125 0.42895833281250006 0.99828125 0.37625000000000003 0.9607812499999999 0.37625000000000003 0.9607812499999999 0.42895833281250006 0.99828125 0.42895833281250006
3 0.99828125 0.588125 0.99828125 0.50125 0.9440625 0.50125 0.9440625 0.588125 0.99828125 0.588125
3 0.99734375 0.5947916671875 0.99734375 0.5277083328125001 0.94703125 0.5277083328125001 0.94703125 0.5947916671875 0.99734375 0.5947916671875
3 0.9776562500000001 0.6039583328125 0.9776562500000001 0.5433333328125001 0.9125 0.5433333328125001 0.9125 0.6039583328125 0.9776562500000001 0.6039583328125
3 0.9550000000000001 0.6341666671875 0.9550000000000001 0.5670833328125 0.9115624999999999 0.5670833328125 0.9115624999999999 0.6341666671875 0.9550000000000001 0.6341666671875
3 0.91046875 0.6433333328125 0.91046875 0.5472916671875 0.8128125 0.5472916671875 0.8128125 0.6433333328125 0.91046875 0.6433333328125
3 0.8670312499999999 0.6579166671875 0.8670312499999999 0.5829166671875 0.7970312500000001 0.5829166671875 0.7970312500000001 0.6579166671875 0.8670312499999999 0.6579166671875
3 0.8048437500000001 0.62375 0.8048437500000001 0.5577083328125 0.71015625 0.5577083328125 0.71015625 0.62375 0.8048437500000001 0.62375
3 0.73546875 0.6885416671875 0.73546875 0.6085416671874999 0.64375 0.6085416671874999 0.64375 0.6885416671875 0.73546875 0.6885416671875
3 0.56984375 0.7385416671875 0.56984375 0.564375 0.37374999999999997 0.564375 0.37374999999999997 0.7385416671875 0.56984375 0.7385416671875
3 0.38453125 0.6789583328125001 0.38453125 0.5420833328125 0.2365625 0.5420833328125 0.2365625 0.6789583328125001 0.38453125 0.6789583328125001
3 0.09734374999999999 0.7972916671875 0.09734374999999999 0.5 0.0017187500000000002 0.5 0.0017187500000000002 0.7972916671875 0.09734374999999999 0.7972916671875
3 0.19796875 0.44333333281250004 0.19796875 0.18020833281249998 0.019375 0.18020833281249998 0.019375 0.44333333281250004 0.19796875 0.44333333281250004
3 0.02734375 0.2670833328125 0.02734375 0.19875 0.0035937499999999997 0.19875 0.0035937499999999997 0.2670833328125 0.02734375 0.2670833328125
3 0.02328125 0.3329166671875 0.02328125 0.263125 0.0017187500000000002 0.263125 0.0017187500000000002 0.3329166671875 0.02328125 0.3329166671875
3 0.02734375 0.38937499999999997 0.02734375 0.3341666671875 0.0035937499999999997 0.3341666671875 0.0035937499999999997 0.38937499999999997 0.02734375 0.38937499999999997
3 0.024375 0.44729166718749996 0.024375 0.3920833328125 0.0035937499999999997 0.3920833328125 0.0035937499999999997 0.44729166718749996 0.024375 0.44729166718749996
3 0.8371875 0.0020833328125000002 0.8371875 0.03875 0.8609375 0.03875 0.8609375 0.0020833328125000002 0.8371875 0.0020833328125000002
3 0.9073437500000001 0.0716666671875 0.9073437500000001 0.0152083328125 0.86390625 0.0152083328125 0.86390625 0.0716666671875 0.9073437500000001 0.0716666671875
3 0.8659375 0.000625 0.8659375 0.0295833328125 0.899375 0.0295833328125 0.899375 0.000625 0.8659375 0.000625
3 0.95375 0.0427083328125 0.95375 0.0060416671875000005 0.8934374999999999 0.0060416671875000005 0.8934374999999999 0.0427083328125 0.95375 0.0427083328125
3 0.9556250000000001 0.0835416671875 0.9556250000000001 0.023125 0.90140625 0.023125 0.90140625 0.0835416671875 0.9556250000000001 0.0835416671875
3 0.9596875 0.12833333281249998 0.9596875 0.0652083328125 0.9004687499999999 0.0652083328125 0.9004687499999999 0.12833333281249998 0.9596875 0.12833333281249998
3 0.98140625 0.0902083328125 0.98140625 0.024375 0.9546875 0.024375 0.9546875 0.0902083328125 0.98140625 0.0902083328125
3 0.9862500000000001 0.123125 0.9862500000000001 0.0770833328125 0.95859375 0.0770833328125 0.95859375 0.123125 0.9862500000000001 0.123125
3 0.9793749999999999 0.1652083328125 0.9793749999999999 0.10604166718750001 0.9526562500000001 0.10604166718750001 0.9526562500000001 0.1652083328125 0.9793749999999999 0.1652083328125
3 0.99515625 0.1795833328125 0.99515625 0.1375 0.9862500000000001 0.1375 0.9862500000000001 0.1795833328125 0.99515625 0.1795833328125