1 0.9596354171874999 0.523703703125 0.9596354171874999 0.42101851874999996 0.8611979171874999 0.42101851874999996 0.8611979171874999 0.523703703125 0.9596354171874999 0.523703703125
1 0.9603645828125 0.85 0.9603645828125 0.6974074078125 0.8582291671875 0.6974074078125 0.8582291671875 0.85 0.9603645828125 0.85
1 0.8582291671875 0.7671296296875 0.8582291671875 0.598703703125 0.696875 0.598703703125 0.696875 0.7671296296875 0.8582291671875 0.7671296296875
1 0.8678645828124999 0.45 0.8678645828124999 0.36583333281249997 0.6095312500000001 0.36583333281249997 0.6095312500000001 0.45 0.8678645828124999 0.45
1 0.6991145828125 0.6605555562500001 0.6991145828125 0.5487037031249999 0.6125 0.5487037031249999 0.6125 0.6605555562500001 0.6991145828125 0.6605555562500001
1 0.6102604171875 0.47759259218750005 0.6102604171875 0.4184259265625 0.53328125 0.4184259265625 0.53328125 0.47759259218750005 0.6102604171875 0.47759259218750005
1 0.6028645828125 0.5775925921875 0.6028645828125 0.5131481484375 0.5295833328125 0.5131481484375 0.5295833328125 0.5775925921875 0.6028645828125 0.5775925921875
1 0.6051041671874999 0.36444444374999996 0.6051041671874999 0.3171296296875 0.48296875000000006 0.3171296296875 0.48296875000000006 0.36444444374999996 0.6051041671874999 0.36444444374999996
1 0.5325520828125 0.451296296875 0.5325520828125 0.40259259218750004 0.4844791671875 0.40259259218750004 0.4844791671875 0.451296296875 0.5325520828125 0.451296296875
1 0.53328125 0.5381481484374999 0.53328125 0.473703703125 0.48296875000000006 0.473703703125 0.48296875000000006 0.5381481484374999 0.53328125 0.5381481484374999
1 0.48890625 0.42898148125 0.48890625 0.3908333328125 0.4474479171875 0.3908333328125 0.4474479171875 0.42898148125 0.48890625 0.42898148125
1 0.4836979171875 0.5078703703125 0.4836979171875 0.451296296875 0.44817708281249996 0.451296296875 0.44817708281249996 0.5078703703125 0.4836979171875 0.5078703703125
1 0.45265625 0.37101851875 0.45265625 0.3408333328125 0.41859375 0.3408333328125 0.41859375 0.37101851875 0.45265625 0.37101851875
1 0.44817708281249996 0.476296296875 0.44817708281249996 0.43685185156250006 0.42078125 0.43685185156250006 0.42078125 0.476296296875 0.44817708281249996 0.476296296875
1 0.7248958328125 0.14898148125 0.7248958328125 0.053425926562500003 0.6110416671875 0.053425926562500003 0.6110416671875 0.14898148125 0.7248958328125 0.14898148125
1 0.59953125 0.0921296296875 0.59953125 0.0034259265625 0.5343229171874999 0.0034259265625 0.5343229171874999 0.0921296296875 0.59953125 0.0921296296875
1 0.6008333328125001 0.20351851875000002 0.6008333328125001 0.10574074062500001 0.5355729171875 0.10574074062500001 0.5355729171875 0.20351851875000002 0.6008333328125001 0.20351851875000002
1 0.5330208328125 0.2149074078125 0.5330208328125 0.13981481406250001 0.48317708281250005 0.13981481406250001 0.48317708281250005 0.2149074078125 0.5330208328125 0.2149074078125
1 0.4997916671875 0.13305555625 0.4997916671875 0.080740740625 0.4371354171875 0.080740740625 0.4371354171875 0.13305555625 0.4997916671875 0.13305555625
1 0.49338541718749995 0.2149074078125 0.49338541718749995 0.16944444375 0.4447916671875 0.16944444375 0.4447916671875 0.2149074078125 0.49338541718749995 0.2149074078125
1 0.44890625 0.2345370375 0.44890625 0.1829629625 0.4161979171875 0.1829629625 0.4161979171875 0.2345370375 0.44890625 0.2345370375
1 0.42359375000000005 0.248796296875 0.42359375000000005 0.1961111109375 0.3977083328125 0.1961111109375 0.3977083328125 0.248796296875 0.42359375000000005 0.248796296875
1 0.40203125 0.2224074078125 0.40203125 0.1741666671875 0.37552083281250004 0.1741666671875 0.37552083281250004 0.2224074078125 0.40203125 0.2224074078125
1 0.40265625 0.2509259265625 0.40265625 0.2049074078125 0.37921875 0.2049074078125 0.37921875 0.2509259265625 0.40265625 0.2509259265625
1 0.40953125 0.4533333328125 0.40953125 0.41518518593750003 0.3829166671875 0.41518518593750003 0.3829166671875 0.4533333328125 0.40953125 0.4533333328125
1 0.24281250000000001 0.41018518593750003 0.24281250000000001 0.3799074078125 0.1916666671875 0.3799074078125 0.1916666671875 0.41018518593750003 0.24281250000000001 0.41018518593750003
1 0.18953124999999998 0.4159259265625 0.18953124999999998 0.38555555625000004 0.14901041718750002 0.38555555625000004 0.14901041718750002 0.4159259265625 0.18953124999999998 0.4159259265625
1 0.1436979171875 0.42157407343750003 0.1436979171875 0.3931481484375 0.0968229171875 0.3931481484375 0.0968229171875 0.42157407343750003 0.1436979171875 0.42157407343750003
4 0.42859375 0.4596296296875 0.42859375 0.28398148125 0.3882291671875 0.28398148125 0.3882291671875 0.4596296296875 0.42859375 0.4596296296875
4 0.72140625 0.0011111109375000002 0.72140625 0.10888888906250001 0.9211458328125 0.10888888906250001 0.9211458328125 0.0011111109375000002 0.72140625 0.0011111109375000002