1 0.6596875 0.10833333281249999 0.6596875 0.000625 0.30390625 0.000625 0.30390625 0.10833333281249999 0.6596875 0.10833333281249999
1 0.7731250000000001 0.13916666718749998 0.7731250000000001 0.000625 0.489375 0.000625 0.489375 0.13916666718749998 0.7731250000000001 0.13916666718749998
1 0.8481249999999999 0.1647916671875 0.8481249999999999 0.053125 0.60484375 0.053125 0.60484375 0.1647916671875 0.8481249999999999 0.1647916671875
1 0.6721874999999999 0.1672916671875 0.6721874999999999 0.24041666718750002 0.9048437500000001 0.24041666718750002 0.9048437500000001 0.1672916671875 0.6721874999999999 0.1672916671875
1 0.89328125 0.2058333328125 0.89328125 0.2595833328125 0.9317187499999999 0.2595833328125 0.9317187499999999 0.2058333328125 0.89328125 0.2058333328125
1 0.9365625 0.24937499999999999 0.9365625 0.2827083328125 0.9615625 0.2827083328125 0.9615625 0.24937499999999999 0.9365625 0.24937499999999999
3 0.40921874999999996 0.42270833281250003 0.40921874999999996 0.21875 0.2709375 0.21875 0.2709375 0.42270833281250003 0.40921874999999996 0.42270833281250003
3 0.26703125 0.27770833281249996 0.26703125 0.20916666718750002 0.12593749999999998 0.20916666718750002 0.12593749999999998 0.27770833281249996 0.26703125 0.27770833281249996
3 0.26703125 0.3329166671875 0.26703125 0.26437499999999997 0.136875 0.26437499999999997 0.136875 0.3329166671875 0.26703125 0.3329166671875
3 0.27203125 0.37625000000000003 0.27203125 0.3222916671875 0.13484374999999998 0.3222916671875 0.13484374999999998 0.37625000000000003 0.27203125 0.37625000000000003
3 0.27109375 0.42770833281250004 0.27109375 0.375 0.14875 0.375 0.14875 0.42770833281250004 0.27109375 0.42770833281250004
3 0.1496875 0.3789583328125 0.1496875 0.3183333328125 0.047031250000000004 0.3183333328125 0.047031250000000004 0.3789583328125 0.1496875 0.3789583328125
3 0.13874999999999998 0.4341666671875 0.13874999999999998 0.3789583328125 0.04796875 0.3789583328125 0.04796875 0.4341666671875 0.13874999999999998 0.4341666671875
3 0.30171875 0.7289583328125 0.30171875 0.47104166718749996 0.14078125 0.47104166718749996 0.14078125 0.7289583328125 0.30171875 0.7289583328125
3 0.46546875 0.6118750000000001 0.46546875 0.50125 0.32734375 0.50125 0.32734375 0.6118750000000001 0.46546875 0.6118750000000001
3 0.6321875 0.635625 0.6321875 0.5277083328125001 0.4615625 0.5277083328125001 0.4615625 0.635625 0.6321875 0.635625
3 0.54984375 0.42104166718749997 0.54984375 0.3697916671875 0.4615625 0.3697916671875 0.4615625 0.42104166718749997 0.54984375 0.42104166718749997
3 0.6396875 0.41979166718750005 0.6396875 0.3710416671875 0.5532812500000001 0.3710416671875 0.5532812500000001 0.41979166718750005 0.6396875 0.41979166718750005
3 0.70234375 0.42770833281250004 0.70234375 0.3789583328125 0.6371875 0.3789583328125 0.6371875 0.42770833281250004 0.70234375 0.42770833281250004
3 0.7732812499999999 0.4329166671875 0.7732812499999999 0.36062500000000003 0.66578125 0.36062500000000003 0.66578125 0.4329166671875 0.7732812499999999 0.4329166671875
3 0.8084374999999999 0.4329166671875 0.8084374999999999 0.31 0.6628125 0.31 0.6628125 0.4329166671875 0.8084374999999999 0.4329166671875
3 0.84734375 0.4341666671875 0.84734375 0.38166666718750003 0.81484375 0.38166666718750003 0.81484375 0.4341666671875 0.84734375 0.4341666671875
3 0.87203125 0.44333333281250004 0.87203125 0.39729166718750003 0.849375 0.39729166718750003 0.849375 0.44333333281250004 0.87203125 0.44333333281250004
3 0.9193749999999999 0.4447916671875 0.9193749999999999 0.40520833281249996 0.87796875 0.40520833281249996 0.87796875 0.4447916671875 0.9193749999999999 0.4447916671875
3 0.9440625 0.42104166718749997 0.9440625 0.38166666718750003 0.8631249999999999 0.38166666718750003 0.8631249999999999 0.42104166718749997 0.9440625 0.42104166718749997
3 0.93921875 0.44875 0.93921875 0.4158333328125 0.9115624999999999 0.4158333328125 0.9115624999999999 0.44875 0.93921875 0.44875
3 0.9607812499999999 0.44333333281250004 0.9607812499999999 0.37625000000000003 0.9292187500000001 0.37625000000000003 0.9292187500000001 0.44333333281250004 0.9607812499999999 0.44333333281250004
3 0.87203125 0.5658333328125 0.87203125 0.5316666671875 0.84046875 0.5316666671875 0.84046875 0.5658333328125 0.87203125 0.5658333328125
3 0.84046875 0.5829166671875 0.84046875 0.5131249999999999 0.7732812499999999 0.5131249999999999 0.7732812499999999 0.5829166671875 0.84046875 0.5829166671875
3 0.8128125 0.586875 0.8128125 0.5420833328125 0.7625 0.5420833328125 0.7625 0.586875 0.8128125 0.586875
3 0.7693749999999999 0.5552083328124999 0.7693749999999999 0.5095833328125 0.6993750000000001 0.5095833328125 0.6993750000000001 0.5552083328124999 0.7693749999999999 0.5552083328124999
3 0.7259375 0.6027083328125 0.7259375 0.5447916671875 0.6490625 0.5447916671875 0.6490625 0.6027083328125 0.7259375 0.6027083328125
3 0.88578125 0.563125 0.88578125 0.5183333328125 0.8345312500000001 0.5183333328125 0.8345312500000001 0.563125 0.88578125 0.563125
3 0.90359375 0.55 0.90359375 0.49729166718749995 0.84640625 0.49729166718749995 0.84640625 0.55 0.90359375 0.55
3 0.9204687500000001 0.538125 0.9204687500000001 0.4920833328125 0.8907812500000001 0.4920833328125 0.8907812500000001 0.538125 0.9204687500000001 0.538125
3 0.938125 0.50125 0.938125 0.4683333328125 0.8907812500000001 0.4683333328125 0.8907812500000001 0.50125 0.938125 0.50125
3 0.938125 0.5302083328125 0.938125 0.50125 0.9193749999999999 0.50125 0.9193749999999999 0.5302083328125 0.938125 0.5302083328125
3 0.94703125 0.536875 0.94703125 0.5027083328125 0.9214062500000001 0.5027083328125 0.9214062500000001 0.536875 0.94703125 0.536875
3 0.645625 0.00375 0.645625 0.0502083328125 0.7203125 0.0502083328125 0.7203125 0.00375 0.645625 0.00375
3 0.7984375 0.0585416671875 0.7984375 0.0164583328125 0.7175 0.0164583328125 0.7175 0.0585416671875 0.7984375 0.0585416671875
3 0.8045312499999999 0.07958333281249999 0.8045312499999999 0.038333332812499996 0.7203125 0.038333332812499996 0.7203125 0.07958333281249999 0.8045312499999999 0.07958333281249999
3 0.8018750000000001 0.110625 0.8018750000000001 0.063125 0.75390625 0.063125 0.75390625 0.110625 0.8018750000000001 0.110625
3 0.83890625 0.134375 0.83890625 0.0941666671875 0.8025 0.0941666671875 0.8025 0.134375 0.83890625 0.134375
3 0.80109375 0.065 0.80109375 0.10958333281249999 0.8346875 0.10958333281249999 0.8346875 0.065 0.80109375 0.065
3 0.7978125 0.05208333281250001 0.7978125 0.0858333328125 0.8306250000000001 0.0858333328125 0.8306250000000001 0.05208333281250001 0.7978125 0.05208333281250001
3 0.8045312499999999 0.0320833328125 0.8045312499999999 0.0666666671875 0.8334374999999999 0.0666666671875 0.8334374999999999 0.0320833328125 0.8045312499999999 0.0320833328125
3 0.80390625 0.0064583328125 0.80390625 0.0447916671875 0.83265625 0.0447916671875 0.83265625 0.0064583328125 0.80390625 0.0064583328125
3 0.716875 0.001875 0.716875 0.024791667187499998 0.8018750000000001 0.024791667187499998 0.8018750000000001 0.001875 0.716875 0.001875
3 0.8751562500000001 0.11875 0.8751562500000001 0.06395833281249999 0.8292187500000001 0.06395833281249999 0.8292187500000001 0.11875 0.8751562500000001 0.11875
3 0.8765625 0.1408333328125 0.8765625 0.10333333281249998 0.8340624999999999 0.10333333281249998 0.8340624999999999 0.1408333328125 0.8765625 0.1408333328125
3 0.87796875 0.1772916671875 0.87796875 0.130625 0.838125 0.130625 0.838125 0.1772916671875 0.87796875 0.1772916671875
3 0.89578125 0.13625 0.89578125 0.093125 0.8765625 0.093125 0.8765625 0.13625 0.89578125 0.13625
3 0.8984375 0.16458333281249998 0.8984375 0.1270833328125 0.8765625 0.1270833328125 0.8765625 0.16458333281249998 0.8984375 0.16458333281249998
3 0.8964062500000001 0.2047916671875 0.8964062500000001 0.16 0.88203125 0.16 0.88203125 0.2047916671875 0.8964062500000001 0.2047916671875
3 0.923125 0.178125 0.923125 0.1352083328125 0.8984375 0.1352083328125 0.8984375 0.178125 0.923125 0.178125
3 0.92796875 0.1972916671875 0.92796875 0.1589583328125 0.90390625 0.1589583328125 0.90390625 0.1972916671875 0.92796875 0.1972916671875
3 0.9334374999999999 0.23125 0.9334374999999999 0.19375 0.915 0.19375 0.915 0.23125 0.9334374999999999 0.23125
3 0.915 0.2166666671875 0.915 0.1764583328125 0.89375 0.1764583328125 0.89375 0.2166666671875 0.915 0.2166666671875
3 0.95921875 0.5289583328125 0.95921875 0.4960416671875 0.93453125 0.4960416671875 0.93453125 0.5289583328125 0.95921875 0.5289583328125
3 0.98109375 0.51875 0.98109375 0.4877083328125 0.9568749999999999 0.4877083328125 0.9568749999999999 0.51875 0.98109375 0.51875