1 0.7498437499999999 0.5227083328125001 0.7498437499999999 0.45375 0.6246875000000001 0.45375 0.6246875000000001 0.5227083328125001 0.7498437499999999 0.5227083328125001
1 0.36062500000000003 0.48229166718750005 0.36062500000000003 0.4495833328125 0.29046875 0.4495833328125 0.29046875 0.48229166718750005 0.36062500000000003 0.48229166718750005
1 0.35734374999999996 0.506875 0.35734374999999996 0.47291666718750003 0.28718750000000004 0.47291666718750003 0.28718750000000004 0.506875 0.35734374999999996 0.506875
1 0.3578125 0.531875 0.3578125 0.4947916671875 0.28765625 0.4947916671875 0.28765625 0.531875 0.3578125 0.531875
1 0.18296874999999999 0.3572916671875 0.18296874999999999 0.45208333281249996 0.23578125 0.45208333281249996 0.23578125 0.3572916671875 0.18296874999999999 0.3572916671875
1 0.21921875000000002 0.3533333328125 0.21921875000000002 0.3314583328125 0.15890625 0.3314583328125 0.15890625 0.3533333328125 0.21921875000000002 0.3533333328125
1 0.159375 0.3545833328125 0.159375 0.3389583328125 0.1428125 0.3389583328125 0.1428125 0.3545833328125 0.159375 0.3545833328125
1 0.1890625 0.45208333281249996 0.1890625 0.4339583328125 0.159375 0.4339583328125 0.159375 0.45208333281249996 0.1890625 0.45208333281249996
1 0.15984375 0.4427083328125 0.15984375 0.428125 0.13999999999999999 0.428125 0.13999999999999999 0.4427083328125 0.15984375 0.4427083328125
1 0.14046875 0.4458333328125 0.14046875 0.42625 0.1 0.42625 0.1 0.4458333328125 0.14046875 0.4458333328125
1 0 0.521875 0.06687499999999999 0.521875 0.06687499999999999 0.49291666718749994 0 0.49291666718749994 0 0.521875
1 0.29609375 0.45395833281250003 0.29609375 0.4339583328125 0.24375 0.4339583328125 0.24375 0.45395833281250003 0.29609375 0.45395833281250003
1 0.03625 0.2483333328125 0.03625 0.22749999999999998 0.0015625 0.22749999999999998 0.0015625 0.2483333328125 0.03625 0.2483333328125
2 0.9990625 0.9941666671875 0.9990625 0.3545833328125 0.65671875 0.3545833328125 0.65671875 0.9941666671875 0.9990625 0.9941666671875
2 0.10968750000000001 0.5070833328125001 0.10968750000000001 0.3352083328125 0.05390625 0.3352083328125 0.05390625 0.5070833328125001 0.10968750000000001 0.5070833328125001
4 0 0.52625 0.07781249999999999 0.52625 0.07781249999999999 0.37124999999999997 0 0.37124999999999997 0 0.52625
4 0.0028125 0.2327083328125 0.0028125 0.3725 0.0759375 0.3725 0.0759375 0.2327083328125 0.0028125 0.2327083328125
1 0.032968750000000005 0.26625 0.032968750000000005 0.2483333328125 0.0015625 0.2483333328125 0.0015625 0.26625 0.032968750000000005 0.26625
1 0.032968750000000005 0.28125 0.032968750000000005 0.26625 0.00375 0.26625 0.00375 0.28125 0.032968750000000005 0.28125
1 0.00375 0.4185416671875 0.00375 0.4335416671875 0.028437499999999998 0.4335416671875 0.028437499999999998 0.4185416671875 0.00375 0.4185416671875
1 0.00609375 0.4410416671875 0.00609375 0.45895833281250004 0.02734375 0.45895833281250004 0.02734375 0.4410416671875 0.00609375 0.4410416671875