1 0.04609375 0.001875 0.04609375 0.1314583328125 0.34234375 0.1314583328125 0.34234375 0.001875 0.04609375 0.001875
1 0.18937500000000002 0.058333332812500006 0.18937500000000002 0.1916666671875 0.42781250000000004 0.1916666671875 0.42781250000000004 0.058333332812500006 0.18937500000000002 0.058333332812500006
1 0.40765624999999994 0.07625 0.40765624999999994 0.15958333281249998 0.47406249999999994 0.15958333281249998 0.47406249999999994 0.07625 0.40765624999999994 0.07625
1 0.3 0.1608333328125 0.3 0.2314583328125 0.4721875 0.2314583328125 0.4721875 0.1608333328125 0.3 0.1608333328125
1 0.464375 0.13916666718749998 0.464375 0.203125 0.5278125 0.203125 0.5278125 0.13916666718749998 0.464375 0.13916666718749998
1 0.4375 0.20833333281250002 0.4375 0.27875 0.51828125 0.27875 0.51828125 0.20833333281250002 0.4375 0.20833333281250002
1 0.48171875000000003 0.2545833328125 0.48171875000000003 0.296875 0.55578125 0.296875 0.55578125 0.2545833328125 0.48171875000000003 0.2545833328125
1 0.5365624999999999 0.2852083328125 0.5365624999999999 0.33645833281250004 0.5759375 0.33645833281250004 0.5759375 0.2852083328125 0.5365624999999999 0.2852083328125
1 0.56828125 0.303125 0.56828125 0.348125 0.5990624999999999 0.348125 0.5990624999999999 0.303125 0.56828125 0.303125
1 0.623125 0.350625 0.623125 0.3083333328125 0.59328125 0.3083333328125 0.59328125 0.350625 0.623125 0.350625
1 0.51828125 0.17625 0.51828125 0.246875 0.6403125000000001 0.246875 0.6403125000000001 0.17625 0.51828125 0.17625
1 0.425 0.0185416671875 0.425 0.103125 0.5653125 0.103125 0.5653125 0.0185416671875 0.425 0.0185416671875
1 0.36640625 0.000625 0.36640625 0.032708332812500004 0.5259375000000001 0.032708332812500004 0.5259375000000001 0.000625 0.36640625 0.000625
3 0.56296875 0.6477083328125001 0.56296875 0.5585416671875 0.491875 0.5585416671875 0.491875 0.6477083328125001 0.56296875 0.6477083328125001
3 0.42203125 0.6131249999999999 0.42203125 0.49729166718749995 0.33125 0.49729166718749995 0.33125 0.6131249999999999 0.42203125 0.6131249999999999
3 0.356875 0.5420833328125 0.356875 0.510625 0.263125 0.510625 0.263125 0.5420833328125 0.356875 0.5420833328125
3 0.35890625 0.5722916671875 0.35890625 0.5408333328125 0.263125 0.5408333328125 0.263125 0.5722916671875 0.35890625 0.5722916671875
3 0.356875 0.614375 0.356875 0.57625 0.28984375 0.57625 0.28984375 0.614375 0.356875 0.614375
3 0.29171874999999997 0.6183333328125 0.29171874999999997 0.5658333328125 0.244375 0.5658333328125 0.244375 0.6183333328125 0.29171874999999997 0.6183333328125
3 0.24046875 0.62625 0.24046875 0.5447916671875 0.056874999999999995 0.5447916671875 0.056874999999999995 0.62625 0.24046875 0.62625
3 0.049062499999999995 0.6368750000000001 0.049062499999999995 0.5472916671875 0.0017187500000000002 0.5472916671875 0.0017187500000000002 0.6368750000000001 0.049062499999999995 0.6368750000000001
3 0.26015625 0.42374999999999996 0.26015625 0.31979166718749996 0.20890625 0.31979166718749996 0.20890625 0.42374999999999996 0.26015625 0.42374999999999996
3 0.16343749999999999 0.2816666671875 0.16343749999999999 0.3579166671875 0.21671875 0.3579166671875 0.21671875 0.2816666671875 0.16343749999999999 0.2816666671875
3 0.20890625 0.41312499999999996 0.20890625 0.35125 0.16453125 0.35125 0.16453125 0.41312499999999996 0.20890625 0.41312499999999996
3 0.16546875 0.40395833281250004 0.16546875 0.33166666718750004 0.10234375 0.33166666718750004 0.10234375 0.40395833281250004 0.16546875 0.40395833281250004
3 0.10828125 0.2579166671875 0.10828125 0.34208333281250003 0.1675 0.34208333281250003 0.1675 0.2579166671875 0.10828125 0.2579166671875
3 0.050937500000000004 0.2316666671875 0.050937500000000004 0.31979166718749996 0.10828125 0.31979166718749996 0.10828125 0.2316666671875 0.050937500000000004 0.2316666671875
3 0.0026562499999999998 0.2066666671875 0.0026562499999999998 0.30520833281250004 0.047031250000000004 0.30520833281250004 0.047031250000000004 0.2066666671875 0.0026562499999999998 0.2066666671875
3 0.000625 0.30125 0.000625 0.3697916671875 0.050937500000000004 0.3697916671875 0.050937500000000004 0.30125 0.000625 0.30125
3 0.09828125 0.3802083328125 0.09828125 0.3183333328125 0.045 0.3183333328125 0.045 0.3802083328125 0.09828125 0.3802083328125
3 0.30062500000000003 0.436875 0.30062500000000003 0.388125 0.25234375 0.388125 0.25234375 0.436875 0.30062500000000003 0.436875
3 0.39046875000000003 0.4566666671875 0.39046875000000003 0.388125 0.30062500000000003 0.388125 0.30062500000000003 0.4566666671875 0.39046875000000003 0.4566666671875
3 0.44765625 0.47895833281250005 0.44765625 0.41979166718750005 0.38656250000000003 0.41979166718750005 0.38656250000000003 0.47895833281250005 0.44765625 0.47895833281250005
3 0.46546875 0.4777083328125 0.46546875 0.4420833328125 0.4496875 0.4420833328125 0.4496875 0.4777083328125 0.46546875 0.4777083328125
3 0.49796874999999996 0.4447916671875 0.49796874999999996 0.41312499999999996 0.44578125 0.41312499999999996 0.44578125 0.4447916671875 0.49796874999999996 0.4447916671875
3 0.49703125000000004 0.4579166671875 0.49703125000000004 0.43937499999999996 0.46546875 0.43937499999999996 0.46546875 0.4579166671875 0.49703125000000004 0.4579166671875
3 0.5009375 0.488125 0.5009375 0.4566666671875 0.46640625 0.4566666671875 0.46640625 0.488125 0.5009375 0.488125
3 0.45359375 0.6158333328125 0.45359375 0.5237499999999999 0.40828125000000004 0.5237499999999999 0.40828125000000004 0.6158333328125 0.45359375 0.6158333328125
3 0.46546875 0.6027083328125 0.46546875 0.560625 0.43984375 0.560625 0.43984375 0.6027083328125 0.46546875 0.6027083328125
3 0.541875 0.445 0.541875 0.42291666718750004 0.50484375 0.42291666718750004 0.50484375 0.445 0.541875 0.445
3 0.53984375 0.4658333328125 0.53984375 0.44666666718750003 0.5028125 0.44666666718750003 0.5028125 0.4658333328125 0.53984375 0.4658333328125
3 0.5376562500000001 0.49874999999999997 0.5376562500000001 0.46687500000000004 0.50203125 0.46687500000000004 0.50203125 0.49874999999999997 0.5376562500000001 0.49874999999999997
3 0.39203125 0.09625 0.39203125 0.0433333328125 0.318125 0.0433333328125 0.318125 0.09625 0.39203125 0.09625
3 0.3959375 0.061875 0.3959375 0.0091666671875 0.32921875 0.0091666671875 0.32921875 0.061875 0.3959375 0.061875
1 0.6092187499999999 0.24041666718750002 0.6092187499999999 0.2839583328125 0.6746875 0.2839583328125 0.6746875 0.24041666718750002 0.6092187499999999 0.24041666718750002