1 0.8909375 0.7233333328125 0.8909375 0.6454166671875 0.59140625 0.6454166671875 0.59140625 0.7233333328125 0.8909375 0.7233333328125
1 1 0.47062499999999996 0.755625 0.47062499999999996 0.755625 0.5475 1 0.5475 1 0.47062499999999996
1 0.6775 0.5983333328125 0.6775 0.5554166671874999 0.44765625 0.5554166671874999 0.44765625 0.5983333328125 0.6775 0.5983333328125
1 0.59828125 0.624375 0.59828125 0.593125 0.441875 0.593125 0.441875 0.624375 0.59828125 0.624375
1 0.55125 0.6570833328125001 0.55125 0.6179166671874999 0.44078125 0.6179166671874999 0.44078125 0.6570833328125001 0.55125 0.6570833328125001
1 0.35484375 0.5945833328125001 0.35484375 0.46020833281250006 0.275625 0.46020833281250006 0.275625 0.5945833328125001 0.35484375 0.5945833328125001
1 0.33625 0.45375 0.33625 0.41979166718750005 0.2375 0.41979166718750005 0.2375 0.45375 0.33625 0.45375
1 0.2365625 0.45499999999999996 0.2365625 0.42770833281250004 0.20812499999999998 0.42770833281250004 0.20812499999999998 0.45499999999999996 0.2365625 0.45499999999999996
1 0.1984375 0.575 0.1984375 0.5514583328125 0.13874999999999998 0.5514583328125 0.13874999999999998 0.575 0.1984375 0.575
1 0.23453125 0.5789583328125001 0.23453125 0.5566666671875 0.20625 0.5566666671875 0.20625 0.5789583328125001 0.23453125 0.5789583328125001
1 0.27859375000000003 0.590625 0.27859375000000003 0.560625 0.2365625 0.560625 0.2365625 0.590625 0.27859375000000003 0.590625
1 0.4496875 0.6022916671874999 0.4496875 0.57625 0.365625 0.57625 0.365625 0.6022916671874999 0.4496875 0.6022916671874999
2 0.155 0.6158333328125 0.155 0.38125 0.09765625 0.38125 0.09765625 0.6158333328125 0.155 0.6158333328125
4 0.00578125 0.20458333281250002 0.00578125 0.41604166718749996 0.110625 0.41604166718749996 0.110625 0.20458333281250002 0.00578125 0.20458333281250002
4 0.0990625 0.6212500000000001 0.0990625 0.401875 0.001875 0.401875 0.001875 0.6212500000000001 0.0990625 0.6212500000000001