1 0.9979166671874999 0.9324074078125 0.9979166671874999 0.727777778125 0.8316666671874999 0.727777778125 0.8316666671874999 0.9324074078125 0.9979166671874999 0.9324074078125
1 0.784375 0.20712962968749998 0.784375 0.0025 0.7025 0.0025 0.7025 0.20712962968749998 0.784375 0.20712962968749998
1 0.7025 0.2616666671875 0.7025 0.12527777812500002 0.6475 0.12527777812500002 0.6475 0.2616666671875 0.7025 0.2616666671875
1 0.6447395828125 0.2984259265625 0.6447395828125 0.22601851874999998 0.60265625 0.22601851874999998 0.60265625 0.2984259265625 0.6447395828125 0.2984259265625
1 0.12432291718749999 0.4593518515625 0.12432291718749999 0.3853703703125 0.0025 0.3853703703125 0.0025 0.4593518515625 0.12432291718749999 0.4593518515625
1 0.2009375 0.4575 0.2009375 0.3999074078125 0.12484375 0.3999074078125 0.12484375 0.4575 0.2009375 0.4575
1 0.2451041671875 0.4565740734375 0.2451041671875 0.41185185156250004 0.2009375 0.41185185156250004 0.2009375 0.4565740734375 0.2451041671875 0.4565740734375
1 0.2872916671875 0.4593518515625 0.2872916671875 0.4173148140625 0.2451041671875 0.4173148140625 0.2451041671875 0.4593518515625 0.2872916671875 0.4593518515625
1 0.3132291671875 0.458240740625 0.3132291671875 0.42555555624999997 0.2861458328125 0.42555555624999997 0.2861458328125 0.458240740625 0.3132291671875 0.458240740625
1 0.1725520828125 0.0037962968749999998 0.1725520828125 0.1156481484375 0.24656250000000002 0.1156481484375 0.24656250000000002 0.0037962968749999998 0.1725520828125 0.0037962968749999998
1 0.27848958281249997 0.156759259375 0.27848958281249997 0.06833333281250001 0.2358854171875 0.06833333281250001 0.2358854171875 0.156759259375 0.27848958281249997 0.156759259375
1 0.30375 0.19592592656250002 0.30375 0.129722221875 0.2767708328125 0.129722221875 0.2767708328125 0.19592592656250002 0.30375 0.19592592656250002
1 0.2793229171875 0.7362037031249999 0.2793229171875 0.6675 0.24869791718749998 0.6675 0.24869791718749998 0.7362037031249999 0.2793229171875 0.7362037031249999
1 0.3055208328125 0.627777778125 0.3055208328125 0.5786111109375 0.2748958328125 0.5786111109375 0.2748958328125 0.627777778125 0.3055208328125 0.627777778125
1 0.35453125 0.5499074078125 0.35453125 0.5246296296875 0.3411458328125 0.5246296296875 0.3411458328125 0.5499074078125 0.35453125 0.5499074078125
1 0.3534895828125 0.62851851875 0.3534895828125 0.5943518515624999 0.34338541718750004 0.5943518515624999 0.34338541718750004 0.62851851875 0.3534895828125 0.62851851875
1 0.3421354171875 0.63694444375 0.3421354171875 0.6053703703125 0.3330729171875 0.6053703703125 0.3330729171875 0.63694444375 0.3421354171875 0.63694444375
1 0.3294270828125 0.45722222187500006 0.3294270828125 0.4299074078125 0.3115625 0.4299074078125 0.3115625 0.45722222187500006 0.3294270828125 0.45722222187500006
4 0.6839062499999999 0.79805555625 0.6839062499999999 0.4826851859375 0.6117708328125 0.4826851859375 0.6117708328125 0.79805555625 0.6839062499999999 0.79805555625
4 0.6471354171875 0.7493518515625001 0.6471354171875 0.4800925921875 0.5829166671875 0.4800925921875 0.5829166671875 0.7493518515625001 0.6471354171875 0.7493518515625001
4 0.5958854171875 0.6996296296875 0.5958854171875 0.483240740625 0.56984375 0.483240740625 0.56984375 0.6996296296875 0.5958854171875 0.6996296296875
4 0.5788541671874999 0.6541666671875 0.5788541671874999 0.47879629687499997 0.5653125 0.47879629687499997 0.5653125 0.6541666671875 0.5788541671874999 0.6541666671875
4 0.5668229171875 0.63101851875 0.5668229171875 0.475277778125 0.5532812500000001 0.475277778125 0.5532812500000001 0.63101851875 0.5668229171875 0.63101851875
4 0.5563020828125 0.61148148125 0.5563020828125 0.4716666671875 0.5417708328125 0.4716666671875 0.5417708328125 0.61148148125 0.5563020828125 0.61148148125
4 0.3615104171875 0.61148148125 0.3615104171875 0.47259259218749994 0.3439583328125 0.47259259218749994 0.3439583328125 0.61148148125 0.3615104171875 0.61148148125
4 0.35750000000000004 0.3061111109375 0.35750000000000004 0.42712962968749996 0.37953125 0.42712962968749996 0.37953125 0.3061111109375 0.35750000000000004 0.3061111109375
4 0.3915625 0.43342592656249995 0.3915625 0.332777778125 0.375 0.332777778125 0.375 0.43342592656249995 0.3915625 0.43342592656249995
4 0.3319270828125 0.673796296875 0.3319270828125 0.47879629687499997 0.2528125 0.47879629687499997 0.2528125 0.673796296875 0.3319270828125 0.673796296875
4 0.13640625 0.9983333328124999 0.13640625 0.513703703125 0.0022395828125 0.513703703125 0.0022395828125 0.9983333328124999 0.13640625 0.9983333328124999
4 0.20921875 0.8983333328124999 0.20921875 0.5034259265625 0.12484375 0.5034259265625 0.12484375 0.8983333328124999 0.20921875 0.8983333328124999
4 0.2510416671875 0.79444444375 0.2510416671875 0.49444444374999996 0.20270833281249998 0.49444444374999996 0.20270833281249998 0.79444444375 0.2510416671875 0.79444444375
3 0.9976041671875 0.3865740734375 0.9976041671875 0.0591666671875 0.8840104171875 0.0591666671875 0.8840104171875 0.3865740734375 0.9976041671875 0.3865740734375
3 0.7736979171875 0.4090740734375 0.7736979171875 0.24962962968750002 0.71953125 0.24962962968750002 0.71953125 0.4090740734375 0.7736979171875 0.4090740734375
3 0.7230729171875 0.41694444375 0.7230729171875 0.2590740734375 0.683125 0.2590740734375 0.683125 0.41694444375 0.7230729171875 0.41694444375
3 0.5835416671875 0.44259259218749997 0.5835416671875 0.3749074078125 0.5614583328125 0.3749074078125 0.5614583328125 0.44259259218749997 0.5835416671875 0.44259259218749997
3 0.5640104171875 0.4434259265625 0.5640104171875 0.385 0.5516666671875 0.385 0.5516666671875 0.4434259265625 0.5640104171875 0.4434259265625
3 0.5529166671875 0.44435185156249996 0.5529166671875 0.3999074078125 0.5411458328125 0.3999074078125 0.5411458328125 0.44435185156249996 0.5529166671875 0.44435185156249996
3 0.5443749999999999 0.5186111109375 0.5443749999999999 0.47796296250000003 0.5351041671875 0.47796296250000003 0.5351041671875 0.5186111109375 0.5443749999999999 0.5186111109375
1 0.7938020828125001 0.9938888890625 0.7938020828125001 0.8669444437499999 0.7114583328124999 0.8669444437499999 0.7114583328124999 0.9938888890625 0.7938020828125001 0.9938888890625