1 0.8819270828124999 0.0934259265625 0.8819270828124999 0.19601851875 0.9596354171874999 0.19601851875 0.9596354171874999 0.0934259265625 0.8819270828124999 0.0934259265625
1 0.8811458328124999 0.2328703703125 0.8811458328124999 0.305277778125 0.9589062500000001 0.305277778125 0.9589062500000001 0.2328703703125 0.8811458328124999 0.2328703703125
1 0.87671875 0.33555555625 0.87671875 0.26055555625000004 0.8056770828125 0.26055555625000004 0.8056770828125 0.33555555625 0.87671875 0.33555555625
1 0.7997395828125 0.36055555625 0.7997395828125 0.2934259265625 0.7523958328125 0.2934259265625 0.7523958328125 0.36055555625 0.7997395828125 0.36055555625
1 0.75609375 0.3341666671875 0.75609375 0.280277778125 0.7086979171875 0.280277778125 0.7086979171875 0.3341666671875 0.75609375 0.3341666671875
1 0.7597916671875 0.37101851875 0.7597916671875 0.3158333328125 0.716875 0.3158333328125 0.716875 0.37101851875 0.7597916671875 0.37101851875
1 0.7131770828125 0.3868518515625 0.7131770828125 0.3341666671875 0.6754166671874999 0.3341666671875 0.6754166671874999 0.3868518515625 0.7131770828125 0.3868518515625
1 0.6754166671874999 0.3921296296875 0.6754166671874999 0.35398148125 0.6487499999999999 0.35398148125 0.6487499999999999 0.3921296296875 0.6754166671874999 0.3921296296875
1 0.70796875 0.3328703703125 0.70796875 0.2974074078125 0.64953125 0.2974074078125 0.64953125 0.3328703703125 0.70796875 0.3328703703125
1 0.63765625 0.398703703125 0.63765625 0.373703703125 0.6221354171875 0.373703703125 0.6221354171875 0.398703703125 0.63765625 0.398703703125
1 0.6221354171875 0.4078703703125 0.6221354171875 0.376296296875 0.6102604171875 0.376296296875 0.6102604171875 0.4078703703125 0.6221354171875 0.4078703703125
1 0.63765625 0.36444444374999996 0.63765625 0.3381481484375 0.6058333328125001 0.3381481484375 0.6058333328125001 0.36444444374999996 0.63765625 0.36444444374999996
1 0.7464583328125001 0.6460185187499999 0.7464583328125001 0.5921296296875 0.7109375 0.5921296296875 0.7109375 0.6460185187499999 0.7464583328125001 0.6460185187499999
1 0.87375 0.719722221875 0.87375 0.63944444375 0.7990104171875 0.63944444375 0.7990104171875 0.719722221875 0.87375 0.719722221875
1 0.87375 0.551296296875 0.87375 0.501296296875 0.7967708328125 0.501296296875 0.7967708328125 0.551296296875 0.87375 0.551296296875
1 0.96609375 0.7824074078125001 0.96609375 0.694722221875 0.8789583328124999 0.694722221875 0.8789583328124999 0.7824074078125001 0.96609375 0.7824074078125001
1 0.9738020828125 0.6716666671875 0.9738020828125 0.5825925921875 0.8821354171875001 0.5825925921875 0.8821354171875001 0.6716666671875 0.9738020828125 0.6716666671875
1 0.42703125000000003 0.561759259375 0.42703125000000003 0.5390740734375 0.3844270828125 0.5390740734375 0.3844270828125 0.561759259375 0.42703125000000003 0.561759259375
1 0.47609375 0.5599074078124999 0.47609375 0.5390740734375 0.428125 0.5390740734375 0.428125 0.5599074078124999 0.47609375 0.5599074078124999
1 0.51765625 0.5579629625 0.51765625 0.535277778125 0.4771354171875 0.535277778125 0.4771354171875 0.5579629625 0.51765625 0.5579629625
1 0.7122395828125 0.60101851875 0.7122395828125 0.560277778125 0.6619270828125 0.560277778125 0.6619270828125 0.60101851875 0.7122395828125 0.60101851875
1 0.6619270828125 0.5865740734375 0.6619270828125 0.553703703125 0.6441666671874999 0.553703703125 0.6441666671874999 0.5865740734375 0.6619270828125 0.5865740734375
1 0.6382291671875 0.54055555625 0.6382291671875 0.5181481484375 0.6286458328125 0.5181481484375 0.6286458328125 0.54055555625 0.6382291671875 0.54055555625
1 0.6441666671874999 0.5918518515625 0.6441666671874999 0.5628703703125 0.6264062499999999 0.5628703703125 0.6264062499999999 0.5918518515625 0.6441666671874999 0.5918518515625
1 0.6264062499999999 0.57601851875 0.6264062499999999 0.560277778125 0.6130729171875 0.560277778125 0.6130729171875 0.57601851875 0.6264062499999999 0.57601851875
1 0.6264062499999999 0.5365740734375 0.6264062499999999 0.51555555625 0.6138020828124999 0.51555555625 0.6138020828124999 0.5365740734375 0.6264062499999999 0.5365740734375
1 0.7477083328125 0.0025925921875000002 0.7477083328125 0.0878703703125 0.7946354171875 0.0878703703125 0.7946354171875 0.0025925921875000002 0.7477083328125 0.0025925921875000002
1 0.7104166671875001 0.0783333328125 0.7104166671875001 0.1351851859375 0.7552083328125 0.1351851859375 0.7552083328125 0.0783333328125 0.7104166671875001 0.0783333328125
1 0.70828125 0.0063888890625 0.70828125 0.06694444375 0.7466666671875 0.06694444375 0.7466666671875 0.0063888890625 0.70828125 0.0063888890625
1 0.7125520828125 0.11814814843749999 0.7125520828125 0.053703703125 0.6741666671875 0.053703703125 0.6741666671875 0.11814814843749999 0.7125520828125 0.11814814843749999
1 0.70828125 0.1901851859375 0.70828125 0.106759259375 0.6752604171875001 0.106759259375 0.6752604171875001 0.1901851859375 0.70828125 0.1901851859375
1 0.6784375 0.152222221875 0.6784375 0.0973148140625 0.6528645828124999 0.0973148140625 0.6528645828124999 0.152222221875 0.6784375 0.152222221875
1 0.6773958328125 0.21287037031249997 0.6773958328125 0.15601851875 0.6560937499999999 0.15601851875 0.6560937499999999 0.21287037031249997 0.6773958328125 0.21287037031249997
1 0.6528645828124999 0.24324074062499998 0.6528645828124999 0.18444444375 0.6347395828125 0.18444444375 0.6347395828125 0.24324074062499998 0.6528645828124999 0.24324074062499998
1 0.000625 0.2545370375 0.000625 0.3341666671875 0.0389583328125 0.3341666671875 0.0389583328125 0.2545370375 0.000625 0.2545370375
1 0.000625 0.0991666671875 0.000625 0.19583333281249998 0.0389583328125 0.19583333281249998 0.0389583328125 0.0991666671875 0.000625 0.0991666671875
1 0.13703125 0.1371296296875 0.13703125 0.0063888890625 0.0379166671875 0.0063888890625 0.0379166671875 0.1371296296875 0.13703125 0.1371296296875
1 0.1327604171875 0.2488888890625 0.1327604171875 0.1295370375 0.0379166671875 0.1295370375 0.0379166671875 0.2488888890625 0.1327604171875 0.2488888890625
1 0.13916666718749998 0.368240740625 0.13916666718749998 0.27351851875 0.0379166671875 0.27351851875 0.0379166671875 0.368240740625 0.13916666718749998 0.368240740625
1 0.2116145828125 0.387222221875 0.2116145828125 0.3075925921875 0.13916666718749998 0.3075925921875 0.13916666718749998 0.387222221875 0.2116145828125 0.387222221875
1 0.24786458281249998 0.39481481406249996 0.24786458281249998 0.332222221875 0.2084375 0.332222221875 0.2084375 0.39481481406249996 0.24786458281249998 0.39481481406249996
1 0.2738541671875 0.39342592656250003 0.2738541671875 0.3538888890625 0.2435416671875 0.3538888890625 0.2435416671875 0.39342592656250003 0.2738541671875 0.39342592656250003
1 0.273125 0.3288888890625 0.273125 0.280277778125 0.24651041718750002 0.280277778125 0.24651041718750002 0.3288888890625 0.273125 0.3288888890625
1 0.3005208328125 0.33944444375 0.3005208328125 0.3078703703125 0.2738541671875 0.3078703703125 0.2738541671875 0.33944444375 0.3005208328125 0.33944444375
1 0.2990104171875 0.40657407343749996 0.2990104171875 0.355277778125 0.265 0.355277778125 0.265 0.40657407343749996 0.2990104171875 0.40657407343749996
1 0.3145833328125 0.41444444375 0.3145833328125 0.380277778125 0.2975520828125 0.380277778125 0.2975520828125 0.41444444375 0.3145833328125 0.41444444375
1 0.33088541718750003 0.4184259265625 0.33088541718750003 0.38416666718750003 0.31234375000000003 0.38416666718750003 0.31234375000000003 0.4184259265625 0.33088541718750003 0.4184259265625
1 0.32937500000000003 0.3591666671875 0.32937500000000003 0.33027777812500003 0.2975520828125 0.33027777812500003 0.2975520828125 0.3591666671875 0.32937500000000003 0.3591666671875
1 0.3419791671875 0.42101851874999996 0.3419791671875 0.38555555625000004 0.3271354171875 0.38555555625000004 0.3271354171875 0.42101851874999996 0.3419791671875 0.42101851874999996
1 0.3444791671875 0.3649074078125 0.3444791671875 0.3428703703125 0.32864583281250004 0.3428703703125 0.32864583281250004 0.3649074078125 0.3444791671875 0.3649074078125
1 0.3552083328125 0.4175 0.3552083328125 0.39694444375 0.3440625 0.39694444375 0.3440625 0.4175 0.3552083328125 0.4175
1 0.34234375 0.3573148140625 0.34234375 0.3771296296875 0.3547916671875 0.3771296296875 0.3547916671875 0.3573148140625 0.34234375 0.3573148140625
1 0.27546875000000004 0.50898148125 0.27546875000000004 0.4751851859375 0.10687500000000001 0.4751851859375 0.10687500000000001 0.50898148125 0.27546875000000004 0.50898148125
1 0.2765104171875 0.58851851875 0.2765104171875 0.5382407406249999 0.0909375 0.5382407406249999 0.0909375 0.58851851875 0.2765104171875 0.58851851875
1 0.2565104171875 0.7386111109375 0.2565104171875 0.66601851875 0.009583332812500001 0.66601851875 0.009583332812500001 0.7386111109375 0.2565104171875 0.7386111109375
1 0.27958333281250003 0.6975925921874999 0.27958333281250003 0.6470370375 0.2440625 0.6470370375 0.2440625 0.6975925921874999 0.27958333281250003 0.6975925921874999
1 0.29562499999999997 0.49398148124999997 0.29562499999999997 0.4611111109375 0.2635416671875 0.4611111109375 0.2635416671875 0.49398148124999997 0.29562499999999997 0.49398148124999997
1 0.3129166671875 0.5872222218750001 0.3129166671875 0.548796296875 0.2882291671875 0.548796296875 0.2882291671875 0.5872222218750001 0.3129166671875 0.5872222218750001
1 0.3116666671875 0.6441666671874999 0.3116666671875 0.604722221875 0.2900520828125 0.604722221875 0.2900520828125 0.6441666671874999 0.3116666671875 0.6441666671874999
1 0.3391145828125 0.556296296875 0.3391145828125 0.5234259265625 0.29796875 0.5234259265625 0.29796875 0.556296296875 0.3391145828125 0.556296296875
1 0.3421875 0.6293518515625001 0.3421875 0.5818518515625 0.30671875000000004 0.5818518515625 0.30671875000000004 0.6293518515625001 0.3421875 0.6293518515625001
1 0.34427083281250004 0.48231481406250004 0.34427083281250004 0.4566666671875 0.32625000000000004 0.4566666671875 0.32625000000000004 0.48231481406250004 0.34427083281250004 0.48231481406250004
1 0.35812499999999997 0.47768518593750003 0.35812499999999997 0.45944444375 0.3396354171875 0.45944444375 0.3396354171875 0.47768518593750003 0.35812499999999997 0.47768518593750003
1 0.3663541671875 0.5033333328125 0.3663541671875 0.48685185156250005 0.3550520828125 0.48685185156250005 0.3550520828125 0.5033333328125 0.3663541671875 0.5033333328125
1 0.3679166671875 0.5453703703125 0.3679166671875 0.5234259265625 0.3534895828125 0.5234259265625 0.3534895828125 0.5453703703125 0.3679166671875 0.5453703703125
1 0.3683854171875 0.5846296296875 0.3683854171875 0.556296296875 0.3509375 0.556296296875 0.3509375 0.5846296296875 0.3683854171875 0.5846296296875
1 0.36072916718750003 0.42157407343750003 0.36072916718750003 0.404722221875 0.35432291718750003 0.404722221875 0.35432291718750003 0.42157407343750003 0.36072916718750003 0.42157407343750003
1 0.3727083328125 0.423796296875 0.3727083328125 0.40435185156250003 0.3586458328125 0.40435185156250003 0.3586458328125 0.423796296875 0.3727083328125 0.423796296875
1 0.3716666671875 0.4025 0.3716666671875 0.389259259375 0.3586458328125 0.389259259375 0.3586458328125 0.4025 0.3716666671875 0.4025
1 0.38026041718750003 0.54694444375 0.38026041718750003 0.5270370375 0.36885416718749997 0.5270370375 0.36885416718749997 0.54694444375 0.38026041718750003 0.54694444375
1 0.3809895828125 0.56148148125 0.3809895828125 0.5429629625 0.3713541671875 0.5429629625 0.3713541671875 0.56148148125 0.3809895828125 0.56148148125
1 0.6371875 0.2531481484375 0.6371875 0.2118518515625 0.6164583328125001 0.2118518515625 0.6164583328125001 0.2531481484375 0.6371875 0.2531481484375
1 0.6175520828125001 0.279722221875 0.6175520828125001 0.2461111109375 0.5946875 0.2461111109375 0.5946875 0.279722221875 0.6175520828125001 0.279722221875
1 0.6025520828125 0.41046296250000003 0.6025520828125 0.38444444375 0.5904166671875 0.38444444375 0.5904166671875 0.41046296250000003 0.6025520828125 0.41046296250000003
1 0.5918229171875 0.4086111109375 0.5918229171875 0.388240740625 0.5804166671875 0.388240740625 0.5804166671875 0.4086111109375 0.5918229171875 0.4086111109375
1 0.61921875 0.1254629625 0.61921875 0.08333333281250001 0.6073958328125 0.08333333281250001 0.6073958328125 0.1254629625 0.61921875 0.1254629625
1 0.60984375 0.15398148125 0.60984375 0.10685185156250002 0.59484375 0.10685185156250002 0.59484375 0.15398148125 0.60984375 0.15398148125
4 0.8079166671875001 0.6775925921875 0.8079166671875001 0.4173148140625 0.7372395828125 0.4173148140625 0.7372395828125 0.6775925921875 0.8079166671875001 0.6775925921875
4 0.6363541671874999 0.24601851875 0.6363541671874999 0.396759259375 0.6568229171875 0.396759259375 0.6568229171875 0.24601851875 0.6363541671874999 0.24601851875
3 0.4291145828125 0.5448148140625 0.4291145828125 0.5046296296875 0.40703125 0.5046296296875 0.40703125 0.5448148140625 0.4291145828125 0.5448148140625
3 0.5165104171875 0.52194444375 0.5165104171875 0.50648148125 0.4964583328125 0.50648148125 0.4964583328125 0.52194444375 0.5165104171875 0.52194444375
3 0.5185416671875 0.5384259265625 0.5185416671875 0.5228703703125 0.4959375 0.5228703703125 0.4959375 0.5384259265625 0.5185416671875 0.5384259265625
3 0.49744791718750003 0.5421296296875 0.49744791718750003 0.5265740734375 0.47385416718749995 0.5265740734375 0.47385416718749995 0.5421296296875 0.49744791718750003 0.5421296296875
3 0.49796874999999996 0.5256481484375 0.49796874999999996 0.5100925921874999 0.4733333328125 0.5100925921874999 0.4733333328125 0.5256481484375 0.49796874999999996 0.5256481484375
3 0.47484374999999995 0.4954629625 0.47484374999999995 0.5100925921874999 0.4959375 0.5100925921874999 0.4959375 0.4954629625 0.47484374999999995 0.4954629625
3 0.47484374999999995 0.4808333328125 0.47484374999999995 0.4954629625 0.49796874999999996 0.4954629625 0.49796874999999996 0.4808333328125 0.47484374999999995 0.4808333328125
3 0.47536458281250005 0.46351851875000005 0.47536458281250005 0.4808333328125 0.4954166671875 0.4808333328125 0.4954166671875 0.46351851875000005 0.47536458281250005 0.46351851875000005
3 0.4758854171875 0.4479629625 0.4758854171875 0.46351851875000005 0.4959375 0.46351851875000005 0.4959375 0.4479629625 0.4758854171875 0.4479629625
3 0.4733333328125 0.4361111109375 0.4733333328125 0.4479629625 0.4959375 0.4479629625 0.4959375 0.4361111109375 0.4733333328125 0.4361111109375
3 0.4733333328125 0.41962962968750006 0.4733333328125 0.4361111109375 0.49489583281250005 0.4361111109375 0.49489583281250005 0.41962962968750006 0.4733333328125 0.41962962968750006
3 0.47432291718749997 0.4068518515625 0.47432291718749997 0.41962962968750006 0.49489583281250005 0.41962962968750006 0.49489583281250005 0.4068518515625 0.47432291718749997 0.4068518515625
3 0.47432291718749997 0.391296296875 0.47432291718749997 0.4068518515625 0.4969791671875 0.4068518515625 0.4969791671875 0.391296296875 0.47432291718749997 0.391296296875
3 0.4733333328125 0.392222221875 0.4733333328125 0.3693518515625 0.4527604171875 0.3693518515625 0.4527604171875 0.392222221875 0.4733333328125 0.392222221875
3 0.47484374999999995 0.4068518515625 0.47484374999999995 0.392222221875 0.4527604171875 0.392222221875 0.4527604171875 0.4068518515625 0.47484374999999995 0.4068518515625
3 0.47484374999999995 0.42240740781249997 0.47484374999999995 0.407777778125 0.4506770828125 0.407777778125 0.4506770828125 0.42240740781249997 0.47484374999999995 0.42240740781249997
3 0.47125000000000006 0.4379629625 0.47125000000000006 0.4233333328125 0.4522395828125 0.4233333328125 0.4522395828125 0.4379629625 0.47125000000000006 0.4379629625
3 0.47125000000000006 0.45342592656249997 0.47125000000000006 0.4379629625 0.45328125 0.4379629625 0.45328125 0.45342592656249997 0.47125000000000006 0.45342592656249997
3 0.4728125 0.466203703125 0.4728125 0.45342592656249997 0.45328125 0.45342592656249997 0.45328125 0.466203703125 0.4728125 0.466203703125
3 0.4728125 0.4826851859375 0.4728125 0.466203703125 0.4527604171875 0.466203703125 0.4527604171875 0.4826851859375 0.4728125 0.4826851859375
3 0.4728125 0.4963888890625 0.4728125 0.4826851859375 0.4527604171875 0.4826851859375 0.4527604171875 0.4963888890625 0.4728125 0.4963888890625
3 0.51671875 0.3803703703125 0.51671875 0.3650925921875 0.49411458281250004 0.3650925921875 0.49411458281250004 0.3803703703125 0.51671875 0.3803703703125
3 0.5155208328125 0.3946296296875 0.5155208328125 0.3799074078125 0.49765625 0.3799074078125 0.49765625 0.3946296296875 0.5155208328125 0.3946296296875
3 0.5152083328125 0.41638888906249993 0.5152083328125 0.3946296296875 0.49765625 0.3946296296875 0.49765625 0.41638888906249993 0.5152083328125 0.41638888906249993
3 0.5152083328125 0.432777778125 0.5152083328125 0.41638888906249993 0.49796874999999996 0.41638888906249993 0.49796874999999996 0.432777778125 0.5152083328125 0.432777778125
3 0.51640625 0.44759259218749997 0.51640625 0.432777778125 0.49796874999999996 0.432777778125 0.49796874999999996 0.44759259218749997 0.51640625 0.44759259218749997
3 0.5157812500000001 0.45861111093750007 0.5157812500000001 0.44759259218749997 0.4985416671875 0.44759259218749997 0.4985416671875 0.45861111093750007 0.5157812500000001 0.45861111093750007
3 0.51671875 0.475 0.51671875 0.46027777812500004 0.49796874999999996 0.46027777812500004 0.49796874999999996 0.475 0.51671875 0.475
3 0.51640625 0.48981481406249994 0.51640625 0.475 0.4988541671875 0.475 0.4988541671875 0.48981481406249994 0.51640625 0.48981481406249994
3 0.5157812500000001 0.5057407406250001 0.5157812500000001 0.49194444375 0.4988541671875 0.49194444375 0.4988541671875 0.5057407406250001 0.5157812500000001 0.5057407406250001
3 0.4717708328125 0.51101851875 0.4717708328125 0.49620370312500006 0.4524479171875 0.49620370312500006 0.4524479171875 0.51101851875 0.4717708328125 0.51101851875
3 0.4711979171875 0.5268518515625 0.4711979171875 0.5125925921875 0.4521354171875 0.5125925921875 0.4521354171875 0.5268518515625 0.4711979171875 0.5268518515625
3 0.47239583281249997 0.543240740625 0.47239583281249997 0.5268518515625 0.4509895828125 0.5268518515625 0.4509895828125 0.543240740625 0.47239583281249997 0.543240740625
3 0.4527604171875 0.5426851859374999 0.4527604171875 0.52898148125 0.43161458281250004 0.52898148125 0.43161458281250004 0.5426851859374999 0.4527604171875 0.5426851859374999
3 0.42984375 0.515277778125 0.42984375 0.52898148125 0.4521354171875 0.52898148125 0.4521354171875 0.515277778125 0.42984375 0.515277778125
3 0.42984375 0.4999074078125 0.42984375 0.515277778125 0.45125000000000004 0.515277778125 0.45125000000000004 0.4999074078125 0.42984375 0.4999074078125
3 0.43072916718750004 0.48509259218749995 0.43072916718750004 0.4999074078125 0.45125000000000004 0.4999074078125 0.45125000000000004 0.48509259218749995 0.43072916718750004 0.48509259218749995
3 0.42984375 0.4766666671875 0.42984375 0.48509259218749995 0.4515625 0.48509259218749995 0.4515625 0.4766666671875 0.42984375 0.4766666671875
3 0.43223958281249997 0.4671296296875 0.43223958281249997 0.47712962968749995 0.4515625 0.47712962968749995 0.4515625 0.4671296296875 0.43223958281249997 0.4671296296875
3 0.43104166718750003 0.4591666671875 0.43104166718750003 0.4671296296875 0.4515625 0.4671296296875 0.4515625 0.4591666671875 0.43104166718750003 0.4591666671875
3 0.45125000000000004 0.4591666671875 0.45125000000000004 0.4491666671875 0.43072916718750004 0.4491666671875 0.43072916718750004 0.4591666671875 0.45125000000000004 0.4591666671875
3 0.4497916671875 0.45074074062499997 0.4497916671875 0.44333333281250004 0.43135416718749997 0.44333333281250004 0.43135416718749997 0.45074074062499997 0.4497916671875 0.45074074062499997
3 0.4515625 0.4031481484375 0.4515625 0.396759259375 0.42953125 0.396759259375 0.42953125 0.4031481484375 0.4515625 0.4031481484375
3 0.4509895828125 0.44333333281250004 0.4509895828125 0.4359259265625 0.43104166718750003 0.4359259265625 0.43104166718750003 0.44333333281250004 0.4509895828125 0.44333333281250004
3 0.45005208281250003 0.43324074062499995 0.45005208281250003 0.4258333328125 0.42864583281249996 0.4258333328125 0.42864583281249996 0.43324074062499995 0.45005208281250003 0.43324074062499995
3 0.43015625 0.415277778125 0.43015625 0.4258333328125 0.4497916671875 0.4258333328125 0.4497916671875 0.415277778125 0.43015625 0.415277778125
3 0.43015625 0.4078703703125 0.43015625 0.415277778125 0.45005208281250003 0.415277778125 0.45005208281250003 0.4078703703125 0.43015625 0.4078703703125
3 0.42864583281249996 0.3851851859375 0.42864583281249996 0.396759259375 0.45187499999999997 0.396759259375 0.45187499999999997 0.3851851859375 0.42864583281249996 0.3851851859375
3 0.42833333281249997 0.378240740625 0.42833333281249997 0.3851851859375 0.4509895828125 0.3851851859375 0.4509895828125 0.378240740625 0.42833333281249997 0.378240740625
3 0.42864583281249996 0.3708333328125 0.42864583281249996 0.378240740625 0.4509895828125 0.378240740625 0.4509895828125 0.3708333328125 0.42864583281249996 0.3708333328125
3 0.4292708328125 0.3836111109375 0.4292708328125 0.36296296250000004 0.40484375000000006 0.36296296250000004 0.40484375000000006 0.3836111109375 0.4292708328125 0.3836111109375
3 0.40515625 0.3836111109375 0.40515625 0.39944444375 0.42984375 0.39944444375 0.42984375 0.3836111109375 0.40515625 0.3836111109375
3 0.42864583281249996 0.41425925937499997 0.42864583281249996 0.3973148140625 0.4072395828125 0.3973148140625 0.4072395828125 0.41425925937499997 0.42864583281249996 0.41425925937499997
3 0.42895833281250006 0.43009259218749996 0.42895833281250006 0.41425925937499997 0.40515625 0.41425925937499997 0.40515625 0.43009259218749996 0.42895833281250006 0.43009259218749996
3 0.4292708328125 0.44333333281250004 0.4292708328125 0.4295370375 0.4072395828125 0.4295370375 0.4072395828125 0.44333333281250004 0.4292708328125 0.44333333281250004
3 0.4292708328125 0.45814814843749996 0.4292708328125 0.44333333281250004 0.4060416671875 0.44333333281250004 0.4060416671875 0.45814814843749996 0.4292708328125 0.45814814843749996
3 0.4292708328125 0.47296296250000003 0.4292708328125 0.45814814843749996 0.4060416671875 0.45814814843749996 0.4060416671875 0.47296296250000003 0.4292708328125 0.47296296250000003
3 0.42895833281250006 0.48824074062499995 0.42895833281250006 0.47296296250000003 0.4078125 0.47296296250000003 0.4078125 0.48824074062499995 0.42895833281250006 0.48824074062499995
3 0.43015625 0.5057407406250001 0.43015625 0.48824074062499995 0.4078125 0.48824074062499995 0.4078125 0.5057407406250001 0.43015625 0.5057407406250001
3 0.40812499999999996 0.3809259265625 0.40812499999999996 0.3613888890625 0.383125 0.3613888890625 0.383125 0.3809259265625 0.40812499999999996 0.3809259265625
3 0.40812499999999996 0.3973148140625 0.40812499999999996 0.3809259265625 0.38406250000000003 0.3809259265625 0.38406250000000003 0.3973148140625 0.40812499999999996 0.3973148140625
3 0.40812499999999996 0.41425925937499997 0.40812499999999996 0.3973148140625 0.38406250000000003 0.3973148140625 0.38406250000000003 0.41425925937499997 0.40812499999999996 0.41425925937499997
3 0.4075520828125 0.43064814843750004 0.4075520828125 0.41370370312500004 0.3846354171875 0.41370370312500004 0.3846354171875 0.43064814843750004 0.4075520828125 0.43064814843750004
3 0.4069270828125 0.44277777812499997 0.4069270828125 0.43009259218749996 0.3846354171875 0.43009259218749996 0.3846354171875 0.44277777812499997 0.4069270828125 0.44277777812499997
3 0.4069270828125 0.459722221875 0.4069270828125 0.44277777812499997 0.3858333328125 0.44277777812499997 0.3858333328125 0.459722221875 0.4069270828125 0.459722221875
3 0.4075520828125 0.47083333281249995 0.4075520828125 0.459722221875 0.3858333328125 0.459722221875 0.3858333328125 0.47083333281249995 0.4075520828125 0.47083333281249995
3 0.4075520828125 0.48981481406249994 0.4075520828125 0.47083333281249995 0.3852083328125 0.47083333281249995 0.3852083328125 0.48981481406249994 0.4075520828125 0.48981481406249994
3 0.4090104171875 0.50148148125 0.4090104171875 0.48981481406249994 0.3852083328125 0.48981481406249994 0.3852083328125 0.50148148125 0.4090104171875 0.50148148125
3 0.4090104171875 0.515740740625 0.4090104171875 0.50148148125 0.3861458328125 0.50148148125 0.3861458328125 0.515740740625 0.4090104171875 0.515740740625
3 0.4075520828125 0.52898148125 0.4075520828125 0.515740740625 0.3858333328125 0.515740740625 0.3858333328125 0.52898148125 0.4075520828125 0.52898148125
3 0.4072395828125 0.54694444375 0.4072395828125 0.53 0.3849479171875 0.53 0.3849479171875 0.54694444375 0.4072395828125 0.54694444375
1 0.23390624999999998 0.089259259375 0.23390624999999998 0.0016666671875 0.19421875 0.0016666671875 0.19421875 0.089259259375 0.23390624999999998 0.089259259375
1 0.2641145828125 0.13333333281249998 0.2641145828125 0.071759259375 0.23421875 0.071759259375 0.23421875 0.13333333281249998 0.2641145828125 0.13333333281249998
1 0.2905208328125 0.1745370375 0.2905208328125 0.12481481406249999 0.26729166718749997 0.12481481406249999 0.26729166718749997 0.1745370375 0.2905208328125 0.1745370375
1 0.3133854171875 0.206759259375 0.3133854171875 0.16157407343750002 0.29432291718750003 0.16157407343750002 0.29432291718750003 0.206759259375 0.3133854171875 0.206759259375
1 0.3283333328125 0.17962962968750001 0.3283333328125 0.141203703125 0.30890625 0.141203703125 0.30890625 0.17962962968750001 0.3283333328125 0.17962962968750001
1 0.3140104171875 0.1988888890625 0.3140104171875 0.23444444375 0.32864583281250004 0.23444444375 0.32864583281250004 0.1988888890625 0.3140104171875 0.1988888890625
1 0.32385416718750004 0.050277778125000006 0.32385416718750004 0.0863888890625 0.3365625 0.0863888890625 0.3365625 0.050277778125000006 0.32385416718750004 0.050277778125000006
1 0.3489583328125 0.11916666718749999 0.3489583328125 0.07962962968750001 0.336875 0.07962962968750001 0.336875 0.11916666718749999 0.3489583328125 0.11916666718749999
1 0.34322916718749996 0.2491666671875 0.34322916718749996 0.215277778125 0.32927083281249997 0.215277778125 0.32927083281249997 0.2491666671875 0.34322916718749996 0.2491666671875