1 0.2921875 0.35208333281250004 0.2921875 0.3352083328125 0.244375 0.3352083328125 0.244375 0.35208333281250004 0.2921875 0.35208333281250004
1 0.3421875 0.406875 0.3421875 0.3872916671875 0.2921875 0.3872916671875 0.2921875 0.406875 0.3421875 0.406875
1 0.29125 0.40812499999999996 0.29125 0.39125 0.2453125 0.39125 0.2453125 0.40812499999999996 0.29125 0.40812499999999996
1 0 0.4145833328125 0.09578125 0.4145833328125 0.09578125 0.3729166671875 0 0.3729166671875 0 0.4145833328125
1 0 0.5045833328125 0.1015625 0.5045833328125 0.1015625 0.45375 0 0.45375 0 0.5045833328125
1 0.4565625 0 0.4565625 0.0458333328125 0.49359374999999994 0.0458333328125 0.49359374999999994 0 0.4565625 0
1 0.44875 0.11750000000000001 0.44875 0.071875 0.41453125 0.071875 0.41453125 0.11750000000000001 0.44875 0.11750000000000001
1 0.029218749999999998 0.1775 0.029218749999999998 0.14875 0.00296875 0.14875 0.00296875 0.1775 0.029218749999999998 0.1775
2 0.13265625 0.4404166671875 0.13265625 0.153125 0.0403125 0.153125 0.0403125 0.4404166671875 0.13265625 0.4404166671875
2 0.20187499999999997 0.40708333281250003 0.20187499999999997 0.200625 0.12593749999999998 0.200625 0.12593749999999998 0.40708333281250003 0.20187499999999997 0.40708333281250003
3 0.90359375 0.5420833328125 0.90359375 0.4183333328125 0.80984375 0.4183333328125 0.80984375 0.5420833328125 0.90359375 0.5420833328125
3 0.99828125 0.575 0.99828125 0.4091666671875 0.89671875 0.4091666671875 0.89671875 0.575 0.99828125 0.575
3 0.9925 0.4183333328125 0.9925 0.31062500000000004 0.74765625 0.31062500000000004 0.74765625 0.4183333328125 0.9925 0.4183333328125
3 0.8315625000000001 0.514375 0.8315625000000001 0.4170833328125 0.7446875000000001 0.4170833328125 0.7446875000000001 0.514375 0.8315625000000001 0.514375
3 0.7575000000000001 0.488125 0.7575000000000001 0.3947916671875 0.6509375000000001 0.3947916671875 0.6509375000000001 0.488125 0.7575000000000001 0.488125
3 0.66484375 0.4722916671875 0.66484375 0.3829166671875 0.5996875 0.3829166671875 0.5996875 0.4722916671875 0.66484375 0.4722916671875
3 0.6056250000000001 0.45520833281249995 0.6056250000000001 0.4066666671875 0.57109375 0.4066666671875 0.57109375 0.45520833281249995 0.6056250000000001 0.45520833281249995
3 0.57109375 0.44875 0.57109375 0.38937499999999997 0.53359375 0.38937499999999997 0.53359375 0.44875 0.57109375 0.44875
3 0.6115625 0.39729166718750003 0.6115625 0.34875 0.4871875 0.34875 0.4871875 0.39729166718750003 0.6115625 0.39729166718750003
3 0.5325 0.44604166718749994 0.5325 0.40520833281249996 0.49609375 0.40520833281249996 0.49609375 0.44604166718749994 0.5325 0.44604166718749994
3 0.568125 0.43562500000000004 0.568125 0.33166666718750004 0.47734375 0.33166666718750004 0.47734375 0.43562500000000004 0.568125 0.43562500000000004
3 0.5928125 0.2802083328125 0.5928125 0.1447916671875 0.51078125 0.1447916671875 0.51078125 0.2802083328125 0.5928125 0.2802083328125
3 0.57203125 0.27625 0.57203125 0.2289583328125 0.5434375 0.2289583328125 0.5434375 0.27625 0.57203125 0.27625
3 0.6342187499999999 0.2552083328125 0.6342187499999999 0.20270833281249998 0.56703125 0.20270833281249998 0.56703125 0.2552083328125 0.6342187499999999 0.2552083328125
3 0.71015625 0.213125 0.71015625 0.1329166671875 0.63515625 0.1329166671875 0.63515625 0.213125 0.71015625 0.213125
3 0.8915625 0.20270833281249998 0.8915625 0.0966666671875 0.7153125 0.0966666671875 0.7153125 0.20270833281249998 0.8915625 0.20270833281249998
3 0.7125 0.0075 0.7125 0.1308333328125 0.95671875 0.1308333328125 0.95671875 0.0075 0.7125 0.0075
3 0.9996875 0.16833333281250001 0.9996875 0.0402083328125 0.8871874999999999 0.0402083328125 0.8871874999999999 0.16833333281250001 0.9996875 0.16833333281250001
3 0.47046875000000005 0.2808333328125 0.47046875000000005 0.24020833281249998 0.43390625 0.24020833281249998 0.43390625 0.2808333328125 0.47046875000000005 0.2808333328125
3 0.45968749999999997 0.3204166671875 0.45968749999999997 0.2822916671875 0.43390625 0.2822916671875 0.43390625 0.3204166671875 0.45968749999999997 0.3204166671875
3 0.52421875 0.2108333328125 0.52421875 0.1822916671875 0.49796874999999996 0.1822916671875 0.49796874999999996 0.2108333328125 0.52421875 0.2108333328125
3 0.52421875 0.24583333281250003 0.52421875 0.2108333328125 0.49796874999999996 0.2108333328125 0.49796874999999996 0.24583333281250003 0.52421875 0.24583333281250003
3 0.5259375000000001 0.2820833328125 0.5259375000000001 0.24583333281250003 0.49874999999999997 0.24583333281250003 0.49874999999999997 0.2820833328125 0.5259375000000001 0.2820833328125
3 0.47078125000000004 0.385 0.47078125000000004 0.35104166718749996 0.45359375 0.35104166718749996 0.45359375 0.385 0.47078125000000004 0.385
3 0.4725 0.416875 0.4725 0.37854166718750004 0.45187499999999997 0.37854166718750004 0.45187499999999997 0.416875 0.4725 0.416875
3 0.45265625 0.38395833281249997 0.45265625 0.35104166718749996 0.43703125 0.35104166718749996 0.43703125 0.38395833281249997 0.45265625 0.38395833281249997
3 0.45359375 0.42125 0.45359375 0.3883333328125 0.43796875 0.3883333328125 0.43796875 0.42125 0.45359375 0.42125