1 0.7407291671875 0.9663888890625 0.7407291671875 0.7825925921875 0.6053645828125 0.7825925921875 0.6053645828125 0.9663888890625 0.7407291671875 0.9663888890625
1 0.7694791671875 0.9928703703125 0.7694791671875 0.9095370375 0.6895833328125 0.9095370375 0.6895833328125 0.9928703703125 0.7694791671875 0.9928703703125
1 0.6170833328125 0.841296296875 0.6170833328125 0.7200925921875 0.5499479171874999 0.7200925921875 0.5499479171874999 0.841296296875 0.6170833328125 0.841296296875
1 0.2518229171875 0.1829629625 0.2518229171875 0.1395370375 0.1866666671875 0.1395370375 0.1866666671875 0.1829629625 0.2518229171875 0.1829629625
1 0.1852083328125 0.1698148140625 0.1852083328125 0.13694444374999998 0.1059895828125 0.13694444374999998 0.1059895828125 0.1698148140625 0.1852083328125 0.1698148140625
1 0.1067708328125 0.1750925921875 0.1067708328125 0.1290740734375 0.0356770828125 0.1290740734375 0.0356770828125 0.1750925921875 0.1067708328125 0.1750925921875
1 0.13635416718749999 0.296203703125 0.13635416718749999 0.2725 0.0394270828125 0.2725 0.0394270828125 0.296203703125 0.13635416718749999 0.296203703125
1 0.11119791718750001 0.34879629687499997 0.11119791718750001 0.31194444374999997 0.0356770828125 0.31194444374999997 0.0356770828125 0.34879629687499997 0.11119791718750001 0.34879629687499997
1 0.1815104171875 0.34351851875 0.1815104171875 0.31194444374999997 0.11119791718750001 0.31194444374999997 0.11119791718750001 0.34351851875 0.1815104171875 0.34351851875
1 0.2606770828125 0.29351851875 0.2606770828125 0.26194444375 0.1822395828125 0.26194444375 0.1822395828125 0.29351851875 0.2606770828125 0.29351851875
1 0.2584895828125 0.33694444375 0.2584895828125 0.313240740625 0.1866666671875 0.313240740625 0.1866666671875 0.33694444375 0.2584895828125 0.33694444375
1 0.00015625 0.21981481406249997 0.00015625 0.2790740734375 0.0305208328125 0.2790740734375 0.0305208328125 0.21981481406249997 0.00015625 0.21981481406249997
1 0.49354166718750003 0.6393518515625 0.49354166718750003 0.59194444375 0.46692708281249995 0.59194444375 0.46692708281249995 0.6393518515625 0.49354166718750003 0.6393518515625
1 0.49000000000000005 0.5066666671875 0.49000000000000005 0.4750925921875 0.46067708281249997 0.4750925921875 0.46067708281249997 0.5066666671875 0.49000000000000005 0.5066666671875
2 0.55984375 0.7557407406250001 0.55984375 0.41601851874999995 0.4805208328125 0.41601851874999995 0.4805208328125 0.7557407406250001 0.55984375 0.7557407406250001
2 0.24906250000000002 0.625 0.24906250000000002 0.3083333328125 0.18125 0.3083333328125 0.18125 0.625 0.24906250000000002 0.625
4 0.2511979171875 0.8096296296875 0.2511979171875 0.4686111109375 0.003125 0.4686111109375 0.003125 0.8096296296875 0.2511979171875 0.8096296296875