1 1 0.4966666671875 0.791875 0.4966666671875 0.791875 0.6139583328125 1 0.6139583328125 1 0.4966666671875
1 1 0.6791666671875001 0.76640625 0.6791666671875001 0.76640625 0.79 1 0.79 1 0.6791666671875001
1 1 0.8395833328125001 0.7390625 0.8395833328125001 0.7390625 0.9464583328125 1 0.9464583328125 1 0.8395833328125001
1 0.8035937499999999 0.406875 0.8035937499999999 0.3260416671875 0.48687500000000006 0.3260416671875 0.48687500000000006 0.406875 0.8035937499999999 0.406875
1 1 0.0691666671875 0.7840625 0.0691666671875 0.7840625 0.1564583328125 1 0.1564583328125 1 0.0691666671875
1 0.77609375 0.164375 0.77609375 0.06 0.51125 0.06 0.51125 0.164375 0.77609375 0.164375
1 0.5142187500000001 0.0875 0.5142187500000001 0.0014583328125 0.32156250000000003 0.0014583328125 0.32156250000000003 0.0875 0.5142187500000001 0.0875
1 0.5092187499999999 0.21125 0.5092187499999999 0.11229166718750001 0.31765625000000003 0.11229166718750001 0.31765625000000003 0.21125 0.5092187499999999 0.21125
1 0.4878125 0.37687499999999996 0.4878125 0.3260416671875 0.30890625 0.3260416671875 0.30890625 0.37687499999999996 0.4878125 0.37687499999999996
1 0.2971875 0.54375 0.2971875 0.47854166718749996 0.17890625 0.47854166718749996 0.17890625 0.54375 0.2971875 0.54375
1 0.18578125 0.530625 0.18578125 0.49145833281250006 0.13296875 0.49145833281250006 0.13296875 0.530625 0.18578125 0.530625
1 0.18859375 0.6102083328125001 0.18859375 0.560625 0.13296875 0.560625 0.13296875 0.6102083328125001 0.18859375 0.6102083328125001
1 0.30296875 0.6858333328125 0.30296875 0.5997916671875 0.18078125 0.5997916671875 0.18078125 0.6858333328125 0.30296875 0.6858333328125
1 0.30015625 0.25166666718749997 0.30015625 0.16833333281250001 0.19546875 0.16833333281250001 0.19546875 0.25166666718749997 0.30015625 0.25166666718749997
1 0.30984375000000003 0.1579166671875 0.30984375000000003 0.0679166671875 0.20031249999999998 0.0679166671875 0.20031249999999998 0.1579166671875 0.30984375000000003 0.1579166671875
1 0.1925 0.22833333281249998 0.1925 0.16833333281250001 0.08984375 0.16833333281250001 0.08984375 0.22833333281249998 0.1925 0.22833333281249998
1 0.1975 0.2752083328125 0.1975 0.21916666718750002 0.12609375 0.21916666718750002 0.12609375 0.2752083328125 0.1975 0.2752083328125
1 0.1290625 0.2920833328125 0.1290625 0.2464583328125 0.08499999999999999 0.2464583328125 0.08499999999999999 0.2920833328125 0.1290625 0.2920833328125
1 0.08499999999999999 0.30895833281249996 0.08499999999999999 0.27125 0.04984375 0.27125 0.04984375 0.30895833281249996 0.08499999999999999 0.30895833281249996
1 0.13187500000000002 0.3872916671875 0.13187500000000002 0.3560416671875 0.08796875 0.3560416671875 0.08796875 0.3872916671875 0.13187500000000002 0.3872916671875
1 0.083125 0.4002083328125 0.083125 0.3689583328125 0.05078125 0.3689583328125 0.05078125 0.4002083328125 0.083125 0.4002083328125
1 0.0840625 0.45625 0.0840625 0.42770833281250004 0.0528125 0.42770833281250004 0.0528125 0.45625 0.0840625 0.45625
1 0.05765625 0.530625 0.05765625 0.5045833328125 0.03328125 0.5045833328125 0.03328125 0.530625 0.05765625 0.530625
1 0.08703125 0.5527083328125 0.08703125 0.5175 0.05671875 0.5175 0.05671875 0.5527083328125 0.08703125 0.5527083328125
1 0.09031249999999999 0.2554166671875 0.09031249999999999 0.21187499999999998 0.05437499999999999 0.21187499999999998 0.05437499999999999 0.2554166671875 0.09031249999999999 0.2554166671875
1 0.05328125 0.3183333328125 0.05328125 0.288125 0.031093749999999996 0.288125 0.031093749999999996 0.3183333328125 0.05328125 0.3183333328125
1 0.03046875 0.3247916671875 0.03046875 0.3 0.01609375 0.3 0.01609375 0.3247916671875 0.03046875 0.3247916671875
4 0.48265624999999995 0.8018750000000001 0.48265624999999995 0.3545833328125 0.2846875 0.3545833328125 0.2846875 0.8018750000000001 0.48265624999999995 0.8018750000000001
4 0.77890625 0.8879166671875 0.77890625 0.3775 0.4846875 0.3775 0.4846875 0.8879166671875 0.77890625 0.8879166671875
4 0.18078125 0.5891666671875 0.18078125 0.3725 0.07781249999999999 0.3725 0.07781249999999999 0.5891666671875 0.18078125 0.5891666671875