1 0.5131249999999999 0.6922916671875 0.5131249999999999 0.6022916671874999 0.16515625 0.6022916671874999 0.16515625 0.6922916671875 0.5131249999999999 0.6922916671875
1 0.72140625 0.2685416671875 0.72140625 0.104375 0.41937499999999994 0.104375 0.41937499999999994 0.2685416671875 0.72140625 0.2685416671875
1 0.81328125 0.319375 0.81328125 0.224375 0.73125 0.224375 0.73125 0.319375 0.81328125 0.319375
1 0.8592187499999999 0.3585416671875 0.8592187499999999 0.2816666671875 0.8084374999999999 0.2816666671875 0.8084374999999999 0.3585416671875 0.8592187499999999 0.3585416671875
1 0.8240624999999999 0.6570833328125001 0.8240624999999999 0.591875 0.5298437500000001 0.591875 0.5298437500000001 0.6570833328125001 0.8240624999999999 0.6570833328125001
1 0.8895312499999999 0.6479166671875001 0.8895312499999999 0.605 0.8221875000000001 0.605 0.8221875000000001 0.6479166671875001 0.8895312499999999 0.6479166671875001
1 0.90328125 0.12 0.90328125 0.0495833328125 0.8621874999999999 0.0495833328125 0.8621874999999999 0.12 0.90328125 0.12
1 0.9589062500000001 0.195625 0.9589062500000001 0.1135416671875 0.90625 0.1135416671875 0.90625 0.195625 0.9589062500000001 0.195625
1 0.89546875 0.378125 0.89546875 0.32083333281250004 0.8592187499999999 0.32083333281250004 0.8592187499999999 0.378125 0.89546875 0.378125
1 0.9393750000000001 0.40812499999999996 0.9393750000000001 0.3585416671875 0.899375 0.3585416671875 0.899375 0.40812499999999996 0.9393750000000001 0.40812499999999996
1 0.96 0.4225 0.96 0.3860416671875 0.9365625 0.3860416671875 0.9365625 0.4225 0.96 0.4225
1 0.9864062499999999 0.43937499999999996 0.9864062499999999 0.406875 0.96 0.406875 0.96 0.43937499999999996 0.9864062499999999 0.43937499999999996