1 0.775 0.009583332812500001 0.775 0.125 0.889375 0.125 0.889375 0.009583332812500001 0.775 0.009583332812500001
1 0.69609375 0.000625 0.69609375 0.0391666671875 0.7634375 0.0391666671875 0.7634375 0.000625 0.69609375 0.000625
1 0.8856249999999999 0.0108333328125 0.8856249999999999 0.0916666671875 0.960625 0.0916666671875 0.960625 0.0108333328125 0.8856249999999999 0.0108333328125
1 0.87984375 0.096875 0.87984375 0.1891666671875 0.9653124999999999 0.1891666671875 0.9653124999999999 0.096875 0.87984375 0.096875
1 0.9971875000000001 0.22625 0.9971875000000001 0.1364583328125 0.95859375 0.1364583328125 0.95859375 0.22625 0.9971875000000001 0.22625
3 0.999375 0.685625 0.999375 0.5447916671875 0.92734375 0.5447916671875 0.92734375 0.685625 0.999375 0.685625
3 0.8110937500000001 0.6816666671875 0.8110937500000001 0.5108333328125 0.62328125 0.5108333328125 0.62328125 0.6816666671875 0.8110937500000001 0.6816666671875
3 0.875 0.65125 0.875 0.5183333328125 0.806875 0.5183333328125 0.806875 0.65125 0.875 0.65125
3 0.9075 0.6341666671875 0.9075 0.55125 0.87109375 0.55125 0.87109375 0.6341666671875 0.9075 0.6341666671875
3 0.65390625 0.6316666671875 0.65390625 0.535625 0.525625 0.535625 0.525625 0.6316666671875 0.65390625 0.6316666671875
3 0.65890625 0.6777083328125 0.65890625 0.62625 0.530625 0.62625 0.530625 0.6777083328125 0.65890625 0.6777083328125
3 0.655 0.7197916671875 0.655 0.6697916671875 0.5315624999999999 0.6697916671875 0.5315624999999999 0.7197916671875 0.655 0.7197916671875
3 0.4734375 0.7424999999999999 0.4734375 0.6431250000000001 0.364375 0.6431250000000001 0.364375 0.7424999999999999 0.4734375 0.7424999999999999
3 0.29874999999999996 0.7829166671875 0.29874999999999996 0.6314583328125 0.1428125 0.6314583328125 0.1428125 0.7829166671875 0.29874999999999996 0.7829166671875
3 0.26421875 0.3802083328125 0.26421875 0.286875 0.1496875 0.286875 0.1496875 0.3802083328125 0.26421875 0.3802083328125
3 0.26421875 0.464375 0.26421875 0.3802083328125 0.14765625 0.3802083328125 0.14765625 0.464375 0.26421875 0.464375
3 0.1496875 0.38937499999999997 0.1496875 0.286875 0.047031250000000004 0.286875 0.047031250000000004 0.38937499999999997 0.1496875 0.38937499999999997
3 0.150625 0.464375 0.150625 0.38416666718750003 0.04609375 0.38416666718750003 0.04609375 0.464375 0.150625 0.464375
3 0.05 0.3920833328125 0.05 0.288125 0.0017187500000000002 0.288125 0.0017187500000000002 0.3920833328125 0.05 0.3920833328125
3 0.050937500000000004 0.47104166718749996 0.050937500000000004 0.38687499999999997 0.0017187500000000002 0.38687499999999997 0.0017187500000000002 0.47104166718749996 0.050937500000000004 0.47104166718749996
3 0.38453125 0.45520833281249995 0.38453125 0.29874999999999996 0.26421875 0.29874999999999996 0.26421875 0.45520833281249995 0.38453125 0.45520833281249995
3 0.48125 0.4591666671875 0.48125 0.3908333328125 0.35796875 0.3908333328125 0.35796875 0.4591666671875 0.48125 0.4591666671875
3 0.7378125 0.4527083328125 0.7378125 0.3845833328125 0.5276562499999999 0.3845833328125 0.5276562499999999 0.4527083328125 0.7378125 0.4527083328125
3 0.62046875 0.3670833328125 0.62046875 0.3079166671875 0.52078125 0.3079166671875 0.52078125 0.3670833328125 0.62046875 0.3670833328125
3 0.6993750000000001 0.3697916671875 0.6993750000000001 0.313125 0.61640625 0.313125 0.61640625 0.3697916671875 0.6993750000000001 0.3697916671875
3 0.87890625 0.4591666671875 0.87890625 0.3829166671875 0.73984375 0.3829166671875 0.73984375 0.4591666671875 0.87890625 0.4591666671875
3 0.9214062500000001 0.4579166671875 0.9214062500000001 0.4027083328125 0.868125 0.4027083328125 0.868125 0.4579166671875 0.9214062500000001 0.4579166671875
3 0.9589062500000001 0.40125 0.9589062500000001 0.361875 0.875 0.361875 0.875 0.40125 0.9589062500000001 0.40125
3 0.95390625 0.42895833281250006 0.95390625 0.4 0.9154687499999999 0.4 0.9154687499999999 0.42895833281250006 0.95390625 0.42895833281250006
3 0.9589062500000001 0.45520833281249995 0.9589062500000001 0.4302083328125 0.9253125000000001 0.4302083328125 0.9253125000000001 0.45520833281249995 0.9589062500000001 0.45520833281249995
3 0.999375 0.39875 0.999375 0.36583333281249997 0.9637499999999999 0.36583333281249997 0.9637499999999999 0.39875 0.999375 0.39875
3 0.99828125 0.4183333328125 0.99828125 0.40125 0.961875 0.40125 0.961875 0.4183333328125 0.99828125 0.4183333328125
3 0.99640625 0.44729166718749996 0.99640625 0.42104166718749997 0.96875 0.42104166718749997 0.96875 0.44729166718749996 0.99640625 0.44729166718749996