1 0.73671875 0.8724999999999999 0.73671875 0.7308333328125001 0.3721875 0.7308333328125001 0.3721875 0.8724999999999999 0.73671875 0.8724999999999999
3 0.5467187499999999 0.3745833328125 0.5467187499999999 0.2797916671875 0.403125 0.2797916671875 0.403125 0.3745833328125 0.5467187499999999 0.3745833328125
3 0.63625 0.3916666671875 0.63625 0.3025 0.5509375000000001 0.3025 0.5509375000000001 0.3916666671875 0.63625 0.3916666671875
3 0.6248437499999999 0.4635416671875 0.6248437499999999 0.3802083328125 0.40453124999999995 0.3802083328125 0.40453124999999995 0.4635416671875 0.6248437499999999 0.4635416671875
3 0.61921875 0.5677083328125 0.61921875 0.44458333281250006 0.40171875 0.44458333281250006 0.40171875 0.5677083328125 0.61921875 0.5677083328125
3 0.62203125 0.6587500000000001 0.62203125 0.5527083328125 0.40031249999999996 0.5527083328125 0.40031249999999996 0.6587500000000001 0.62203125 0.6587500000000001
3 0.61921875 0.7933333328125001 0.61921875 0.660625 0.39328124999999997 0.660625 0.39328124999999997 0.7933333328125001 0.61921875 0.7933333328125001
3 0.29281250000000003 0.6758333328125 0.29281250000000003 0.5431250000000001 0.00953125 0.5431250000000001 0.00953125 0.6758333328125 0.29281250000000003 0.6758333328125
3 0.11187499999999999 0.1964583328125 0.11187499999999999 0.058125 0.0053124999999999995 0.058125 0.0053124999999999995 0.1964583328125 0.11187499999999999 0.1964583328125
3 0.10609375000000001 0.0027083328125 0.10609375000000001 0.25375000000000003 0.35375 0.25375000000000003 0.35375 0.0027083328125 0.10609375000000001 0.0027083328125
3 0.40875000000000006 0.6483333328125 0.40875000000000006 0.371875 0.34203125 0.371875 0.34203125 0.6483333328125 0.40875000000000006 0.6483333328125