1 0.75078125 0.05625 0.75078125 0.00020833281250000002 0.68421875 0.00020833281250000002 0.68421875 0.05625 0.75078125 0.05625
1 0.688125 0.09 0.688125 0.021041667187499998 0.64328125 0.021041667187499998 0.64328125 0.09 0.688125 0.09
1 0.64328125 0.12125 0.64328125 0.0627083328125 0.61390625 0.0627083328125 0.61390625 0.12125 0.64328125 0.12125
1 0.6129687500000001 0.1408333328125 0.6129687500000001 0.104375 0.59046875 0.104375 0.59046875 0.1408333328125 0.6129687500000001 0.1408333328125
1 0.1134375 0.05625 0.1134375 0.00020833281250000002 0.07234375 0.00020833281250000002 0.07234375 0.05625 0.1134375 0.05625
1 0.14656249999999998 0.08875 0.14656249999999998 0.0314583328125 0.114375 0.0314583328125 0.114375 0.08875 0.14656249999999998 0.08875
1 0.16421875 0.1108333328125 0.16421875 0.0679166671875 0.14078125 0.0679166671875 0.14078125 0.1108333328125 0.16421875 0.1108333328125
1 0.5896874999999999 0.1654166671875 0.5896874999999999 0.130625 0.57265625 0.130625 0.57265625 0.1654166671875 0.5896874999999999 0.1654166671875
1 0.5704687500000001 0.1766666671875 0.5704687500000001 0.1533333328125 0.55625 0.1533333328125 0.55625 0.1766666671875 0.5704687500000001 0.1766666671875
1 0.55578125 0 0.55578125 0.026458332812500002 0.5721875 0.026458332812500002 0.5721875 0 0.55578125 0
1 0.5528125 0.1954166671875 0.5528125 0.1720833328125 0.5393749999999999 0.1720833328125 0.5393749999999999 0.1954166671875 0.5528125 0.1954166671875
1 0.5393749999999999 0.20458333281250002 0.5393749999999999 0.185 0.52734375 0.185 0.52734375 0.20458333281250002 0.5393749999999999 0.20458333281250002
3 0.99734375 0.1710416671875 0.99734375 0.08937500000000001 0.90953125 0.08937500000000001 0.90953125 0.1710416671875 0.99734375 0.1710416671875
3 0.99546875 0.24479166718749998 0.99546875 0.1670833328125 0.91640625 0.1670833328125 0.91640625 0.24479166718749998 0.99546875 0.24479166718749998
3 0.9223437499999999 0.263125 0.9223437499999999 0.0920833328125 0.8612500000000001 0.0920833328125 0.8612500000000001 0.263125 0.9223437499999999 0.263125
3 0.8699999999999999 0.2158333328125 0.8699999999999999 0.1539583328125 0.80796875 0.1539583328125 0.80796875 0.2158333328125 0.8699999999999999 0.2158333328125
3 0.8699999999999999 0.2710416671875 0.8699999999999999 0.213125 0.8059375 0.213125 0.8059375 0.2710416671875 0.8699999999999999 0.2710416671875
3 0.80890625 0.2816666671875 0.80890625 0.2222916671875 0.7378125 0.2222916671875 0.7378125 0.2816666671875 0.80890625 0.2816666671875
3 0.73875 0.29874999999999996 0.73875 0.2552083328125 0.69046875 0.2552083328125 0.69046875 0.29874999999999996 0.73875 0.29874999999999996
3 0.9134375 0.38416666718750003 0.9134375 0.31979166718749996 0.8276562500000001 0.31979166718749996 0.8276562500000001 0.38416666718750003 0.9134375 0.38416666718750003
3 0.999375 0.46187500000000004 0.999375 0.37625000000000003 0.93125 0.37625000000000003 0.93125 0.46187500000000004 0.999375 0.46187500000000004
3 0.9109375 0.445 0.9109375 0.3902083328125 0.86359375 0.3902083328125 0.86359375 0.445 0.9109375 0.445
3 0.8724999999999999 0.43958333281249995 0.8724999999999999 0.3866666671875 0.8328125 0.3866666671875 0.8328125 0.43958333281249995 0.8724999999999999 0.43958333281249995
3 0.82875 0.4314583328125 0.82875 0.3829166671875 0.7903125 0.3829166671875 0.7903125 0.4314583328125 0.82875 0.4314583328125
3 0.79234375 0.4258333328125 0.79234375 0.3866666671875 0.750625 0.3866666671875 0.750625 0.4258333328125 0.79234375 0.4258333328125
3 0.7359375 0.4314583328125 0.7359375 0.3897916671875 0.69484375 0.3897916671875 0.69484375 0.4314583328125 0.7359375 0.4314583328125
3 0.21859375 0.4735416671875 0.21859375 0.3845833328125 0.15031250000000002 0.3845833328125 0.15031250000000002 0.4735416671875 0.21859375 0.4735416671875
3 0.05234375 0.3897916671875 0.05234375 0.355 0.0228125 0.355 0.0228125 0.3897916671875 0.05234375 0.3897916671875
3 0.05703125 0.41500000000000004 0.05703125 0.388125 0.027500000000000004 0.388125 0.027500000000000004 0.41500000000000004 0.05703125 0.41500000000000004
3 0.06296874999999999 0.45125000000000004 0.06296874999999999 0.418125 0.02390625 0.418125 0.02390625 0.45125000000000004 0.06296874999999999 0.45125000000000004
3 0.10703125 0.44125 0.10703125 0.33479166718750003 0.03796875 0.33479166718750003 0.03796875 0.44125 0.10703125 0.44125
3 0.02390625 0.2360416671875 0.02390625 0.2964583328125 0.0740625 0.2964583328125 0.0740625 0.2360416671875 0.02390625 0.2360416671875
3 0.10453125 0.3095833328125 0.10453125 0.25916666718750003 0.07734375 0.25916666718750003 0.07734375 0.3095833328125 0.10453125 0.3095833328125
3 0.12765625 0.3129166671875 0.12765625 0.26687500000000003 0.09640625 0.26687500000000003 0.09640625 0.3129166671875 0.12765625 0.3129166671875
3 0.14234375 0.2625 0.14234375 0.2360416671875 0.11765624999999999 0.2360416671875 0.11765624999999999 0.2625 0.14234375 0.2625
3 0.148125 0.284375 0.148125 0.26125 0.11687499999999999 0.26125 0.11687499999999999 0.284375 0.148125 0.284375
3 0.14656249999999998 0.3116666671875 0.14656249999999998 0.284375 0.11359375000000001 0.284375 0.11359375000000001 0.3116666671875 0.14656249999999998 0.3116666671875
3 0.114375 0.4422916671875 0.114375 0.3720833328125 0.090625 0.3720833328125 0.090625 0.4422916671875 0.114375 0.4422916671875
3 0.1325 0.4389583328125 0.1325 0.3983333328125 0.10859375 0.3983333328125 0.10859375 0.4389583328125 0.1325 0.4389583328125