1 0.7295833328125 0.9902777781250001 0.7295833328125 0.7471296296875 0.53421875 0.7471296296875 0.53421875 0.9902777781250001 0.7295833328125 0.9902777781250001
1 0.5253125 0.7091666671875 0.5253125 0.579722221875 0.4302604171875 0.579722221875 0.4302604171875 0.7091666671875 0.5253125 0.7091666671875
1 0.44447916718749997 0.6397222218749999 0.44447916718749997 0.5181481484375 0.3752083328125 0.5181481484375 0.3752083328125 0.6397222218749999 0.44447916718749997 0.6397222218749999
1 0.3858854171875 0.581296296875 0.3858854171875 0.489722221875 0.3228125 0.489722221875 0.3228125 0.581296296875 0.3858854171875 0.581296296875
1 0.5270833328125 0.21972222187499998 0.5270833328125 0.0808333328125 0.4231770828125 0.0808333328125 0.4231770828125 0.21972222187499998 0.5270833328125 0.21972222187499998
1 0.4222916671875 0.23555555625000002 0.4222916671875 0.1265740734375 0.3609895828125 0.1265740734375 0.3609895828125 0.23555555625000002 0.4222916671875 0.23555555625000002
1 0.3565625 0.24500000000000002 0.3565625 0.16444444375 0.32458333281249996 0.16444444375 0.32458333281249996 0.24500000000000002 0.3565625 0.24500000000000002
1 0.91328125 0.2475 0.91328125 0.20203703750000002 0.8376041671875001 0.20203703750000002 0.8376041671875001 0.2475 0.91328125 0.2475
1 0.9985416671875 0.33851851875 0.9985416671875 0.30055555625 0.9388541671875 0.30055555625 0.9388541671875 0.33851851875 0.9985416671875 0.33851851875
1 0.9985416671875 0.25509259218749997 0.9985416671875 0.2058333328125 0.9398958328125 0.2058333328125 0.9398958328125 0.25509259218749997 0.9985416671875 0.25509259218749997
2 0.0636979171875 0.4583333328125 0.0636979171875 0.28398148125 0.0204166671875 0.28398148125 0.0204166671875 0.4583333328125 0.0636979171875 0.4583333328125
4 0.1105729171875 0.45064814843749995 0.1105729171875 0.3070370375 0.0521875 0.3070370375 0.0521875 0.45064814843749995 0.1105729171875 0.45064814843749995
1 0.2765104171875 0.1241666671875 0.2765104171875 0.0883333328125 0.1446875 0.0883333328125 0.1446875 0.1241666671875 0.2765104171875 0.1241666671875
1 0.2875 0.173796296875 0.2875 0.128240740625 0.1428645828125 0.128240740625 0.1428645828125 0.173796296875 0.2875 0.173796296875
1 0.28291666718749997 0.2234259265625 0.28291666718749997 0.171296296875 0.145625 0.171296296875 0.145625 0.2234259265625 0.28291666718749997 0.2234259265625
1 0.2833854171875 0.272222221875 0.2833854171875 0.21768518593750003 0.1378125 0.21768518593750003 0.1378125 0.272222221875 0.2833854171875 0.272222221875
1 0.2875 0.307222221875 0.2875 0.2649074078125 0.13828125 0.2649074078125 0.13828125 0.307222221875 0.2875 0.307222221875
1 0.28567708281250004 0.35435185156250004 0.28567708281250004 0.3079629625 0.1359895828125 0.3079629625 0.1359895828125 0.35435185156250004 0.28567708281250004 0.35435185156250004
1 0.2893229171875 0.3975 0.2893229171875 0.35111111093749997 0.14010416718750002 0.35111111093749997 0.14010416718750002 0.3975 0.2893229171875 0.3975
1 0.14239583281249998 0.400740740625 0.14239583281249998 0.4406481484375 0.2875 0.4406481484375 0.2875 0.400740740625 0.14239583281249998 0.400740740625
1 0.28625 0.48509259218749995 0.28625 0.4343518515625 0.1434375 0.4343518515625 0.1434375 0.48509259218749995 0.28625 0.48509259218749995
1 0.1500520828125 0.481203703125 0.1500520828125 0.5241666671874999 0.2884375 0.5241666671874999 0.2884375 0.481203703125 0.1500520828125 0.481203703125
1 0.1533333328125 0.516296296875 0.1533333328125 0.5759259265625001 0.2840625 0.5759259265625001 0.2840625 0.516296296875 0.1533333328125 0.516296296875
1 0.1681770828125 0.5534259265625 0.1681770828125 0.6178703703124999 0.2922916671875 0.6178703703124999 0.2922916671875 0.5534259265625 0.1681770828125 0.5534259265625