1 0.47406249999999994 0.005740740625 0.47406249999999994 0.046759259375 0.5180208328125 0.046759259375 0.5180208328125 0.005740740625 0.47406249999999994 0.005740740625
1 0.48484375 0.0916666671875 0.48484375 0.004444443750000001 0.4329166671875 0.004444443750000001 0.4329166671875 0.0916666671875 0.48484375 0.0916666671875
1 0.43869791718749995 0.155740740625 0.43869791718749995 0.0711111109375 0.4047916671875 0.0711111109375 0.4047916671875 0.155740740625 0.43869791718749995 0.155740740625
1 0.2209375 0.41472222187499996 0.2209375 0.38527777812499997 0.1422916671875 0.38527777812499997 0.1422916671875 0.41472222187499996 0.2209375 0.41472222187499996
1 0.22161458281250002 0.45574074062500003 0.22161458281250002 0.41472222187499996 0.1538541671875 0.41472222187499996 0.1538541671875 0.45574074062500003 0.22161458281250002 0.45574074062500003
2 0.2858333328125 0.37759259218749996 0.2858333328125 0.2570370375 0.2511979171875 0.2570370375 0.2511979171875 0.37759259218749996 0.2858333328125 0.37759259218749996
2 0.2266666671875 0.3583333328125 0.2266666671875 0.2609259265625 0.19421875 0.2609259265625 0.19421875 0.3583333328125 0.2266666671875 0.3583333328125
3 0.6391666671875 0.8921296296874999 0.6391666671875 0.5868518515625001 0.4674479171875 0.5868518515625001 0.4674479171875 0.8921296296874999 0.6391666671875 0.8921296296874999
3 0.87375 0.7275925921875 0.87375 0.555277778125 0.63171875 0.555277778125 0.63171875 0.7275925921875 0.87375 0.7275925921875
3 0.7597916671875 0.8447222218749999 0.7597916671875 0.6934259265625 0.6487499999999999 0.6934259265625 0.6487499999999999 0.8447222218749999 0.7597916671875 0.8447222218749999
3 0.9963541671874999 0.99055555625 0.9963541671874999 0.7336111109375001 0.743125 0.7336111109375001 0.743125 0.99055555625 0.9963541671874999 0.99055555625
3 0.9963541671874999 0.4493518515625 0.9963541671874999 0.3243518515625 0.8710416671875001 0.3243518515625 0.8710416671875001 0.4493518515625 0.9963541671874999 0.4493518515625
3 0.9951041671875 0.556296296875 0.9951041671875 0.410740740625 0.8697395828125 0.410740740625 0.8697395828125 0.556296296875 0.9951041671875 0.556296296875
3 0.9874479171875 0.3675 0.9874479171875 0.15611111093750002 0.8365104171875 0.15611111093750002 0.8365104171875 0.3675 0.9874479171875 0.3675
3 0.8953645828125 0.5039814812500001 0.8953645828125 0.34027777812500004 0.7278125 0.34027777812500004 0.7278125 0.5039814812500001 0.8953645828125 0.5039814812500001
3 0.7994270828125 0.331203703125 0.7994270828125 0.2425 0.631875 0.2425 0.631875 0.331203703125 0.7994270828125 0.331203703125
3 0.7943229171875 0.3925925921875 0.7943229171875 0.3379629625 0.6408333328125 0.3379629625 0.6408333328125 0.3925925921875 0.7943229171875 0.3925925921875
3 0.743125 0.4675925921875 0.743125 0.3925925921875 0.63953125 0.3925925921875 0.63953125 0.4675925921875 0.743125 0.4675925921875
3 0.6229166671875 0.3584259265625 0.6229166671875 0.2948148140625 0.5589583328125001 0.2948148140625 0.5589583328125001 0.3584259265625 0.6229166671875 0.3584259265625
3 0.62421875 0.39935185156249997 0.62421875 0.3493518515625 0.5653645828125 0.3493518515625 0.5653645828125 0.39935185156249997 0.62421875 0.39935185156249997
3 0.6127083328125 0.45398148125000004 0.6127083328125 0.39481481406249996 0.5653645828125 0.39481481406249996 0.5653645828125 0.45398148125000004 0.6127083328125 0.45398148125000004
3 0.5807291671875 0.43351851874999997 0.5807291671875 0.3470370375 0.5474479171875 0.3470370375 0.5474479171875 0.43351851874999997 0.5807291671875 0.43351851874999997
3 0.5538541671874999 0.410740740625 0.5538541671874999 0.3493518515625 0.5065625 0.3493518515625 0.5065625 0.410740740625 0.5538541671874999 0.410740740625
3 0.5065625 0.4038888890625 0.5065625 0.33574074062500003 0.4541145828125 0.33574074062500003 0.4541145828125 0.4038888890625 0.5065625 0.4038888890625
3 0.5385416671875001 0.5903703703125001 0.5385416671875001 0.43351851874999997 0.46687500000000004 0.43351851874999997 0.46687500000000004 0.5903703703125001 0.5385416671875001 0.5903703703125001
3 0.62546875 0.6039814812500001 0.62546875 0.4766666671875 0.5052604171875 0.4766666671875 0.5052604171875 0.6039814812500001 0.62546875 0.6039814812500001
3 0.47671875 0.48388888906250005 0.47671875 0.43648148124999997 0.45218749999999996 0.43648148124999997 0.45218749999999996 0.48388888906250005 0.47671875 0.48388888906250005
3 0.47671875 0.5123148140625 0.47671875 0.48194444374999995 0.4479166671875 0.48194444374999995 0.4479166671875 0.5123148140625 0.47671875 0.5123148140625
3 0.47562499999999996 0.540740740625 0.47562499999999996 0.5123148140625 0.4490104171875 0.5123148140625 0.4490104171875 0.540740740625 0.47562499999999996 0.540740740625
3 0.45536458281250003 0.5103703703125 0.45536458281250003 0.45351851875 0.41489583281250003 0.45351851875 0.41489583281250003 0.5103703703125 0.45536458281250003 0.5103703703125
3 0.4498958328125 0.3450925921875 0.4498958328125 0.30962962968749996 0.4261979171875 0.30962962968749996 0.4261979171875 0.3450925921875 0.4498958328125 0.3450925921875
3 0.44692708281250004 0.3700925921875 0.44692708281250004 0.34249999999999997 0.4291666671875 0.34249999999999997 0.4291666671875 0.3700925921875 0.44692708281250004 0.3700925921875
3 0.4588020828125 0.37805555625 0.4588020828125 0.35037037031249996 0.43510416718749995 0.35037037031249996 0.43510416718749995 0.37805555625 0.4588020828125 0.37805555625
3 0.5594270828125001 0.34249999999999997 0.5594270828125001 0.291203703125 0.5046875 0.291203703125 0.5046875 0.34249999999999997 0.5594270828125001 0.34249999999999997
3 0.4225 0.3359259265625 0.4225 0.30694444375 0.40843749999999995 0.30694444375 0.40843749999999995 0.3359259265625 0.4225 0.3359259265625
3 0.4180729171875 0.3740740734375 0.4180729171875 0.337222221875 0.41140625000000003 0.337222221875 0.41140625000000003 0.3740740734375 0.4180729171875 0.3740740734375
3 0.40843749999999995 0.3649074078125 0.40843749999999995 0.343796296875 0.3966145828125 0.343796296875 0.3966145828125 0.3649074078125 0.40843749999999995 0.3649074078125
3 0.43046875 0.060185185937499996 0.43046875 0.0203703703125 0.3793229171875 0.0203703703125 0.3793229171875 0.060185185937499996 0.43046875 0.060185185937499996
3 0.024375 0.3538888890625 0.024375 0.3046296296875 0.00625 0.3046296296875 0.00625 0.3538888890625 0.024375 0.3538888890625
3 0.018020832812500002 0.3803703703125 0.018020832812500002 0.34444444375 0.0030729171875 0.34444444375 0.0030729171875 0.3803703703125 0.018020832812500002 0.3803703703125
3 0.0350520828125 0.44101851875 0.0350520828125 0.391759259375 0.0030729171875 0.391759259375 0.0030729171875 0.44101851875 0.0350520828125 0.44101851875
3 0.0339583328125 0.456203703125 0.0339583328125 0.4258333328125 0.00625 0.4258333328125 0.00625 0.456203703125 0.0339583328125 0.456203703125
3 0.0329166671875 0.4940740734375 0.0329166671875 0.456203703125 0.0201041671875 0.456203703125 0.0201041671875 0.4940740734375 0.0329166671875 0.4940740734375
3 0.018020832812500002 0.49972222187500004 0.018020832812500002 0.4618518515625 0.0009375 0.4618518515625 0.0009375 0.49972222187500004 0.018020832812500002 0.49972222187500004
3 0.0551041671875 0.47574074062499994 0.0551041671875 0.3968518515625 0.03203125 0.3968518515625 0.03203125 0.47574074062499994 0.0551041671875 0.47574074062499994
3 0.0364583328125 0.38416666718750003 0.0364583328125 0.33685185156249997 0.017812500000000002 0.33685185156249997 0.017812500000000002 0.38416666718750003 0.0364583328125 0.38416666718750003
3 0.07109375 0.37787037031250004 0.07109375 0.333703703125 0.0497916671875 0.333703703125 0.0497916671875 0.37787037031250004 0.07109375 0.37787037031250004
3 0.1368229171875 0.335277778125 0.1368229171875 0.314722221875 0.11729166718749999 0.314722221875 0.11729166718749999 0.335277778125 0.1368229171875 0.335277778125
3 0.14395833281249998 0.3621296296875 0.14395833281249998 0.335277778125 0.11729166718749999 0.335277778125 0.11729166718749999 0.3621296296875 0.14395833281249998 0.3621296296875