1 0.62234375 0.00020833281250000002 0.62234375 0.1404166671875 0.7657812500000001 0.1404166671875 0.7657812500000001 0.00020833281250000002 0.62234375 0.00020833281250000002
1 0.82125 0.2295833328125 0.82125 0.095 0.7515625 0.095 0.7515625 0.2295833328125 0.82125 0.2295833328125
1 0.8709374999999999 0.27875 0.8709374999999999 0.1745833328125 0.8198437500000001 0.1745833328125 0.8198437500000001 0.27875 0.8709374999999999 0.27875
1 0.84546875 0.7316666671875 0.84546875 0.6672916671875 0.78578125 0.6672916671875 0.78578125 0.7316666671875 0.84546875 0.7316666671875
1 0.8881249999999999 0.7127083328125 0.8881249999999999 0.6558333328125 0.82546875 0.6558333328125 0.82546875 0.7127083328125 0.8881249999999999 0.7127083328125
1 0.915 0.70125 0.915 0.6577083328125 0.87953125 0.6577083328125 0.87953125 0.70125 0.915 0.70125
1 0.8739062499999999 0.2427083328125 0.8739062499999999 0.32999999999999996 0.9221875 0.32999999999999996 0.9221875 0.2427083328125 0.8739062499999999 0.2427083328125
1 0.91078125 0.2958333328125 0.91078125 0.3620833328125 0.94625 0.3620833328125 0.94625 0.2958333328125 0.91078125 0.2958333328125
4 0.0615625 0.9647916671875001 0.0615625 0.0379166671875 0.00484375 0.0379166671875 0.00484375 0.9647916671875001 0.0615625 0.9647916671875001
4 0.015312500000000001 0.0685416671875 0.015312500000000001 0.9737500000000001 0.46734375000000006 0.9737500000000001 0.46734375000000006 0.0685416671875 0.015312500000000001 0.0685416671875
4 0.660625 0.8237500000000001 0.660625 0.20458333281250002 0.43843750000000004 0.20458333281250002 0.43843750000000004 0.8237500000000001 0.660625 0.8237500000000001
4 0.75390625 0.7787499999999999 0.75390625 0.33645833281250004 0.6384375 0.33645833281250004 0.6384375 0.7787499999999999 0.75390625 0.7787499999999999
4 0.9653124999999999 0.6802083328124999 0.9653124999999999 0.4839583328125 0.8731249999999999 0.4839583328125 0.8731249999999999 0.6802083328124999 0.9653124999999999 0.6802083328124999
3 0.8237500000000001 0.37625000000000003 0.8237500000000001 0.2539583328125 0.78625 0.2539583328125 0.78625 0.37625000000000003 0.8237500000000001 0.37625000000000003
3 0.844375 0.38416666718750003 0.844375 0.288125 0.81875 0.288125 0.81875 0.38416666718750003 0.844375 0.38416666718750003
3 0.91046875 0.42895833281250006 0.91046875 0.339375 0.8729687500000001 0.339375 0.8729687500000001 0.42895833281250006 0.91046875 0.42895833281250006
3 0.9746874999999999 0.47625 0.9746874999999999 0.41312499999999996 0.9598437499999999 0.41312499999999996 0.9598437499999999 0.47625 0.9746874999999999 0.47625