1 0.62265625 0 0.62265625 0.0314583328125 0.6598437500000001 0.0314583328125 0.6598437500000001 0 0.62265625 0
1 0.6178125 0.0758333328125 0.6178125 0.0158333328125 0.5796875 0.0158333328125 0.5796875 0.0758333328125 0.6178125 0.0758333328125
1 0.0390625 0.06 0.0390625 0.00020833281250000002 0.00390625 0.00020833281250000002 0.00390625 0.06 0.0390625 0.06
1 0.54453125 0.1266666671875 0.54453125 0.09 0.48484375 0.09 0.48484375 0.1266666671875 0.54453125 0.1266666671875
1 0.2834375 0.3845833328125 0.2834375 0.3664583328125 0.17109375 0.3664583328125 0.17109375 0.3845833328125 0.2834375 0.3845833328125
1 0.28640625000000003 0.425 0.28640625000000003 0.409375 0.20140625 0.409375 0.20140625 0.425 0.28640625000000003 0.425
3 0.9707812499999999 0.37625000000000003 0.9707812499999999 0.313125 0.85625 0.313125 0.85625 0.37625000000000003 0.9707812499999999 0.37625000000000003
3 0.9696875 0.41312499999999996 0.9696875 0.375 0.8582812499999999 0.375 0.8582812499999999 0.41312499999999996 0.9696875 0.41312499999999996
3 0.9667187500000001 0.46708333281250003 0.9667187500000001 0.41312499999999996 0.8582812499999999 0.41312499999999996 0.8582812499999999 0.46708333281250003 0.9667187500000001 0.46708333281250003
3 0.99828125 0.47104166718749996 0.99828125 0.27625 0.9667187500000001 0.27625 0.9667187500000001 0.47104166718749996 0.99828125 0.47104166718749996
3 0.844375 0.44729166718749996 0.844375 0.3920833328125 0.7970312500000001 0.3920833328125 0.7970312500000001 0.44729166718749996 0.844375 0.44729166718749996
3 0.81671875 0.43937499999999996 0.81671875 0.3722916671875 0.71421875 0.3722916671875 0.71421875 0.43937499999999996 0.81671875 0.43937499999999996
3 0.7229687499999999 0.425 0.7229687499999999 0.3722916671875 0.64796875 0.3722916671875 0.64796875 0.425 0.7229687499999999 0.425
3 0.6637500000000001 0.364375 0.6637500000000001 0.3329166671875 0.58984375 0.3329166671875 0.58984375 0.364375 0.6637500000000001 0.364375
3 0.6303124999999999 0.4158333328125 0.6303124999999999 0.37625000000000003 0.57109375 0.37625000000000003 0.57109375 0.4158333328125 0.6303124999999999 0.4158333328125
3 0.5878125 0.3920833328125 0.5878125 0.34729166718750004 0.56015625 0.34729166718750004 0.56015625 0.3920833328125 0.5878125 0.3920833328125
3 0.58484375 0.275 0.58484375 0.23020833281250003 0.55125 0.23020833281250003 0.55125 0.275 0.58484375 0.275
3 0.5740624999999999 0.3039583328125 0.5740624999999999 0.275 0.55234375 0.275 0.55234375 0.3039583328125 0.5740624999999999 0.3039583328125
3 0.60453125 0.3079166671875 0.60453125 0.2658333328125 0.57296875 0.2658333328125 0.57296875 0.3079166671875 0.60453125 0.3079166671875
3 0.64015625 0.2920833328125 0.64015625 0.2460416671875 0.62328125 0.2460416671875 0.62328125 0.2920833328125 0.64015625 0.2920833328125
3 0.67078125 0.2816666671875 0.67078125 0.24333333281249997 0.63515625 0.24333333281249997 0.63515625 0.2816666671875 0.67078125 0.2816666671875
3 0.7003125 0.2341666671875 0.7003125 0.18687499999999999 0.6717187499999999 0.18687499999999999 0.6717187499999999 0.2341666671875 0.7003125 0.2341666671875
3 0.7003125 0.275 0.7003125 0.2341666671875 0.66578125 0.2341666671875 0.66578125 0.275 0.7003125 0.275
3 0.7240624999999999 0.22625 0.7240624999999999 0.1816666671875 0.694375 0.1816666671875 0.694375 0.22625 0.7240624999999999 0.22625
3 0.7535937500000001 0.225 0.7535937500000001 0.164375 0.72203125 0.164375 0.72203125 0.225 0.7535937500000001 0.225
3 0.7753125 0.213125 0.7753125 0.15270833281250001 0.7457812500000001 0.15270833281250001 0.7457812500000001 0.213125 0.7753125 0.213125
3 0.86015625 0.24479166718749998 0.86015625 0.15270833281250001 0.7732812499999999 0.15270833281250001 0.7732812499999999 0.24479166718749998 0.86015625 0.24479166718749998
3 0.85234375 0.260625 0.85234375 0.2079166671875 0.8 0.2079166671875 0.8 0.260625 0.85234375 0.260625
3 0.78328125 0.2552083328125 0.78328125 0.2170833328125 0.75265625 0.2170833328125 0.75265625 0.2552083328125 0.78328125 0.2552083328125
3 0.75171875 0.2710416671875 0.75171875 0.22374999999999998 0.7240624999999999 0.22374999999999998 0.7240624999999999 0.2710416671875 0.75171875 0.2710416671875
3 0.7259375 0.27375 0.7259375 0.2341666671875 0.69734375 0.2341666671875 0.69734375 0.27375 0.7259375 0.27375
3 0.99828125 0.2158333328125 0.99828125 0.12104166718750001 0.8770312499999999 0.12104166718750001 0.8770312499999999 0.2158333328125 0.99828125 0.2158333328125
3 0.0196875 0.361875 0.0196875 0.32375 0.0009375 0.32375 0.0009375 0.361875 0.0196875 0.361875
3 0.02765625 0.3960416671875 0.02765625 0.36062500000000003 0.001875 0.36062500000000003 0.001875 0.3960416671875 0.02765625 0.3960416671875
3 0.025625 0.425 0.025625 0.3960416671875 0.01578125 0.3960416671875 0.01578125 0.425 0.025625 0.425
3 0.0128125 0.434375 0.0128125 0.3975 0.001875 0.3975 0.001875 0.434375 0.0128125 0.434375
3 0.03453125 0.36062500000000003 0.03453125 0.32375 0.014687500000000001 0.32375 0.014687500000000001 0.36062500000000003 0.03453125 0.36062500000000003
3 0.043437500000000004 0.39229166718749997 0.043437500000000004 0.3554166671875 0.0196875 0.3554166671875 0.0196875 0.39229166718749997 0.043437500000000004 0.39229166718749997
3 0.046406249999999996 0.42770833281250004 0.046406249999999996 0.3960416671875 0.020624999999999998 0.3960416671875 0.020624999999999998 0.42770833281250004 0.046406249999999996 0.42770833281250004
3 0.00296875 0.2554166671875 0.00296875 0.3054166671875 0.02765625 0.3054166671875 0.02765625 0.2554166671875 0.00296875 0.2554166671875
3 0.001875 0.210625 0.001875 0.2579166671875 0.020624999999999998 0.2579166671875 0.020624999999999998 0.210625 0.001875 0.210625
3 0.05328125 0.3133333328125 0.05328125 0.2764583328125 0.03453125 0.2764583328125 0.03453125 0.3133333328125 0.05328125 0.3133333328125
3 0.0896875 0.3 0.0896875 0.2579166671875 0.05921875 0.2579166671875 0.05921875 0.3 0.0896875 0.3
3 0.05421875 0.42895833281250006 0.05421875 0.336875 0.03546875 0.336875 0.03546875 0.42895833281250006 0.05421875 0.42895833281250006
3 0.07984375 0.4225 0.07984375 0.38687499999999997 0.0571875 0.38687499999999997 0.0571875 0.4225 0.07984375 0.4225
3 0.55953125 0.40395833281250004 0.55953125 0.3764583328125 0.5387500000000001 0.3764583328125 0.5387500000000001 0.40395833281250004 0.55953125 0.40395833281250004
3 0.5446875 0.4027083328125 0.5446875 0.3764583328125 0.525 0.3764583328125 0.525 0.4027083328125 0.5446875 0.4027083328125
3 0.5298437500000001 0.40395833281250004 0.5298437500000001 0.3829166671875 0.50515625 0.3829166671875 0.50515625 0.40395833281250004 0.5298437500000001 0.40395833281250004
3 0.536875 0.3829166671875 0.536875 0.3554166671875 0.50625 0.3554166671875 0.50625 0.3829166671875 0.536875 0.3829166671875
3 0.5625 0.32375 0.5625 0.27770833281249996 0.53390625 0.27770833281249996 0.53390625 0.32375 0.5625 0.32375
3 0.5328125 0.311875 0.5328125 0.285625 0.5190625 0.285625 0.5190625 0.311875 0.5328125 0.311875
3 0.52890625 0.32645833281250003 0.52890625 0.260625 0.49140625 0.260625 0.49140625 0.32645833281250003 0.52890625 0.32645833281250003