1 0.87953125 0.8489814812500001 0.87953125 0.714722221875 0.66640625 0.714722221875 0.66640625 0.8489814812500001 0.87953125 0.8489814812500001
1 0.6610416671875 0.7384259265625001 0.6610416671875 0.66898148125 0.6113020828125 0.66898148125 0.6113020828125 0.7384259265625001 0.6610416671875 0.7384259265625001
1 0.6130729171875 0.6831481484374999 0.6130729171875 0.6341666671875 0.5660416671874999 0.6341666671875 0.5660416671874999 0.6831481484374999 0.6130729171875 0.6831481484374999
1 0.5702083328125 0.6475 0.5702083328125 0.6073148140625 0.5444791671875 0.6073148140625 0.5444791671875 0.6475 0.5702083328125 0.6475
1 0.5491145828125 0.61555555625 0.5491145828125 0.5808333328125 0.5259895828125 0.5808333328125 0.5259895828125 0.61555555625 0.5491145828125 0.61555555625
1 0.6591145828125 0.4373148140625 0.6591145828125 0.407222221875 0.6041145828125 0.407222221875 0.6041145828125 0.4373148140625 0.6591145828125 0.4373148140625
1 0.6077083328125 0.4483333328125 0.6077083328125 0.4145370375 0.5604166671875 0.4145370375 0.5604166671875 0.4483333328125 0.6077083328125 0.4483333328125
1 0.5625 0.44925925937500005 0.5625 0.41907407343749997 0.53625 0.41907407343749997 0.53625 0.44925925937500005 0.5625 0.44925925937500005
1 0.5506770828125 0.411759259375 0.5506770828125 0.3888888890625 0.5172395828125 0.3888888890625 0.5172395828125 0.411759259375 0.5506770828125 0.411759259375
1 0.5444791671875 0.4574074078125 0.5444791671875 0.4236111109375 0.5193229171875 0.4236111109375 0.5193229171875 0.4574074078125 0.5444791671875 0.4574074078125
1 0.52390625 0.44925925937500005 0.52390625 0.4263888890625 0.5064583328125 0.4263888890625 0.5064583328125 0.44925925937500005 0.52390625 0.44925925937500005
1 0.5079687500000001 0.4528703703125 0.5079687500000001 0.43185185156249994 0.49411458281250004 0.43185185156249994 0.49411458281250004 0.4528703703125 0.5079687500000001 0.4528703703125
1 0.4806770828125 0.43398148125 0.4806770828125 0.41916666718749995 0.47531249999999997 0.41916666718749995 0.47531249999999997 0.43398148125 0.4806770828125 0.43398148125
1 0.48989583281250004 0.429722221875 0.48989583281250004 0.41814814843750003 0.4806770828125 0.41814814843750003 0.4806770828125 0.429722221875 0.48989583281250004 0.429722221875
1 0.4758854171875 0.43185185156249994 0.4758854171875 0.42129629687500003 0.4672916671875 0.42129629687500003 0.4672916671875 0.43185185156249994 0.4758854171875 0.43185185156249994
1 0.46968750000000004 0.43398148125 0.46968750000000004 0.42601851875 0.46281249999999996 0.42601851875 0.46281249999999996 0.43398148125 0.46968750000000004 0.43398148125
1 0.23531249999999998 0.9858333328125 0.23531249999999998 0.7331481484375 0.047031250000000004 0.7331481484375 0.047031250000000004 0.9858333328125 0.23531249999999998 0.9858333328125
1 0.2788541671875 0.70944444375 0.2788541671875 0.6131481484375 0.23265625 0.6131481484375 0.23265625 0.70944444375 0.2788541671875 0.70944444375
1 0.3020833328125 0.6520370375 0.3020833328125 0.5880555562499999 0.27484375 0.5880555562499999 0.27484375 0.6520370375 0.3020833328125 0.6520370375
1 0.3164583328125 0.612777778125 0.3164583328125 0.5725 0.2938541671875 0.5725 0.2938541671875 0.612777778125 0.3164583328125 0.612777778125
1 0.3252083328125 0.5798148140625 0.3252083328125 0.5579629625 0.31286458281249996 0.5579629625 0.31286458281249996 0.5798148140625 0.3252083328125 0.5798148140625
1 0.33239583281249996 0.5396296296875 0.33239583281249996 0.506759259375 0.3103125 0.506759259375 0.3103125 0.5396296296875 0.33239583281249996 0.5396296296875
1 0.1707291671875 0.33027777812500003 0.1707291671875 0.2448148140625 0.0190104171875 0.2448148140625 0.0190104171875 0.33027777812500003 0.1707291671875 0.33027777812500003
1 0.2299479171875 0.384259259375 0.2299479171875 0.2908333328125 0.1559375 0.2908333328125 0.1559375 0.384259259375 0.2299479171875 0.384259259375
1 0.2625 0.39481481406249996 0.2625 0.3395370375 0.2314583328125 0.3395370375 0.2314583328125 0.39481481406249996 0.2625 0.39481481406249996
1 0.294375 0.41851851875 0.294375 0.36055555625 0.26546875000000003 0.36055555625 0.26546875000000003 0.41851851875 0.294375 0.41851851875
1 0.3098958328125 0.41851851875 0.3098958328125 0.37898148125 0.294375 0.37898148125 0.294375 0.41851851875 0.3098958328125 0.41851851875
1 0.3239583328125 0.42240740781249997 0.3239583328125 0.39351851875 0.31213541718750004 0.39351851875 0.31213541718750004 0.42240740781249997 0.3239583328125 0.42240740781249997
1 0.22854166718750002 0.034259259375000004 0.22854166718750002 0.1574074078125 0.28078125 0.1574074078125 0.28078125 0.034259259375000004 0.22854166718750002 0.034259259375000004
1 0.2563020828125 0.218703703125 0.2563020828125 0.26277777812499997 0.32296874999999997 0.26277777812499997 0.32296874999999997 0.218703703125 0.2563020828125 0.218703703125
1 0.2870833328125 0.041203703125000005 0.2870833328125 0.0861111109375 0.31484375 0.0861111109375 0.31484375 0.041203703125000005 0.2870833328125 0.041203703125000005
1 0.4952083328125 0.5370370375 0.4952083328125 0.51898148125 0.4741145828125 0.51898148125 0.4741145828125 0.5370370375 0.4952083328125 0.5370370375
1 0.5211979171875 0.5779629625 0.5211979171875 0.5581481484374999 0.4939583328125 0.5581481484374999 0.4939583328125 0.5779629625 0.5211979171875 0.5779629625
1 0.4456770828125 0.5276851859375 0.4456770828125 0.5173148140625 0.41656250000000006 0.5173148140625 0.41656250000000006 0.5276851859375 0.4456770828125 0.5276851859375
1 0.4141145828125 0.510740740625 0.4141145828125 0.518240740625 0.44802083281250005 0.518240740625 0.44802083281250005 0.510740740625 0.4141145828125 0.510740740625
1 0.4141145828125 0.5004629625 0.4141145828125 0.510740740625 0.44947916718750003 0.510740740625 0.44947916718750003 0.5004629625 0.4141145828125 0.5004629625
1 0.41500000000000004 0.4906481484375 0.41500000000000004 0.5004629625 0.44947916718750003 0.5004629625 0.44947916718750003 0.4906481484375 0.41500000000000004 0.4906481484375
1 0.41500000000000004 0.48055555625 0.41500000000000004 0.4906481484375 0.446875 0.4906481484375 0.446875 0.48055555625 0.41500000000000004 0.48055555625
1 0.41734375 0.4711111109375 0.41734375 0.48055555625 0.446875 0.48055555625 0.446875 0.4711111109375 0.41734375 0.4711111109375
1 0.41734375 0.459722221875 0.41734375 0.4711111109375 0.44802083281250005 0.4711111109375 0.44802083281250005 0.459722221875 0.41734375 0.459722221875
1 0.41645833281250005 0.44925925937500005 0.41645833281250005 0.459722221875 0.44802083281250005 0.459722221875 0.44802083281250005 0.44925925937500005 0.41645833281250005 0.44925925937500005
1 0.41645833281250005 0.440740740625 0.41645833281250005 0.44925925937500005 0.44760416718749996 0.44925925937500005 0.44760416718749996 0.440740740625 0.41645833281250005 0.440740740625
1 0.41510416718750004 0.4301851859375 0.41510416718750004 0.440740740625 0.44760416718749996 0.440740740625 0.44760416718749996 0.4301851859375 0.41510416718750004 0.4301851859375
1 0.41510416718750004 0.41898148125 0.41510416718750004 0.4301851859375 0.44749999999999995 0.4301851859375 0.44749999999999995 0.41898148125 0.41510416718750004 0.41898148125
1 0.3499479171875 0.5451851859375 0.3499479171875 0.5298148140625 0.3421875 0.5298148140625 0.3421875 0.5451851859375 0.3499479171875 0.5451851859375
1 0.33218749999999997 0.564722221875 0.33218749999999997 0.5487037031249999 0.32588541718749997 0.5487037031249999 0.32588541718749997 0.564722221875 0.33218749999999997 0.564722221875
1 0.6505729171875 0.2046296296875 0.6505729171875 0.1261111109375 0.6127604171875001 0.1261111109375 0.6127604171875001 0.2046296296875 0.6505729171875 0.2046296296875
1 0.5169270828125 0.313240740625 0.5169270828125 0.2868518515625 0.50390625 0.2868518515625 0.50390625 0.313240740625 0.5169270828125 0.313240740625