1 1 0.6427083328125 0.8275 0.6427083328125 0.8275 0.7691666671874999 1 0.7691666671874999 1 0.6427083328125
1 0.29281250000000003 0.804375 0.29281250000000003 0.6558333328125 0.0728125 0.6558333328125 0.0728125 0.804375 0.29281250000000003 0.804375
1 0.11968749999999999 0.9085416671875001 0.11968749999999999 0.7535416671874999 0.0034375000000000005 0.7535416671874999 0.0034375000000000005 0.9085416671875001 0.11968749999999999 0.9085416671875001
1 0.55671875 0.5254166671875 0.55671875 0.49020833281250004 0.4375 0.49020833281250004 0.4375 0.5254166671875 0.55671875 0.5254166671875
1 0.7379687500000001 0.2266666671875 0.7379687500000001 0.2122916671875 0.6967187499999999 0.2122916671875 0.6967187499999999 0.2266666671875 0.7379687500000001 0.2266666671875
1 0.7787499999999999 0.228125 0.7787499999999999 0.213125 0.7407812500000001 0.213125 0.7407812500000001 0.228125 0.7787499999999999 0.228125
1 0.7385937499999999 0.2470833328125 0.7385937499999999 0.23500000000000001 0.6995312499999999 0.23500000000000001 0.6995312499999999 0.2470833328125 0.7385937499999999 0.2470833328125
1 0.78390625 0.2508333328125 0.78390625 0.23875000000000002 0.74140625 0.23875000000000002 0.74140625 0.2508333328125 0.78390625 0.2508333328125
1 0.7787499999999999 0.2991666671875 0.7787499999999999 0.28250000000000003 0.73625 0.28250000000000003 0.73625 0.2991666671875 0.7787499999999999 0.2991666671875
1 0.820625 0.30125 0.820625 0.28770833281249997 0.7798437500000001 0.28770833281249997 0.7798437500000001 0.30125 0.820625 0.30125
1 0.73515625 0.3179166671875 0.73515625 0.3029166671875 0.69734375 0.3029166671875 0.69734375 0.3179166671875 0.73515625 0.3179166671875
1 0.779375 0.3225 0.779375 0.3072916671875 0.7375 0.3072916671875 0.7375 0.3225 0.779375 0.3225
1 0.81953125 0.32625000000000004 0.81953125 0.311875 0.7809375000000001 0.311875 0.7809375000000001 0.32625000000000004 0.81953125 0.32625000000000004
1 0.7357812499999999 0.3397916671875 0.7357812499999999 0.32625000000000004 0.6950000000000001 0.32625000000000004 0.6950000000000001 0.3397916671875 0.7357812499999999 0.3397916671875
1 0.778125 0.344375 0.778125 0.3314583328125 0.74140625 0.3314583328125 0.74140625 0.344375 0.778125 0.344375
1 0.8189062500000001 0.3495833328125 0.8189062500000001 0.33458333281249997 0.778125 0.33458333281249997 0.778125 0.3495833328125 0.8189062500000001 0.3495833328125
1 0.73234375 0.40625 0.73234375 0.3933333328125 0.694375 0.3933333328125 0.694375 0.40625 0.73234375 0.40625
1 0.7753125 0.4122916671875 0.7753125 0.3933333328125 0.7334375 0.3933333328125 0.7334375 0.4122916671875 0.7753125 0.4122916671875
1 0.7306250000000001 0.42729166718749995 0.7306250000000001 0.41375 0.6910937500000001 0.41375 0.6910937500000001 0.42729166718749995 0.7306250000000001 0.42729166718749995
1 0.7720312500000001 0.43645833281249996 0.7720312500000001 0.4166666671875 0.73625 0.4166666671875 0.73625 0.43645833281249996 0.7720312500000001 0.43645833281249996
1 0.883125 0.38125 0.883125 0.42312500000000003 0.9828125 0.42312500000000003 0.9828125 0.38125 0.883125 0.38125
2 0.66640625 0.5095833328125 0.66640625 0.22125 0.5634375 0.22125 0.5634375 0.5095833328125 0.66640625 0.5095833328125
1 0.8853125000000001 0.3604166671875 0.8853125000000001 0.3916666671875 0.985 0.3916666671875 0.985 0.3604166671875 0.8853125000000001 0.3604166671875
1 0.883125 0.3304166671875 0.883125 0.36625 0.98046875 0.36625 0.98046875 0.3304166671875 0.883125 0.3304166671875
1 0.883125 0.3066666671875 0.883125 0.339375 0.97828125 0.339375 0.97828125 0.3066666671875 0.883125 0.3066666671875
1 0.87859375 0.278125 0.87859375 0.3110416671875 0.9793749999999999 0.3110416671875 0.9793749999999999 0.278125 0.87859375 0.278125