1 1 0.514375 0.896875 0.514375 0.896875 0.6564583328125 1 0.6564583328125 1 0.514375
1 0.84203125 0.3866666671875 0.84203125 0.36062500000000003 0.6798437500000001 0.36062500000000003 0.6798437500000001 0.3866666671875 0.84203125 0.3866666671875
1 0.8459375 0.4441666671875 0.8459375 0.4102083328125 0.6837500000000001 0.4102083328125 0.6837500000000001 0.4441666671875 0.8459375 0.4441666671875
1 0.9974999999999999 0.08562499999999999 0.9974999999999999 0.01125 0.9428124999999999 0.01125 0.9428124999999999 0.08562499999999999 0.9974999999999999 0.08562499999999999
1 0.9984375 0.15479166718749998 0.9984375 0.0920833328125 0.9467187499999999 0.0920833328125 0.9467187499999999 0.15479166718749998 0.9984375 0.15479166718749998
1 0.9418749999999999 0.115625 0.9418749999999999 0.05437499999999999 0.91046875 0.05437499999999999 0.91046875 0.115625 0.9418749999999999 0.115625
1 0.9467187499999999 0.176875 0.9467187499999999 0.1233333328125 0.9125 0.1233333328125 0.9125 0.176875 0.9467187499999999 0.176875
1 0.8690625000000001 0.1589583328125 0.8690625000000001 0.1185416671875 0.8457812499999999 0.1185416671875 0.8457812499999999 0.1589583328125 0.8690625000000001 0.1589583328125
1 0.82484375 0.19354166718750002 0.82484375 0.1652083328125 0.8065625000000001 0.1652083328125 0.8065625000000001 0.19354166718750002 0.82484375 0.19354166718750002
2 0.8451562499999999 0.103125 0.8451562499999999 0.52625 0.9981249999999999 0.52625 0.9981249999999999 0.103125 0.8451562499999999 0.103125
3 0.09671874999999999 0.5066666671875 0.09671874999999999 0.398125 0.0240625 0.398125 0.0240625 0.5066666671875 0.09671874999999999 0.5066666671875
3 0.0028125 0.4314583328125 0.0028125 0.5287499999999999 0.025937500000000002 0.5287499999999999 0.025937500000000002 0.4314583328125 0.0028125 0.4314583328125
3 0.001875 0.3379166671875 0.001875 0.4302083328125 0.025 0.4302083328125 0.025 0.3379166671875 0.001875 0.3379166671875
3 0.00484375 0.1197916671875 0.00484375 0.2214583328125 0.08109374999999999 0.2214583328125 0.08109374999999999 0.1197916671875 0.00484375 0.1197916671875
3 0.00390625 0.0802083328125 0.00390625 0.17375000000000002 0.14906250000000001 0.17375000000000002 0.14906250000000001 0.0802083328125 0.00390625 0.0802083328125
3 0.0740625 0.1620833328125 0.0740625 0.24937499999999999 0.15 0.24937499999999999 0.15 0.1620833328125 0.0740625 0.1620833328125
3 0.15 0.1197916671875 0.15 0.203125 0.21734375 0.203125 0.21734375 0.1197916671875 0.15 0.1197916671875
3 0.21531250000000002 0.2697916671875 0.21531250000000002 0.1916666671875 0.16734374999999999 0.1916666671875 0.16734374999999999 0.2697916671875 0.21531250000000002 0.2697916671875
3 0.20484375 0.21208333281249997 0.20484375 0.27749999999999997 0.25390625 0.27749999999999997 0.25390625 0.21208333281249997 0.20484375 0.21208333281249997
3 0.198125 0.1352083328125 0.198125 0.2225 0.25859375 0.2225 0.25859375 0.1352083328125 0.198125 0.1352083328125
3 0.30281250000000004 0.23395833281249998 0.30281250000000004 0.16854166718750002 0.25578124999999996 0.16854166718750002 0.25578124999999996 0.23395833281249998 0.30281250000000004 0.23395833281249998
3 0.33171875 0.2454166671875 0.33171875 0.1864583328125 0.29421875000000003 0.1864583328125 0.29421875000000003 0.2454166671875 0.33171875 0.2454166671875
3 0.33171875 0.29041666718750003 0.33171875 0.246875 0.29812500000000003 0.246875 0.29812500000000003 0.29041666718750003 0.33171875 0.29041666718750003
3 0.25187499999999996 0.23395833281249998 0.25187499999999996 0.2916666671875 0.2971875 0.2916666671875 0.2971875 0.23395833281249998 0.25187499999999996 0.23395833281249998
3 0.3596875 0.2839583328125 0.3596875 0.25187499999999996 0.32218749999999996 0.25187499999999996 0.32218749999999996 0.2839583328125 0.3596875 0.2839583328125
3 0.24765625 0.395 0.24765625 0.458125 0.28781249999999997 0.458125 0.28781249999999997 0.395 0.24765625 0.395
3 0.14953125 0.4047916671875 0.14953125 0.4545833328125 0.2496875 0.4545833328125 0.2496875 0.4047916671875 0.14953125 0.4047916671875
3 0.14359375000000002 0.3416666671875 0.14359375000000002 0.4047916671875 0.24765625 0.4047916671875 0.24765625 0.3416666671875 0.14359375000000002 0.3416666671875
3 0.273125 0.3958333328125 0.273125 0.43958333281249995 0.31375000000000003 0.43958333281249995 0.31375000000000003 0.3958333328125 0.273125 0.3958333328125
3 0.31046874999999996 0.3985416671875 0.31046874999999996 0.43062500000000004 0.34515625 0.43062500000000004 0.34515625 0.3985416671875 0.31046874999999996 0.3985416671875
3 0.19765625 0.3495833328125 0.19765625 0.3985416671875 0.34187500000000004 0.3985416671875 0.34187500000000004 0.3495833328125 0.19765625 0.3495833328125
3 0.21828124999999998 0.3122916671875 0.21828124999999998 0.3566666671875 0.34390624999999997 0.3566666671875 0.34390624999999997 0.3122916671875 0.21828124999999998 0.3122916671875
3 0.36124999999999996 0.36291666718750004 0.36124999999999996 0.32375 0.3365625 0.32375 0.3365625 0.36291666718750004 0.36124999999999996 0.36291666718750004
3 0.36859375 0.399375 0.36859375 0.365625 0.33578125000000003 0.365625 0.33578125000000003 0.399375 0.36859375 0.399375
3 0.36390625 0.4314583328125 0.36390625 0.40208333281249997 0.33921875 0.40208333281249997 0.33921875 0.4314583328125 0.36390625 0.4314583328125
3 0.90453125 0.2835416671875 0.90453125 0.2429166671875 0.8682812500000001 0.2429166671875 0.8682812500000001 0.2835416671875 0.90453125 0.2835416671875
3 0.88796875 0.3097916671875 0.88796875 0.28250000000000003 0.8670312499999999 0.28250000000000003 0.8670312499999999 0.3097916671875 0.88796875 0.3097916671875