1 0.29015625 0.3616666671875 0.29015625 0.24037037031250003 0.1696875 0.24037037031250003 0.1696875 0.3616666671875 0.29015625 0.3616666671875
1 0.3530208328125 0.3749074078125 0.3530208328125 0.2991666671875 0.29015625 0.2991666671875 0.29015625 0.3749074078125 0.3530208328125 0.3749074078125
1 0.2869270828125 0.2138888890625 0.2869270828125 0.08499999999999999 0.1739583328125 0.08499999999999999 0.1739583328125 0.2138888890625 0.2869270828125 0.2138888890625
1 0.0023958328125 0.0036111109374999998 0.0023958328125 0.134259259375 0.17822916718749998 0.134259259375 0.17822916718749998 0.0036111109374999998 0.0023958328125 0.0036111109374999998
1 0.3380729171875 0.0016666671875 0.3380729171875 0.0945370375 0.3903125 0.0945370375 0.3903125 0.0016666671875 0.3380729171875 0.0016666671875
1 0.42125 0.15324074062499998 0.42125 0.071759259375 0.38927083281249997 0.071759259375 0.38927083281249997 0.15324074062499998 0.42125 0.15324074062499998
1 0.4446875 0.1873148140625 0.4446875 0.12101851875 0.42015624999999995 0.12101851875 0.42015624999999995 0.1873148140625 0.4446875 0.1873148140625
1 0.3881770828125 0.3900925921875 0.3881770828125 0.33324074062500003 0.3466145828125 0.33324074062500003 0.3466145828125 0.3900925921875 0.3881770828125 0.3900925921875
1 0.4191145828125 0.405277778125 0.4191145828125 0.3484259265625 0.3871354171875 0.3484259265625 0.3871354171875 0.405277778125 0.4191145828125 0.405277778125
1 0.44895833281249997 0.40712962968750005 0.44895833281249997 0.3636111109375 0.4169791671875 0.3636111109375 0.4169791671875 0.40712962968750005 0.44895833281249997 0.40712962968750005
1 0.3466145828125 0.6099074078125 0.3466145828125 0.532222221875 0.15479166718749998 0.532222221875 0.15479166718749998 0.6099074078125 0.3466145828125 0.6099074078125
1 0.395625 0.6193518515624999 0.395625 0.5682407406250001 0.3380729171875 0.5682407406250001 0.3380729171875 0.6193518515624999 0.395625 0.6193518515624999
1 0.3998958328125 0.7273148140625 0.3998958328125 0.6401851859375001 0.3359895828125 0.6401851859375001 0.3359895828125 0.7273148140625 0.3998958328125 0.7273148140625
1 0.48302083281249997 0.45074074062499997 0.48302083281249997 0.41472222187499996 0.44895833281249997 0.41472222187499996 0.44895833281249997 0.45074074062499997 0.48302083281249997 0.45074074062499997
1 0.4661458328125 0.265 0.4661458328125 0.21629629687500002 0.4431770828125 0.21629629687500002 0.4431770828125 0.265 0.4661458328125 0.265
1 0.48239583281250004 0.2834259265625 0.48239583281250004 0.24787037031249998 0.46687500000000004 0.24787037031249998 0.46687500000000004 0.2834259265625 0.48239583281250004 0.2834259265625
1 0.5009375 0.19787037031250002 0.5009375 0.1425925921875 0.48390625 0.1425925921875 0.48390625 0.19787037031250002 0.5009375 0.19787037031250002
1 0.48020833281249997 0.1268518515625 0.48020833281249997 0.0425925921875 0.45875000000000005 0.0425925921875 0.45875000000000005 0.1268518515625 0.48020833281249997 0.1268518515625
1 0.9448437500000001 0.148703703125 0.9448437500000001 0.251296296875 0.9990104171875 0.251296296875 0.9990104171875 0.148703703125 0.9448437500000001 0.148703703125
1 0.8569270828125 0.191296296875 0.8569270828125 0.305 0.9448437500000001 0.305 0.9448437500000001 0.191296296875 0.8569270828125 0.191296296875
1 0.8063020828124999 0.25601851875000003 0.8063020828124999 0.3381481484375 0.8613541671875 0.3381481484375 0.8613541671875 0.25601851875000003 0.8063020828124999 0.25601851875000003
1 0.7716666671875 0.2938888890625 0.7716666671875 0.35555555625 0.80984375 0.35555555625 0.80984375 0.2938888890625 0.7716666671875 0.2938888890625
1 0.7778645828124999 0.38388888906249996 0.7778645828124999 0.31916666718750003 0.7477083328125 0.31916666718750003 0.7477083328125 0.38388888906249996 0.7778645828124999 0.38388888906249996
1 0.7494791671875001 0.38712962968750003 0.7494791671875001 0.341296296875 0.71484375 0.341296296875 0.71484375 0.38712962968750003 0.7494791671875001 0.38712962968750003
1 0.7112499999999999 0.401296296875 0.7112499999999999 0.3665740734375 0.6872916671875 0.3665740734375 0.6872916671875 0.401296296875 0.7112499999999999 0.401296296875
1 0.7530208328125 0.5971296296874999 0.7530208328125 0.549722221875 0.7077083328125 0.549722221875 0.7077083328125 0.5971296296874999 0.7530208328125 0.5971296296874999
1 0.8249479171875 0.6775925921875 0.8249479171875 0.5971296296874999 0.7503645828125001 0.5971296296874999 0.7503645828125001 0.6775925921875 0.8249479171875 0.6775925921875
1 0.9164583328125 0.7581481484375 0.9164583328125 0.650740740625 0.7947395828125 0.650740740625 0.7947395828125 0.7581481484375 0.9164583328125 0.7581481484375
1 0.5189583328125 0.5828703703125 0.5189583328125 0.5536111109374999 0.5035416671874999 0.5536111109374999 0.5035416671874999 0.5828703703125 0.5189583328125 0.5828703703125
1 0.53234375 0.451296296875 0.53234375 0.43027777812499995 0.4922395828125 0.43027777812499995 0.4922395828125 0.451296296875 0.53234375 0.451296296875
1 0.2775520828125 0.7660185187499999 0.2775520828125 0.883240740625 0.33890625 0.883240740625 0.33890625 0.7660185187499999 0.2775520828125 0.7660185187499999