1 0.1990625 0.003125 0.1990625 0.1352083328125 0.48359375 0.1352083328125 0.48359375 0.003125 0.1990625 0.003125
1 0.2 0.003125 0.2 0.0416666671875 0.36828125 0.0416666671875 0.36828125 0.003125 0.2 0.003125
1 0.36359375 0.0802083328125 0.36359375 0.17520833281249998 0.5623437499999999 0.17520833281249998 0.5623437499999999 0.0802083328125 0.36359375 0.0802083328125
1 0.53984375 0.135625 0.53984375 0.20833333281250002 0.6096874999999999 0.20833333281250002 0.6096874999999999 0.135625 0.53984375 0.135625
1 0.593125 0.17541666718749999 0.593125 0.2341666671875 0.64 0.2341666671875 0.64 0.17541666718749999 0.593125 0.17541666718749999
1 0.625 0.2054166671875 0.625 0.2595833328125 0.66734375 0.2595833328125 0.66734375 0.2054166671875 0.625 0.2054166671875
1 0.98046875 0.26729166718749997 0.98046875 0.2972916671875 0.9995312500000001 0.2972916671875 0.9995312500000001 0.26729166718749997 0.98046875 0.26729166718749997
1 0.98671875 0.3047916671875 0.98671875 0.27291666718749996 0.96703125 0.27291666718749996 0.96703125 0.3047916671875 0.98671875 0.3047916671875
1 0.9650000000000001 0.3166666671875 0.9650000000000001 0.2852083328125 0.9453125 0.2852083328125 0.9453125 0.3166666671875 0.9650000000000001 0.3166666671875
3 0.72203125 0.5066666671875 0.72203125 0.44604166718749994 0.67859375 0.44604166718749994 0.67859375 0.5066666671875 0.72203125 0.5066666671875
3 0.51671875 0.4183333328125 0.51671875 0.3710416671875 0.43390625 0.3710416671875 0.43390625 0.4183333328125 0.51671875 0.4183333328125
3 0.5443749999999999 0.4158333328125 0.5443749999999999 0.38166666718750003 0.51375 0.38166666718750003 0.51375 0.4158333328125 0.5443749999999999 0.4158333328125
3 0.55234375 0.3802083328125 0.55234375 0.3433333328125 0.47328125 0.3433333328125 0.47328125 0.3802083328125 0.55234375 0.3802083328125
3 0.55359375 0.41041666718750003 0.55359375 0.38375 0.54109375 0.38375 0.54109375 0.41041666718750003 0.55359375 0.41041666718750003
3 0.5690625 0.3791666671875 0.5690625 0.35104166718749996 0.55359375 0.35104166718749996 0.55359375 0.3791666671875 0.5690625 0.3791666671875
3 0.5690625 0.4141666671875 0.5690625 0.3791666671875 0.551875 0.3791666671875 0.551875 0.4141666671875 0.5690625 0.4141666671875
3 0.58390625 0.380625 0.58390625 0.3525 0.5678124999999999 0.3525 0.5678124999999999 0.380625 0.58390625 0.380625
3 0.59703125 0.3845833328125 0.59703125 0.3495833328125 0.5821875000000001 0.3495833328125 0.5821875000000001 0.3845833328125 0.59703125 0.3845833328125
3 0.59703125 0.40895833281250005 0.59703125 0.3845833328125 0.58328125 0.3845833328125 0.58328125 0.40895833281250005 0.59703125 0.40895833281250005
3 0.5821875000000001 0.4135416671875 0.5821875000000001 0.3883333328125 0.56953125 0.3883333328125 0.56953125 0.4135416671875 0.5821875000000001 0.4135416671875
3 0.6157812500000001 0.40812499999999996 0.6157812500000001 0.3547916671875 0.5935937499999999 0.3547916671875 0.5935937499999999 0.40812499999999996 0.6157812500000001 0.40812499999999996
3 0.65234375 0.41041666718750003 0.65234375 0.38229166718749996 0.625 0.38229166718749996 0.625 0.41041666718750003 0.65234375 0.41041666718750003
3 0.6746875 0.4095833328125 0.6746875 0.38375 0.6484375 0.38375 0.6484375 0.4095833328125 0.6746875 0.4095833328125
3 0.6678124999999999 0.4933333328125 0.6678124999999999 0.4264583328125 0.62671875 0.4264583328125 0.62671875 0.4933333328125 0.6678124999999999 0.4933333328125
3 0.6403125000000001 0.4652083328125 0.6403125000000001 0.446875 0.5809375 0.446875 0.5809375 0.4652083328125 0.6403125000000001 0.4652083328125
3 0.6415625 0.4895833328125 0.6415625 0.46749999999999997 0.61640625 0.46749999999999997 0.61640625 0.4895833328125 0.6415625 0.4895833328125
3 0.64375 0.5085416671874999 0.64375 0.48645833281249995 0.6174999999999999 0.48645833281249995 0.6174999999999999 0.5085416671874999 0.64375 0.5085416671874999
3 0.6135937499999999 0.5208333328125 0.6135937499999999 0.48270833281250003 0.5609375 0.48270833281250003 0.5609375 0.5208333328125 0.6135937499999999 0.5208333328125
3 0.5525 0.5572916671875 0.5525 0.5097916671875 0.47984375 0.5097916671875 0.47984375 0.5572916671875 0.5525 0.5572916671875
3 0.48343749999999996 0.540625 0.48343749999999996 0.48020833281249997 0.32359375 0.48020833281249997 0.32359375 0.540625 0.48343749999999996 0.540625
3 0.484375 0.6116666671875 0.484375 0.538125 0.42515625 0.538125 0.42515625 0.6116666671875 0.484375 0.6116666671875
3 0.4290625 0.6327083328125 0.4290625 0.5445833328125 0.32937500000000003 0.5445833328125 0.32937500000000003 0.6327083328125 0.4290625 0.6327083328125
3 0.38859374999999996 0.6591666671875 0.38859374999999996 0.5577083328125 0.32359375 0.5577083328125 0.32359375 0.6591666671875 0.38859374999999996 0.6591666671875
3 0.3334375 0.6170833328125 0.3334375 0.5222916671875 0.13999999999999999 0.5222916671875 0.13999999999999999 0.6170833328125 0.3334375 0.6170833328125
3 0.3275 0.6920833328125 0.3275 0.5958333328125 0.14296875 0.5958333328125 0.14296875 0.6920833328125 0.3275 0.6920833328125
3 0.17984375 0.7772916671875 0.17984375 0.618125 0.043437500000000004 0.618125 0.043437500000000004 0.7772916671875 0.17984375 0.7772916671875
3 0.058750000000000004 0.8045833328124999 0.058750000000000004 0.6637500000000001 0.0025 0.6637500000000001 0.0025 0.8045833328124999 0.058750000000000004 0.8045833328124999
3 0.0025 0.36124999999999996 0.0025 0.47729166718749994 0.11671875000000001 0.47729166718749994 0.11671875000000001 0.36124999999999996 0.0025 0.36124999999999996
3 0.05375 0.0770833328125 0.05375 0.1770833328125 0.19859374999999999 0.1770833328125 0.19859374999999999 0.0770833328125 0.05375 0.0770833328125
3 0.2890625 0.36625 0.2890625 0.284375 0.12125 0.284375 0.12125 0.36625 0.2890625 0.36625
3 0.2890625 0.47000000000000003 0.2890625 0.36625 0.12328125000000001 0.36625 0.12328125000000001 0.47000000000000003 0.2890625 0.47000000000000003
3 0.36265625 0.43166666718749996 0.36265625 0.3689583328125 0.2890625 0.3689583328125 0.2890625 0.43166666718749996 0.36265625 0.43166666718749996
3 0.59484375 0.1610416671875 0.59484375 0.1183333328125 0.56515625 0.1183333328125 0.56515625 0.1610416671875 0.59484375 0.1610416671875
3 0.9953125 0.220625 0.9953125 0.20416666718749998 0.97484375 0.20416666718749998 0.97484375 0.220625 0.9953125 0.220625
3 0.515 0.013333332812500001 0.515 0.0620833328125 0.56640625 0.0620833328125 0.56640625 0.013333332812500001 0.515 0.013333332812500001
3 0.5378125 0.0502083328125 0.5378125 0.0108333328125 0.48046875 0.0108333328125 0.48046875 0.0502083328125 0.5378125 0.0502083328125
3 0.531875 0.0739583328125 0.531875 0.039791667187500004 0.4884375 0.039791667187500004 0.4884375 0.0739583328125 0.531875 0.0739583328125
3 0.53078125 0.108125 0.53078125 0.0660416671875 0.48453125 0.0660416671875 0.48453125 0.108125 0.53078125 0.108125
3 0.52796875 0.04625 0.52796875 0.0870833328125 0.5634375 0.0870833328125 0.5634375 0.04625 0.52796875 0.04625
3 0.5545312499999999 0.1041666671875 0.5545312499999999 0.0739583328125 0.52796875 0.0739583328125 0.52796875 0.1041666671875 0.5545312499999999 0.1041666671875
3 0.5584374999999999 0.1279166671875 0.5584374999999999 0.1041666671875 0.5190625 0.1041666671875 0.5190625 0.1279166671875 0.5584374999999999 0.1279166671875