1 0.5244270828125 0.2724074078125 0.5244270828125 0.12101851875 0.40822916718749996 0.12101851875 0.40822916718749996 0.2724074078125 0.5244270828125 0.2724074078125
1 0.4096875 0.2868518515625 0.4096875 0.175 0.33421875 0.175 0.33421875 0.2868518515625 0.4096875 0.2868518515625
1 0.33640625 0.28944444375 0.33640625 0.20916666718750002 0.29421875000000003 0.20916666718750002 0.29421875000000003 0.28944444375 0.33640625 0.28944444375
1 0.29348958281250004 0.2974074078125 0.29348958281250004 0.23944444374999999 0.28239583281249997 0.23944444374999999 0.28239583281249997 0.2974074078125 0.29348958281250004 0.2974074078125
1 0.28312499999999996 0.2974074078125 0.28312499999999996 0.25916666718750003 0.2757291671875 0.25916666718750003 0.2757291671875 0.2974074078125 0.28312499999999996 0.2974074078125
1 0.2764583328125 0.30129629687500004 0.2764583328125 0.2565740734375 0.25354166718750004 0.2565740734375 0.25354166718750004 0.30129629687500004 0.2764583328125 0.30129629687500004
1 0.2565104171875 0.30129629687500004 0.2565104171875 0.26842592656250003 0.24463541718749998 0.26842592656250003 0.24463541718749998 0.30129629687500004 0.2565104171875 0.30129629687500004
1 0.25796874999999997 0.2658333328125 0.25796874999999997 0.24472222187499998 0.24390625 0.24472222187499998 0.24390625 0.2658333328125 0.25796874999999997 0.2658333328125
1 0.29348958281250004 0.19083333281249998 0.29348958281250004 0.12898148125 0.2772395828125 0.12898148125 0.2772395828125 0.19083333281249998 0.29348958281250004 0.19083333281249998
1 0.36161458281250003 0.7421296296875 0.36161458281250003 0.6328703703125 0.31864583281250003 0.6328703703125 0.31864583281250003 0.7421296296875 0.36161458281250003 0.7421296296875
1 0.2039583328125 0.40259259218750004 0.2039583328125 0.380277778125 0.1610416671875 0.380277778125 0.1610416671875 0.40259259218750004 0.2039583328125 0.40259259218750004
1 0.15953124999999999 0.40398148125000005 0.15953124999999999 0.3815740734375 0.11515625 0.3815740734375 0.11515625 0.40398148125000005 0.15953124999999999 0.40398148125000005
1 0.1106770828125 0.4078703703125 0.1106770828125 0.3828703703125 0.0677604171875 0.3828703703125 0.0677604171875 0.4078703703125 0.1106770828125 0.4078703703125
1 0.5251041671875 0.0061111109375 0.5251041671875 0.23805555625000002 0.9947395828125 0.23805555625000002 0.9947395828125 0.0061111109375 0.5251041671875 0.0061111109375
1 0.0429166671875 0.24324074062499998 0.0429166671875 0.2304629625 0.027500000000000004 0.2304629625 0.027500000000000004 0.24324074062499998 0.0429166671875 0.24324074062499998
1 0.024947917187499998 0.23870370312500003 0.024947917187499998 0.20398148124999999 0.00234375 0.20398148124999999 0.00234375 0.23870370312500003 0.024947917187499998 0.23870370312500003
1 0.017291667187500002 0.07666666718750001 0.017291667187500002 0.1029629625 0.040989582812499994 0.1029629625 0.040989582812499994 0.07666666718750001 0.017291667187500002 0.07666666718750001
4 0.9997395828125001 0.99555555625 0.9997395828125001 0.4390740734375 0.5591145828124999 0.4390740734375 0.5591145828124999 0.99555555625 0.9997395828125001 0.99555555625
4 0.56921875 0.99555555625 0.56921875 0.37759259218749996 0.4127604171875 0.37759259218749996 0.4127604171875 0.99555555625 0.56921875 0.99555555625
4 0.4257291671875 0.8737037031250001 0.4257291671875 0.3493518515625 0.3565104171875 0.3493518515625 0.3565104171875 0.8737037031250001 0.4257291671875 0.8737037031250001
4 0.37093750000000003 0.662222221875 0.37093750000000003 0.3403703703125 0.2821875 0.3403703703125 0.2821875 0.662222221875 0.37093750000000003 0.662222221875
4 0.29375 0.5980555562500001 0.29375 0.33138888906249997 0.2648958328125 0.33138888906249997 0.2648958328125 0.5980555562500001 0.29375 0.5980555562500001