1 0.7732812499999999 0.660625 0.7732812499999999 0.6 0.5443749999999999 0.6 0.5443749999999999 0.660625 0.7732812499999999 0.660625
1 0.35 0.44875 0.35 0.32625000000000004 0.18421875000000001 0.32625000000000004 0.18421875000000001 0.44875 0.35 0.44875
1 0.19109375 0.39729166718750003 0.19109375 0.2527083328125 0.0026562499999999998 0.2527083328125 0.0026562499999999998 0.39729166718750003 0.19109375 0.39729166718750003
1 0.46546875 0.5237499999999999 0.46546875 0.4447916671875 0.3440625 0.4447916671875 0.3440625 0.5237499999999999 0.46546875 0.5237499999999999
1 0.46343750000000006 0.7381249999999999 0.46343750000000006 0.65 0.33921875 0.65 0.33921875 0.7381249999999999 0.46343750000000006 0.7381249999999999
1 0.34015625 0.786875 0.34015625 0.663125 0.1675 0.663125 0.1675 0.786875 0.34015625 0.786875
1 0.17140625 0.85 0.17140625 0.7079166671875 0.0035937499999999997 0.7079166671875 0.0035937499999999997 0.85 0.17140625 0.85
1 0.8032812500000001 0.4183333328125 0.8032812500000001 0.3958333328125 0.751875 0.3958333328125 0.751875 0.4183333328125 0.8032812500000001 0.4183333328125
1 0.8081250000000001 0.3445833328125 0.8081250000000001 0.32083333281250004 0.7559375 0.32083333281250004 0.7559375 0.3445833328125 0.8081250000000001 0.3445833328125
1 0.745 0.3497916671875 0.745 0.32083333281250004 0.7065625 0.32083333281250004 0.7065625 0.3497916671875 0.745 0.3497916671875
1 0.74796875 0.43937499999999996 0.74796875 0.42083333281249996 0.70546875 0.42083333281249996 0.70546875 0.43937499999999996 0.74796875 0.43937499999999996
1 0.8121875 0.2604166671875 0.8121875 0.22875 0.75484375 0.22875 0.75484375 0.2604166671875 0.8121875 0.2604166671875
2 1 0.5595833328125 0.9653124999999999 0.5595833328125 0.9653124999999999 0.6454166671875 1 0.6454166671875 1 0.5595833328125
4 0.8096875000000001 0.6416666671875 0.8096875000000001 0.4916666671875 0.7307812499999999 0.4916666671875 0.7307812499999999 0.6416666671875 0.8096875000000001 0.6416666671875
2 0.8120312500000001 0.496875 0.8120312500000001 0.42458333281250005 0.74328125 0.42458333281250005 0.74328125 0.496875 0.8120312500000001 0.496875
1 0.47906250000000006 0.6425 0.47906250000000006 0.6883333328125001 0.536875 0.6883333328125001 0.536875 0.6425 0.47906250000000006 0.6425
1 0.4765625 0.5989583328125 0.4765625 0.64125 0.5403125 0.64125 0.5403125 0.5989583328125 0.4765625 0.5989583328125
1 0.46734375000000006 0.5495833328125 0.46734375000000006 0.5989583328125 0.5403125 0.5989583328125 0.5403125 0.5495833328125 0.46734375000000006 0.5495833328125
1 0.46734375000000006 0.5070833328125001 0.46734375000000006 0.5495833328125 0.5443749999999999 0.5495833328125 0.5443749999999999 0.5070833328125001 0.46734375000000006 0.5070833328125001
1 0.468125 0.44458333281250006 0.468125 0.5070833328125001 0.5443749999999999 0.5070833328125001 0.5443749999999999 0.44458333281250006 0.468125 0.44458333281250006
1 0.46390624999999996 0.3908333328125 0.46390624999999996 0.46125 0.54859375 0.46125 0.54859375 0.3908333328125 0.46390624999999996 0.3908333328125
1 0.3390625 0.34729166718750004 0.3390625 0.41333333281250006 0.5393749999999999 0.41333333281250006 0.5393749999999999 0.34729166718750004 0.3390625 0.34729166718750004
1 0.35750000000000004 0.3025 0.35750000000000004 0.3708333328125 0.5428124999999999 0.3708333328125 0.5428124999999999 0.3025 0.35750000000000004 0.3025
1 0.3046875 0.25125000000000003 0.3046875 0.32166666718750003 0.54359375 0.32166666718750003 0.54359375 0.25125000000000003 0.3046875 0.25125000000000003
1 0.46640625 0.1952083328125 0.46640625 0.2758333328125 0.54609375 0.2758333328125 0.54609375 0.1952083328125 0.46640625 0.1952083328125
1 0.4715625 0.1416666671875 0.4715625 0.2320833328125 0.5470312500000001 0.2320833328125 0.5470312500000001 0.1416666671875 0.4715625 0.1416666671875