1 0.8596875 0.67125 0.8596875 0.5570833328125 0.5192187500000001 0.5570833328125 0.5192187500000001 0.67125 0.8596875 0.67125
1 0.8403124999999999 0.7904166671875 0.8403124999999999 0.675 0.51828125 0.675 0.51828125 0.7904166671875 0.8403124999999999 0.7904166671875
1 0.52890625 0.9545833328125 0.52890625 0.753125 0.18656250000000002 0.753125 0.18656250000000002 0.9545833328125 0.52890625 0.9545833328125
1 0.5 0.12875 0.5 0.000625 0.2134375 0.000625 0.2134375 0.12875 0.5 0.12875
1 0.60765625 0.1545833328125 0.60765625 0.053125 0.45578124999999997 0.053125 0.45578124999999997 0.1545833328125 0.60765625 0.1545833328125
1 0.66921875 0.1852083328125 0.66921875 0.1147916671875 0.5903125 0.1147916671875 0.5903125 0.1852083328125 0.66921875 0.1852083328125
1 0.7278125 0.2364583328125 0.7278125 0.175 0.67015625 0.175 0.67015625 0.2364583328125 0.7278125 0.2364583328125
1 0.7653125000000001 0.25187499999999996 0.7653125000000001 0.2160416671875 0.7307812499999999 0.2160416671875 0.7307812499999999 0.25187499999999996 0.7653125000000001 0.25187499999999996
1 0.764375 0.32375 0.764375 0.27125 0.7259375 0.27125 0.7259375 0.32375 0.764375 0.32375
1 0.7346874999999999 0.303125 0.7346874999999999 0.2429166671875 0.5971875 0.2429166671875 0.5971875 0.303125 0.7346874999999999 0.303125
1 0.8060937499999999 0.1820833328125 0.8060937499999999 0.1491666671875 0.69859375 0.1491666671875 0.69859375 0.1820833328125 0.8060937499999999 0.1820833328125
1 0.8040625 0.23291666718749998 0.8040625 0.1991666671875 0.7279687499999999 0.1991666671875 0.7279687499999999 0.23291666718749998 0.8040625 0.23291666718749998
1 0.8026562500000001 0.2783333328125 0.8026562500000001 0.24895833281250002 0.7620312499999999 0.24895833281250002 0.7620312499999999 0.2783333328125 0.8026562500000001 0.2783333328125
1 0.9121874999999999 0.5177083328125 0.9121874999999999 0.489375 0.8514062499999999 0.489375 0.8514062499999999 0.5177083328125 0.9121874999999999 0.5177083328125
1 0.75 0.4858333328125 0.75 0.46875 0.7145312500000001 0.46875 0.7145312500000001 0.4858333328125 0.75 0.4858333328125
1 0.66359375 0.0054166671875 0.66359375 0.06687499999999999 0.75296875 0.06687499999999999 0.75296875 0.0054166671875 0.66359375 0.0054166671875
1 0.73671875 0.03875 0.73671875 0.09770833281249999 0.7770312500000001 0.09770833281249999 0.7770312500000001 0.03875 0.73671875 0.03875
2 0.98078125 0.4814583328125 0.98078125 0.32875 0.91640625 0.32875 0.91640625 0.4814583328125 0.98078125 0.4814583328125
2 0.914375 0.4635416671875 0.914375 0.3045833328125 0.8490624999999999 0.3045833328125 0.8490624999999999 0.4635416671875 0.914375 0.4635416671875
3 0.63171875 0.37625000000000003 0.63171875 0.3272916671875 0.5203125 0.3272916671875 0.5203125 0.37625000000000003 0.63171875 0.37625000000000003
3 0.626875 0.4220833328125 0.626875 0.37312500000000004 0.5321875 0.37312500000000004 0.5321875 0.4220833328125 0.626875 0.4220833328125
3 0.6682812499999999 0.4172916671875 0.6682812499999999 0.33375 0.6292187499999999 0.33375 0.6292187499999999 0.4172916671875 0.6682812499999999 0.4172916671875
3 0.52859375 0.426875 0.52859375 0.37 0.41734375 0.37 0.41734375 0.426875 0.52859375 0.426875
3 0.48 0.3652083328125 0.48 0.289375 0.39249999999999996 0.289375 0.39249999999999996 0.3652083328125 0.48 0.3652083328125
3 0.36515624999999996 0.366875 0.36515624999999996 0.2958333328125 0.311875 0.2958333328125 0.311875 0.366875 0.36515624999999996 0.366875
3 0.30125 0.38416666718750003 0.30125 0.28479166718750004 0.1615625 0.28479166718750004 0.1615625 0.38416666718750003 0.30125 0.38416666718750003
3 0.29765625 0.40625 0.29765625 0.33375 0.21953125 0.33375 0.21953125 0.40625 0.29765625 0.40625
3 0.34984375 0.43166666718749996 0.34984375 0.36833333281249997 0.30484374999999997 0.36833333281249997 0.30484374999999997 0.43166666718749996 0.34984375 0.43166666718749996
3 0.23515625 0.4491666671875 0.23515625 0.37625000000000003 0.12484375 0.37625000000000003 0.12484375 0.4491666671875 0.23515625 0.4491666671875
3 0.11671875000000001 0.4652083328125 0.11671875000000001 0.366875 0.0017187500000000002 0.366875 0.0017187500000000002 0.4652083328125 0.11671875000000001 0.4652083328125
3 0.23609375 0.7583333328124999 0.23609375 0.5927083328125 0.08453125 0.5927083328125 0.08453125 0.7583333328124999 0.23609375 0.7583333328124999
3 0.313125 0.6020833328124999 0.313125 0.49791666718750005 0.24562499999999998 0.49791666718750005 0.24562499999999998 0.6020833328124999 0.313125 0.6020833328124999
3 0.40671875 0.5720833328125 0.40671875 0.48520833281250003 0.311875 0.48520833281250003 0.311875 0.5720833328125 0.40671875 0.5720833328125
3 0.491875 0.63375 0.491875 0.55625 0.40671875 0.55625 0.40671875 0.63375 0.491875 0.63375
3 0.59140625 0.5989583328125 0.59140625 0.4583333328125 0.4575 0.4583333328125 0.4575 0.5989583328125 0.59140625 0.5989583328125