1 0.82359375 0.6408333328125 0.82359375 0.5339583328125 0.401875 0.5339583328125 0.401875 0.6408333328125 0.82359375 0.6408333328125
1 0.8104687500000001 0.818125 0.8104687500000001 0.6864583328125 0.41531250000000003 0.6864583328125 0.41531250000000003 0.818125 0.8104687500000001 0.818125
1 0.43937499999999996 0.8916666671875 0.43937499999999996 0.7147916671875 0.0028125 0.7147916671875 0.0028125 0.8916666671875 0.43937499999999996 0.8916666671875
1 0.33296875 0.0027083328125 0.33296875 0.08395833281250001 0.50046875 0.08395833281250001 0.50046875 0.0027083328125 0.33296875 0.0027083328125
1 0.315 0.058125 0.315 0.1670833328125 0.5739062500000001 0.1670833328125 0.5739062500000001 0.058125 0.315 0.058125
1 0.48921875000000004 0.1604166671875 0.48921875000000004 0.2541666671875 0.6314062500000001 0.2541666671875 0.6314062500000001 0.1604166671875 0.48921875000000004 0.1604166671875
1 0.5709375 0.1335416671875 0.5709375 0.2079166671875 0.63046875 0.2079166671875 0.63046875 0.1335416671875 0.5709375 0.1335416671875
1 0.5325 0.2514583328125 0.5325 0.3360416671875 0.62671875 0.3360416671875 0.62671875 0.2514583328125 0.5325 0.2514583328125
1 0.625625 0.3002083328125 0.625625 0.365625 0.6728125 0.365625 0.6728125 0.3002083328125 0.625625 0.3002083328125
1 0.62671875 0.21812499999999999 0.62671875 0.2875 0.67765625 0.2875 0.67765625 0.21812499999999999 0.62671875 0.21812499999999999
1 0.6996875 0.2066666671875 0.6996875 0.2502083328125 0.72953125 0.2502083328125 0.72953125 0.2066666671875 0.6996875 0.2066666671875
1 0.6956249999999999 0.2733333328125 0.6956249999999999 0.3139583328125 0.7228125000000001 0.3139583328125 0.7228125000000001 0.2733333328125 0.6956249999999999 0.2733333328125
1 0.70125 0.1514583328125 0.70125 0.1941666671875 0.7267187500000001 0.1941666671875 0.7267187500000001 0.1514583328125 0.70125 0.1514583328125
1 0.6314062500000001 0.00625 0.6314062500000001 0.05791666718750001 0.7006249999999999 0.05791666718750001 0.7006249999999999 0.00625 0.6314062500000001 0.00625
1 0.89546875 0.6443749999999999 0.89546875 0.618125 0.8099999999999999 0.618125 0.8099999999999999 0.6443749999999999 0.89546875 0.6443749999999999
2 0.99609375 0.6352083328125 0.99609375 0.3929166671875 0.923125 0.3929166671875 0.923125 0.6352083328125 0.99609375 0.6352083328125
2 0.8884375 0.5725 0.8884375 0.3775 0.79609375 0.3775 0.79609375 0.5725 0.8884375 0.5725
3 0.51875 0.38687499999999997 0.51875 0.313125 0.418125 0.313125 0.418125 0.38687499999999997 0.51875 0.38687499999999997
3 0.50890625 0.4579166671875 0.50890625 0.37625000000000003 0.3934375 0.37625000000000003 0.3934375 0.4579166671875 0.50890625 0.4579166671875
3 0.5482812499999999 0.45 0.5482812499999999 0.339375 0.50984375 0.339375 0.50984375 0.45 0.5482812499999999 0.45
3 0.40750000000000003 0.4027083328125 0.40750000000000003 0.35 0.29671875000000003 0.35 0.29671875000000003 0.4027083328125 0.40750000000000003 0.4027083328125
3 0.4378125 0.6091666671875 0.4378125 0.46312499999999995 0.32625000000000004 0.46312499999999995 0.32625000000000004 0.6091666671875 0.4378125 0.6091666671875
3 0.0026562499999999998 0.21187499999999998 0.0026562499999999998 0.32625000000000004 0.08453125 0.32625000000000004 0.08453125 0.21187499999999998 0.0026562499999999998 0.21187499999999998