1 0.9610937500000001 0.4109259265625 0.9610937500000001 0.3171296296875 0.7309375 0.3171296296875 0.7309375 0.4109259265625 0.9610937500000001 0.4109259265625
1 0.7202083328125 0.5917592593750001 0.7202083328125 0.49629629687500004 0.5820833328125 0.49629629687500004 0.5820833328125 0.5917592593750001 0.7202083328125 0.5917592593750001
1 0.7266145828125 0.7963888890625 0.7266145828125 0.6440740734375 0.5757291671875 0.6440740734375 0.5757291671875 0.7963888890625 0.7266145828125 0.7963888890625
1 0.5974479171875 0.5599074078124999 0.5974479171875 0.48722222187500003 0.5232812499999999 0.48722222187500003 0.5232812499999999 0.5599074078124999 0.5974479171875 0.5599074078124999
1 0.5872395828125 0.6759259265625001 0.5872395828125 0.5781481484375 0.5181770828125 0.5781481484375 0.5181770828125 0.6759259265625001 0.5872395828125 0.6759259265625001
1 0.5820833328125 0.36666666718749996 0.5820833328125 0.3121296296875 0.4669791671875 0.3121296296875 0.4669791671875 0.36666666718749996 0.5820833328125 0.36666666718749996
1 0.4721354171875 0.3621296296875 0.4721354171875 0.3166666671875 0.42093749999999996 0.3166666671875 0.42093749999999996 0.3621296296875 0.4721354171875 0.3621296296875
1 0.47083333281249995 0.45305555625 0.47083333281249995 0.40990740781249996 0.42609375 0.40990740781249996 0.42609375 0.45305555625 0.47083333281249995 0.45305555625
1 0.47468750000000004 0.5872222218750001 0.47468750000000004 0.512222221875 0.4298958328125 0.512222221875 0.4298958328125 0.5872222218750001 0.47468750000000004 0.5872222218750001
1 0.43119791718749995 0.541759259375 0.43119791718749995 0.48722222187500003 0.39791666718749996 0.48722222187500003 0.39791666718749996 0.541759259375 0.43119791718749995 0.541759259375
1 0.7406770828125 0.0074074078125 0.7406770828125 0.11888888906249999 0.9977604171875001 0.11888888906249999 0.9977604171875001 0.0074074078125 0.7406770828125 0.0074074078125
1 0.7291666671875 0.1848148140625 0.7291666671875 0.0665740734375 0.5974479171875 0.0665740734375 0.5974479171875 0.1848148140625 0.7291666671875 0.1848148140625
1 0.6025520828125 0.21435185156249997 0.6025520828125 0.1325 0.5194270828125 0.1325 0.5194270828125 0.21435185156249997 0.6025520828125 0.21435185156249997
1 0.5948958328125 0.11888888906249999 0.5948958328125 0.0506481484375 0.4669791671875 0.0506481484375 0.4669791671875 0.11888888906249999 0.5948958328125 0.11888888906249999
1 0.5283854171875 0.2371296296875 0.5283854171875 0.1665740734375 0.4644270828125 0.1665740734375 0.4644270828125 0.2371296296875 0.5283854171875 0.2371296296875
1 0.4655208328125 0.1578703703125 0.4655208328125 0.0991666671875 0.41645833281250005 0.0991666671875 0.41645833281250005 0.1578703703125 0.4655208328125 0.1578703703125
1 0.4655208328125 0.24694444375 0.4655208328125 0.188240740625 0.41968750000000005 0.188240740625 0.41968750000000005 0.24694444375 0.4655208328125 0.24694444375
1 0.4218229171875 0.2545370375 0.4218229171875 0.20148148125 0.39197916718750003 0.20148148125 0.39197916718750003 0.2545370375 0.4218229171875 0.2545370375
1 0.38984375 0.2601851859375 0.38984375 0.21851851875 0.36854166718750003 0.21851851875 0.36854166718750003 0.2601851859375 0.38984375 0.2601851859375
1 0.12552083281249998 0.39851851875 0.12552083281249998 0.38333333281250004 0.0530729171875 0.38333333281250004 0.0530729171875 0.39851851875 0.12552083281249998 0.39851851875
1 0.1233854171875 0.43833333281250003 0.1233854171875 0.4193518515625 0.0615625 0.4193518515625 0.0615625 0.43833333281250003 0.1233854171875 0.43833333281250003
1 0.0297395828125 0.3675 0.0297395828125 0.3408333328125 0.00020833281250000002 0.3408333328125 0.00020833281250000002 0.3675 0.0297395828125 0.3675
1 0.0177604171875 0.44592592656249996 0.0177604171875 0.406296296875 0.00020833281250000002 0.406296296875 0.00020833281250000002 0.44592592656249996 0.0177604171875 0.44592592656249996
1 0.031875 0.43064814843750004 0.031875 0.39796296249999996 0.0160416671875 0.39796296249999996 0.0160416671875 0.43064814843750004 0.031875 0.43064814843750004
1 0.3296875 0.028240740625 0.3296875 0.06509259218749999 0.34151041718749997 0.06509259218749999 0.34151041718749997 0.028240740625 0.3296875 0.028240740625
1 0.34375 0.0019444437500000002 0.34375 0.042685185937499995 0.37776041718750003 0.042685185937499995 0.37776041718750003 0.0019444437500000002 0.34375 0.0019444437500000002
1 0.33338541718750003 0.038796296875000004 0.33338541718750003 0.003240740625 0.3119270828125 0.003240740625 0.3119270828125 0.038796296875000004 0.33338541718750003 0.038796296875000004
1 0.33265625 0.09925925937499999 0.33265625 0.049259259374999996 0.3193229171875 0.049259259374999996 0.3193229171875 0.09925925937499999 0.33265625 0.09925925937499999
1 0.3866666671875 0.15064814843750002 0.3866666671875 0.106759259375 0.3484375 0.106759259375 0.3484375 0.15064814843750002 0.3866666671875 0.15064814843750002
1 0.3496354171875 0.1649074078125 0.3496354171875 0.13194444375 0.3330208328125 0.13194444375 0.3330208328125 0.1649074078125 0.3496354171875 0.1649074078125
1 0.3743229171875 0.2075925921875 0.3743229171875 0.163796296875 0.3527604171875 0.163796296875 0.3527604171875 0.2075925921875 0.3743229171875 0.2075925921875
1 0.3539583328125 0.2109259265625 0.3539583328125 0.18129629687499998 0.3379166671875 0.18129629687499998 0.3379166671875 0.2109259265625 0.3539583328125 0.2109259265625
1 0.3681770828125 0.26574074062499997 0.3681770828125 0.22407407343750002 0.3527604171875 0.22407407343750002 0.3527604171875 0.26574074062499997 0.3681770828125 0.26574074062499997
1 0.3539583328125 0.2668518515625 0.3539583328125 0.23722222187500003 0.3404166671875 0.23722222187500003 0.3404166671875 0.2668518515625 0.3539583328125 0.2668518515625
1 0.3416666671875 0.2668518515625 0.3416666671875 0.23064814843749998 0.323125 0.23064814843749998 0.323125 0.2668518515625 0.3416666671875 0.2668518515625
1 0.3391666671875 0.2163888890625 0.3391666671875 0.1801851859375 0.325 0.1801851859375 0.325 0.2163888890625 0.3391666671875 0.2163888890625
1 0.3280729171875 0.18462962968750002 0.3280729171875 0.155 0.3083333328125 0.155 0.3083333328125 0.18462962968750002 0.3280729171875 0.18462962968750002
1 0.325 0.2328703703125 0.325 0.20435185156250002 0.30895833281249996 0.20435185156250002 0.30895833281249996 0.2328703703125 0.325 0.2328703703125
1 0.3280729171875 0.27453703749999997 0.3280729171875 0.24157407343749998 0.3144791671875 0.24157407343749998 0.3144791671875 0.27453703749999997 0.3280729171875 0.27453703749999997
1 0.3169791671875 0.27453703749999997 0.3169791671875 0.2471296296875 0.3077083328125 0.2471296296875 0.3077083328125 0.27453703749999997 0.3169791671875 0.27453703749999997
1 0.3077083328125 0.1988888890625 0.3077083328125 0.1758333328125 0.2935416671875 0.1758333328125 0.2935416671875 0.1988888890625 0.3077083328125 0.1988888890625
1 0.31140625 0.24055555625 0.31140625 0.2163888890625 0.2935416671875 0.2163888890625 0.2935416671875 0.24055555625 0.31140625 0.24055555625
1 0.3070833328125 0.2734259265625 0.3070833328125 0.2503703703125 0.2959895828125 0.2503703703125 0.2959895828125 0.2734259265625 0.3070833328125 0.2734259265625
1 0.323125 0.3249074078125 0.323125 0.311759259375 0.2959895828125 0.311759259375 0.2959895828125 0.3249074078125 0.323125 0.3249074078125
2 0.31755208281249997 0.44166666718750003 0.31755208281249997 0.2570370375 0.2648958328125 0.2570370375 0.2648958328125 0.44166666718750003 0.31755208281249997 0.44166666718750003
4 0.9601041671875 0.9993518515625001 0.9601041671875 0.3726851859375 0.7242708328125 0.3726851859375 0.7242708328125 0.9993518515625001 0.9601041671875 0.9993518515625001
4 0.9983333328124999 0.9993518515625001 0.9983333328124999 0.39555555625 0.9269270828125 0.39555555625 0.9269270828125 0.9993518515625001 0.9983333328124999 0.9993518515625001
4 0.5815104171875001 0.626296296875 0.5815104171875001 0.34555555625 0.46968750000000004 0.34555555625 0.46968750000000004 0.626296296875 0.5815104171875001 0.626296296875
4 0.37453125 0.43694444375 0.37453125 0.3109259265625 0.2990625 0.3109259265625 0.2990625 0.43694444375 0.37453125 0.43694444375