1 0.71984375 0.46979166718750004 0.71984375 0.40541666718749997 0.5778125000000001 0.40541666718749997 0.5778125000000001 0.46979166718750004 0.71984375 0.46979166718750004
1 0.71703125 0.665 0.71703125 0.5683333328125 0.59484375 0.5683333328125 0.59484375 0.665 0.71703125 0.665
1 0.38296874999999997 0.7883333328125001 0.38296874999999997 0.6835416671875 0.11171875 0.6835416671875 0.11171875 0.7883333328125001 0.38296874999999997 0.7883333328125001
1 0.79984375 0.5135416671875 0.79984375 0.4702083328125 0.729375 0.4702083328125 0.729375 0.5135416671875 0.79984375 0.5135416671875
1 0.7970312500000001 0.600625 0.7970312500000001 0.5439583328125 0.72484375 0.5439583328125 0.72484375 0.600625 0.7970312500000001 0.600625
1 0.8375 0.5595833328125 0.8375 0.516875 0.8006249999999999 0.516875 0.8006249999999999 0.5595833328125 0.8375 0.5595833328125
1 0.846875 0.504375 0.846875 0.45375 0.8018750000000001 0.45375 0.8018750000000001 0.504375 0.846875 0.504375
1 0.8515625 0.42062499999999997 0.8515625 0.3847916671875 0.7340625000000001 0.3847916671875 0.7340625000000001 0.42062499999999997 0.8515625 0.42062499999999997
1 0.8764062499999999 0.48541666718750004 0.8764062499999999 0.45375 0.8396874999999999 0.45375 0.8396874999999999 0.48541666718750004 0.8764062499999999 0.48541666718750004
1 0.8740625 0.54875 0.8740625 0.5089583328125 0.8421875 0.5089583328125 0.8421875 0.54875 0.8740625 0.54875
1 0.9096875000000001 0.4458333328125 0.9096875000000001 0.4158333328125 0.8729687500000001 0.4158333328125 0.8729687500000001 0.4458333328125 0.9096875000000001 0.4458333328125
1 0.94046875 0.44125 0.94046875 0.4158333328125 0.9096875000000001 0.4158333328125 0.9096875000000001 0.44125 0.94046875 0.44125
1 0.9984375 0.4916666671875 0.9984375 0.46958333281250003 0.9581250000000001 0.46958333281250003 0.9581250000000001 0.4916666671875 0.9984375 0.4916666671875
1 0.99609375 0.5295833328125 0.99609375 0.4964583328125 0.95578125 0.4964583328125 0.95578125 0.5295833328125 0.99609375 0.5295833328125
1 0.9415625000000001 0.51375 0.9415625000000001 0.47437500000000005 0.9214062500000001 0.47437500000000005 0.9214062500000001 0.51375 0.9415625000000001 0.51375
1 0.92265625 0.5295833328125 0.92265625 0.48541666718750004 0.90015625 0.48541666718750004 0.90015625 0.5295833328125 0.92265625 0.5295833328125
1 0.90203125 0.5245833328125 0.90203125 0.4952083328125 0.8753125 0.4952083328125 0.8753125 0.5245833328125 0.90203125 0.5245833328125
1 0.1275 0.0054166671875 0.1275 0.11145833281249999 0.42171875 0.11145833281249999 0.42171875 0.0054166671875 0.1275 0.0054166671875
1 0.121875 0.0016666671875 0.121875 0.035625000000000004 0.42171875 0.035625000000000004 0.42171875 0.0016666671875 0.121875 0.0016666671875
1 0.609375 0.1929166671875 0.609375 0.0470833328125 0.41171875 0.0470833328125 0.41171875 0.1929166671875 0.609375 0.1929166671875
1 0.72859375 0.2364583328125 0.72859375 0.1397916671875 0.6178125 0.1397916671875 0.6178125 0.2364583328125 0.72859375 0.2364583328125
1 0.7321875 0.1158333328125 0.7321875 0.1964583328125 0.8162499999999999 0.1964583328125 0.8162499999999999 0.1158333328125 0.7321875 0.1158333328125
1 0.80921875 0.2622916671875 0.80921875 0.19479166718750002 0.73671875 0.19479166718750002 0.73671875 0.2622916671875 0.80921875 0.2622916671875
1 0.7228125000000001 0.0164583328125 0.7228125000000001 0.0827083328125 0.8435937499999999 0.0827083328125 0.8435937499999999 0.0164583328125 0.7228125000000001 0.0164583328125
1 0.82109375 0.022708332812500003 0.82109375 0.0779166671875 0.8754687499999999 0.0779166671875 0.8754687499999999 0.022708332812500003 0.82109375 0.022708332812500003
1 0.82578125 0.07958333281249999 0.82578125 0.1347916671875 0.8778124999999999 0.1347916671875 0.8778124999999999 0.07958333281249999 0.82578125 0.07958333281249999
1 0.8328125 0.0195833328125 0.8328125 0.0354166671875 0.874375 0.0354166671875 0.874375 0.0195833328125 0.8328125 0.0195833328125
1 0.8778124999999999 0.2533333328125 0.8778124999999999 0.2058333328125 0.8353125 0.2058333328125 0.8353125 0.2533333328125 0.8778124999999999 0.2533333328125
1 0.84828125 0.285625 0.84828125 0.23125 0.80828125 0.23125 0.80828125 0.285625 0.84828125 0.285625
1 0.8790625000000001 0.3164583328125 0.8790625000000001 0.27229166718750003 0.8495312500000001 0.27229166718750003 0.8495312500000001 0.3164583328125 0.8790625000000001 0.3164583328125
1 0.91015625 0.3252083328125 0.91015625 0.2897916671875 0.8814062500000001 0.2897916671875 0.8814062500000001 0.3252083328125 0.91015625 0.3252083328125
1 0.8646874999999999 0.11750000000000001 0.8646874999999999 0.17791666718750002 0.9081250000000001 0.17791666718750002 0.9081250000000001 0.11750000000000001 0.8646874999999999 0.11750000000000001
1 0.8685937499999999 0.0739583328125 0.8685937499999999 0.13333333281249998 0.9081250000000001 0.13333333281249998 0.9081250000000001 0.0739583328125 0.8685937499999999 0.0739583328125
1 0.0032812500000000003 0.003125 0.0032812500000000003 0.0622916671875 0.0578125 0.0622916671875 0.0578125 0.003125 0.0032812500000000003 0.003125
4 0.8740625 0.1916666671875 0.8740625 0.3327083328125 0.9298437500000001 0.3327083328125 0.9298437500000001 0.1916666671875 0.8740625 0.1916666671875
4 0.59078125 0.7302083328125 0.59078125 0.2845833328125 0.22218749999999998 0.2845833328125 0.22218749999999998 0.7302083328125 0.59078125 0.7302083328125
4 0.923125 0.150625 0.923125 0.22875 0.9643750000000001 0.22875 0.9643750000000001 0.150625 0.923125 0.150625