1 0.49406249999999996 0.6 0.49406249999999996 0.54601851875 0.3675 0.54601851875 0.3675 0.6 0.49406249999999996 0.6
1 0.6302604171875 0.5908333328125 0.6302604171875 0.5447222218750001 0.49776041718749997 0.5447222218750001 0.49776041718749997 0.5908333328125 0.6302604171875 0.5908333328125
1 0.6244791671875001 0.6859259265625 0.6244791671875001 0.6341666671875 0.50296875 0.6341666671875 0.50296875 0.6859259265625 0.6244791671875001 0.6859259265625
1 0.4958854171875 0.686759259375 0.4958854171875 0.6434259265625 0.36973958281249997 0.6434259265625 0.36973958281249997 0.686759259375 0.4958854171875 0.686759259375
1 0.4954166671875 0.33444444375 0.4954166671875 0.28944444375 0.36828125 0.28944444375 0.36828125 0.33444444375 0.4954166671875 0.33444444375
1 0.4933333328125 0.2341666671875 0.4933333328125 0.1921296296875 0.36380208281250004 0.1921296296875 0.36380208281250004 0.2341666671875 0.4933333328125 0.2341666671875
1 0.62953125 0.22898148125 0.62953125 0.1868518515625 0.5036979171875 0.1868518515625 0.5036979171875 0.22898148125 0.62953125 0.22898148125
1 0.6339583328125 0.328703703125 0.6339583328125 0.27898148125 0.5045833328125 0.27898148125 0.5045833328125 0.328703703125 0.6339583328125 0.328703703125
1 0.7657291671875 0.3315740734375 0.7657291671875 0.280277778125 0.6309895828125 0.280277778125 0.6309895828125 0.3315740734375 0.7657291671875 0.3315740734375
1 0.7671875 0.23157407343749997 0.7671875 0.1724074078125 0.6383854171875 0.1724074078125 0.6383854171875 0.23157407343749997 0.7671875 0.23157407343749997
1 0.77015625 0.1381481484375 0.77015625 0.0921296296875 0.63546875 0.0921296296875 0.63546875 0.1381481484375 0.77015625 0.1381481484375
1 0.6325000000000001 0.144722221875 0.6325000000000001 0.0868518515625 0.49703125000000004 0.0868518515625 0.49703125000000004 0.144722221875 0.6325000000000001 0.144722221875
1 0.9315104171874999 0.3328703703125 0.9315104171874999 0.269722221875 0.7642187500000001 0.269722221875 0.7642187500000001 0.3328703703125 0.9315104171874999 0.3328703703125
4 1 0.4326851859375 0.86203125 0.4326851859375 0.86203125 0.7493518515625001 1 0.7493518515625001 1 0.4326851859375
1 0.9532812500000001 0.303703703125 0.9532812500000001 0.349259259375 0.9978645828125 0.349259259375 0.9978645828125 0.303703703125 0.9532812500000001 0.303703703125
1 0.95703125 0.20750000000000002 0.95703125 0.249722221875 0.9978645828125 0.249722221875 0.9978645828125 0.20750000000000002 0.95703125 0.20750000000000002
1 0.95703125 0.11981481406250001 0.95703125 0.15694444375 0.9997395828125001 0.15694444375 0.9997395828125001 0.11981481406250001 0.95703125 0.11981481406250001