1 0.8998437499999999 0.603125 0.8998437499999999 0.5164583328125001 0.686875 0.5164583328125001 0.686875 0.603125 0.8998437499999999 0.603125
1 0.8907812500000001 0.7060416671875 0.8907812500000001 0.603125 0.6884375 0.603125 0.6884375 0.7060416671875 0.8907812500000001 0.7060416671875
1 0.59140625 0.6720833328125 0.59140625 0.5625 0.43765625 0.5625 0.43765625 0.6720833328125 0.59140625 0.6720833328125
1 0.43843750000000004 0.7358333328125 0.43843750000000004 0.6172916671875 0.22140624999999997 0.6172916671875 0.22140624999999997 0.7358333328125 0.43843750000000004 0.7358333328125
1 0.22000000000000003 0.8025 0.22000000000000003 0.6681250000000001 0.00140625 0.6681250000000001 0.00140625 0.8025 0.22000000000000003 0.8025
1 0.22484375 0.5372916671875 0.22484375 0.40625 0.00140625 0.40625 0.00140625 0.5372916671875 0.22484375 0.5372916671875
1 0.59078125 0.47416666718749995 0.59078125 0.4033333328125 0.27890625 0.4033333328125 0.27890625 0.47416666718749995 0.59078125 0.47416666718749995
1 0.61484375 0.2170833328125 0.61484375 0.11937500000000001 0.47843749999999996 0.11937500000000001 0.47843749999999996 0.2170833328125 0.61484375 0.2170833328125
1 0.26187499999999997 0.1397916671875 0.26187499999999997 0.030833332812499996 0.0026562499999999998 0.030833332812499996 0.0026562499999999998 0.1397916671875 0.26187499999999997 0.1397916671875
1 0.7665625 0.265 0.7665625 0.2058333328125 0.6096874999999999 0.2058333328125 0.6096874999999999 0.265 0.7665625 0.265
4 0.2384375 0.003125 0.2384375 0.17625 0.489375 0.17625 0.489375 0.003125 0.2384375 0.003125