1 0.92703125 0.36055555625 0.92703125 0.251296296875 0.8248958328124999 0.251296296875 0.8248958328124999 0.36055555625 0.92703125 0.36055555625
1 0.8278645828125001 0.275 0.8278645828125001 0.1815740734375 0.7694270828125 0.1815740734375 0.7694270828125 0.275 0.8278645828125001 0.275
1 0.8352604171875001 0.37759259218749996 0.8352604171875001 0.2868518515625 0.7775520828125 0.2868518515625 0.7775520828125 0.37759259218749996 0.8352604171875001 0.37759259218749996
1 0.7775520828125 0.3 0.7775520828125 0.22629629687500002 0.7390625 0.22629629687500002 0.7390625 0.3 0.7775520828125 0.3
1 0.93 0.5974074078125 0.93 0.5078703703125 0.8448958328125 0.5078703703125 0.8448958328125 0.5974074078125 0.93 0.5974074078125
1 0.9292708328125 0.8565740734375 0.9292708328125 0.75 0.8538020828124999 0.75 0.8538020828124999 0.8565740734375 0.9292708328125 0.8565740734375
1 0.8019791671875 0.7184259265625 0.8019791671875 0.655277778125 0.7494270828125 0.655277778125 0.7494270828125 0.7184259265625 0.8019791671875 0.7184259265625
1 0.7553645828125 0.623703703125 0.7553645828125 0.5868518515625001 0.7176041671875 0.5868518515625001 0.7176041671875 0.623703703125 0.7553645828125 0.623703703125
1 0.35640625 0.8762962968749999 0.35640625 0.7078703703125 0.25203125000000004 0.7078703703125 0.25203125000000004 0.8762962968749999 0.35640625 0.8762962968749999
1 0.259375 0.9983333328124999 0.259375 0.8674074078125 0.1565625 0.8674074078125 0.1565625 0.9983333328124999 0.259375 0.9983333328124999
1 0.0030729171875 0.0215740734375 0.0030729171875 0.256203703125 0.2010416671875 0.256203703125 0.2010416671875 0.0215740734375 0.0030729171875 0.0215740734375
1 0.29312499999999997 0.31898148125 0.29312499999999997 0.14435185156250002 0.1888020828125 0.14435185156250002 0.1888020828125 0.31898148125 0.29312499999999997 0.31898148125
1 0.3476041671875 0.3393518515625 0.3476041671875 0.2554629625 0.29312499999999997 0.2554629625 0.29312499999999997 0.3393518515625 0.3476041671875 0.3393518515625
1 0.3883333328125 0.3621296296875 0.3883333328125 0.30509259218749996 0.3476041671875 0.30509259218749996 0.3476041671875 0.3621296296875 0.3883333328125 0.3621296296875
1 0.41166666718749995 0.3726851859375 0.41166666718749995 0.33444444375 0.3868229171875 0.33444444375 0.3868229171875 0.3726851859375 0.41166666718749995 0.3726851859375
1 0.43088541718749995 0.3840740734375 0.43088541718749995 0.3499074078125 0.41197916718750005 0.3499074078125 0.41197916718750005 0.3840740734375 0.43088541718749995 0.3840740734375
1 0.4615625 0.4003703703125 0.4615625 0.37759259218749996 0.4297395828125 0.37759259218749996 0.4297395828125 0.4003703703125 0.4615625 0.4003703703125
1 0.45786458281250003 0.6648148140625 0.45786458281250003 0.6148148140624999 0.43046875 0.6148148140624999 0.43046875 0.6648148140625 0.45786458281250003 0.6648148140625
1 0.40015625000000005 0.7213888890625 0.40015625000000005 0.6516666671875 0.355 0.6516666671875 0.355 0.7213888890625 0.40015625000000005 0.7213888890625
1 0.48171875000000003 0.6045370375 0.48171875000000003 0.5608333328125 0.4615625 0.5608333328125 0.4615625 0.6045370375 0.48171875000000003 0.6045370375
1 0.45859375 0.595 0.45859375 0.5634259265625 0.4378645828125 0.5634259265625 0.4378645828125 0.595 0.45859375 0.595
1 0.7435416671875 0.404259259375 0.7435416671875 0.3476851859375 0.7050520828125 0.3476851859375 0.7050520828125 0.404259259375 0.7435416671875 0.404259259375
1 0.77015625 0.0001851859375 0.77015625 0.054166667187499996 0.8040104171875001 0.054166667187499996 0.8040104171875001 0.0001851859375 0.77015625 0.0001851859375
1 0.7402083328125 0.029074073437499997 0.7402083328125 0.09074074062500001 0.7753125 0.09074074062500001 0.7753125 0.029074073437499997 0.7402083328125 0.029074073437499997
1 0.7376041671875 0.1653703703125 0.7376041671875 0.08694444375 0.7063541671875 0.08694444375 0.7063541671875 0.1653703703125 0.7376041671875 0.1653703703125
1 0.70421875 0.20648148125 0.70421875 0.14481481406250002 0.6772395828125 0.14481481406250002 0.6772395828125 0.20648148125 0.70421875 0.20648148125
1 0.7170833328125 0.0838888890625 0.7170833328125 0.0298148140625 0.6870833328125 0.0298148140625 0.6870833328125 0.0838888890625 0.7170833328125 0.0838888890625
1 0.9996354171874999 0.8658333328125 0.9996354171874999 0.7321296296875001 0.93515625 0.7321296296875001 0.93515625 0.8658333328125 0.9996354171874999 0.8658333328125
1 0.9980729171875 0.68851851875 0.9980729171875 0.6175925921875 0.9397916671875001 0.6175925921875 0.9397916671875001 0.68851851875 0.9980729171875 0.68851851875
1 0.9320833328125 0.21101851875 0.9320833328125 0.314722221875 0.9949999999999999 0.314722221875 0.9949999999999999 0.21101851875 0.9320833328125 0.21101851875
2 0.5202083328125 0.5429629625 0.5202083328125 0.4326851859375 0.48703124999999997 0.4326851859375 0.48703124999999997 0.5429629625 0.5202083328125 0.5429629625
1 0.65515625 0.37351851875 0.65515625 0.335277778125 0.5791666671875 0.335277778125 0.5791666671875 0.37351851875 0.65515625 0.37351851875
1 0.65515625 0.40361111093749996 0.65515625 0.3759259265625 0.5741666671875 0.3759259265625 0.5741666671875 0.40361111093749996 0.65515625 0.40361111093749996
1 0.571875 0.40444444375 0.571875 0.42472222187500003 0.6565104171875 0.42472222187500003 0.6565104171875 0.40444444375 0.571875 0.40444444375
1 0.655625 0.4434259265625 0.655625 0.428796296875 0.5704687500000001 0.428796296875 0.5704687500000001 0.4434259265625 0.655625 0.4434259265625
1 0.6546875 0.470277778125 0.6546875 0.44749999999999995 0.5695833328125001 0.44749999999999995 0.5695833328125001 0.470277778125 0.6546875 0.470277778125
1 0.655625 0.4923148140625 0.655625 0.47194444375 0.5704687500000001 0.47194444375 0.5704687500000001 0.4923148140625 0.655625 0.4923148140625
1 0.6523958328125 0.5166666671875 0.6523958328125 0.5003703703125 0.57140625 0.5003703703125 0.57140625 0.5166666671875 0.6523958328125 0.5166666671875
1 0.6546875 0.5426851859374999 0.6546875 0.5166666671875 0.57140625 0.5166666671875 0.57140625 0.5426851859374999 0.6546875 0.5426851859374999
1 0.65421875 0.564722221875 0.65421875 0.54351851875 0.57140625 0.54351851875 0.57140625 0.564722221875 0.65421875 0.564722221875
1 0.655625 0.5875 0.655625 0.5630555562499999 0.5745833328125001 0.5630555562499999 0.5745833328125001 0.5875 0.655625 0.5875
1 0.6528645828124999 0.6053703703125 0.6528645828124999 0.5899074078125001 0.5796354171875 0.5899074078125001 0.5796354171875 0.6053703703125 0.6528645828124999 0.6053703703125
1 0.7045833328125 0.3881481484375 0.7045833328125 0.3596296296875 0.68671875 0.3596296296875 0.68671875 0.3881481484375 0.7045833328125 0.3881481484375
1 0.6839583328125001 0.389722221875 0.6839583328125001 0.36944444375 0.6757291671875 0.36944444375 0.6757291671875 0.389722221875 0.6839583328125001 0.389722221875