1 0.76046875 0.278125 0.76046875 0.1341666671875 0.51609375 0.1341666671875 0.51609375 0.278125 0.76046875 0.278125
1 0.8371875 0.3272916671875 0.8371875 0.2327083328125 0.76046875 0.2327083328125 0.76046875 0.3272916671875 0.8371875 0.3272916671875
1 0.8926562499999999 0.34249999999999997 0.8926562499999999 0.270625 0.83859375 0.270625 0.83859375 0.34249999999999997 0.8926562499999999 0.34249999999999997
1 0.9295312499999999 0.3633333328125 0.9295312499999999 0.3083333328125 0.8996875 0.3083333328125 0.8996875 0.3633333328125 0.9295312499999999 0.3633333328125
1 0.9096875000000001 0.6552083328125 0.9096875000000001 0.579375 0.7107812499999999 0.579375 0.7107812499999999 0.6552083328125 0.9096875000000001 0.6552083328125
1 0.7334375 0.6058333328125001 0.7334375 0.52625 0.5743750000000001 0.52625 0.5743750000000001 0.6058333328125001 0.7334375 0.6058333328125001
1 0.33984375 0.6191666671875 0.33984375 0.8787499999999999 0.72921875 0.8787499999999999 0.72921875 0.6191666671875 0.33984375 0.6191666671875
1 0.8203125 0.0027083328125 0.8203125 0.07375000000000001 0.89234375 0.07375000000000001 0.89234375 0.0027083328125 0.8203125 0.0027083328125
1 0.9229687500000001 0.1185416671875 0.9229687500000001 0.0185416671875 0.88546875 0.0185416671875 0.88546875 0.1185416671875 0.9229687500000001 0.1185416671875
1 0.940625 0.16583333281249998 0.940625 0.0777083328125 0.921875 0.0777083328125 0.921875 0.16583333281249998 0.940625 0.16583333281249998
1 0.9634375000000001 0.2002083328125 0.9634375000000001 0.133125 0.94265625 0.133125 0.94265625 0.2002083328125 0.9634375000000001 0.2002083328125
1 0.9276562500000001 0.32979166718749997 0.9276562500000001 0.3764583328125 0.95375 0.3764583328125 0.95375 0.32979166718749997 0.9276562500000001 0.32979166718749997
1 0.72171875 0.531875 0.72171875 0.49145833281250006 0.60703125 0.49145833281250006 0.60703125 0.531875 0.72171875 0.531875
2 0.8965624999999999 0.354375 0.8965624999999999 0.6158333328125 0.97984375 0.6158333328125 0.97984375 0.354375 0.8965624999999999 0.354375
2 0.99609375 0.5545833328125 0.99609375 0.38145833281249997 0.9740624999999999 0.38145833281249997 0.9740624999999999 0.5545833328125 0.99609375 0.5545833328125
4 0.0884375 0.2647916671875 0.0884375 0.696875 0.34328125 0.696875 0.34328125 0.2647916671875 0.0884375 0.2647916671875
4 0.00390625 0.25187499999999996 0.00390625 0.7108333328125 0.08359375 0.7108333328125 0.08359375 0.25187499999999996 0.00390625 0.25187499999999996
4 0.9846875 0.3802083328125 0.9846875 0.1864583328125 0.89234375 0.1864583328125 0.89234375 0.3802083328125 0.9846875 0.3802083328125