1 0.68234375 0.1102083328125 0.68234375 0.07229166718749999 0.5628124999999999 0.07229166718749999 0.5628124999999999 0.1102083328125 0.68234375 0.1102083328125
1 0.76640625 0.1670833328125 0.76640625 0.118125 0.65390625 0.118125 0.65390625 0.1670833328125 0.76640625 0.1670833328125
1 0.514375 0.5820833328125 0.514375 0.50625 0.33796875000000004 0.50625 0.33796875000000004 0.5820833328125 0.514375 0.5820833328125
1 0.5510937499999999 0.55375 0.5510937499999999 0.50625 0.50609375 0.50625 0.50609375 0.55375 0.5510937499999999 0.55375
1 0.6375 0.5916666671875 0.6375 0.5283333328125 0.5582812500000001 0.5283333328125 0.5582812500000001 0.5916666671875 0.6375 0.5916666671875
1 0.6778125 0.6010416671875001 0.6778125 0.563125 0.64109375 0.563125 0.64109375 0.6010416671875001 0.6778125 0.6010416671875001
1 0.91578125 0.07375000000000001 0.91578125 0.023125 0.7631249999999999 0.023125 0.7631249999999999 0.07375000000000001 0.91578125 0.07375000000000001
1 0.920625 0.1572916671875 0.920625 0.1052083328125 0.77140625 0.1052083328125 0.77140625 0.1572916671875 0.920625 0.1572916671875
1 0.560625 0.1558333328125 0.560625 0.1052083328125 0.48125 0.1052083328125 0.48125 0.1558333328125 0.560625 0.1558333328125
1 0.66484375 0.18416666718750002 0.66484375 0.1416666671875 0.5653125 0.1416666671875 0.5653125 0.18416666718750002 0.66484375 0.18416666718750002
1 0.55578125 0.2189583328125 0.55578125 0.160625 0.48484375 0.160625 0.48484375 0.2189583328125 0.55578125 0.2189583328125
1 0.48 0.2379166671875 0.48 0.1872916671875 0.42328124999999994 0.1872916671875 0.42328124999999994 0.2379166671875 0.48 0.2379166671875
1 0.42078125 0.24583333281250003 0.42078125 0.2158333328125 0.38421875 0.2158333328125 0.38421875 0.24583333281250003 0.42078125 0.24583333281250003
1 0.42921875 0.1983333328125 0.42921875 0.1572916671875 0.37703125000000004 0.1572916671875 0.37703125000000004 0.1983333328125 0.42921875 0.1983333328125
1 0.42437500000000006 0.1589583328125 0.42437500000000006 0.11937500000000001 0.38421875 0.11937500000000001 0.38421875 0.1589583328125 0.42437500000000006 0.1589583328125
1 0.48953125000000003 0.1352083328125 0.48953125000000003 0.0958333328125 0.42437500000000006 0.0958333328125 0.42437500000000006 0.1352083328125 0.48953125000000003 0.1352083328125
1 0.48125 0.16833333281250001 0.48125 0.1447916671875 0.43624999999999997 0.1447916671875 0.43624999999999997 0.16833333281250001 0.48125 0.16833333281250001
1 0.48187499999999994 0.00041666718749999997 0.48187499999999994 0.0345833328125 0.54578125 0.0345833328125 0.54578125 0.00041666718749999997 0.48187499999999994 0.00041666718749999997
1 0.48609375000000005 0.078125 0.48609375000000005 0.021249999999999998 0.43218750000000006 0.021249999999999998 0.43218750000000006 0.078125 0.48609375000000005 0.078125
1 0.42796874999999995 0.1085416671875 0.42796874999999995 0.0420833328125 0.38953125 0.0420833328125 0.38953125 0.1085416671875 0.42796874999999995 0.1085416671875
1 0.3853125 0.129375 0.3853125 0.0877083328125 0.346875 0.0877083328125 0.346875 0.129375 0.3853125 0.129375
1 0.3440625 0.13874999999999998 0.3440625 0.11041666718750001 0.32421875 0.11041666718750001 0.32421875 0.13874999999999998 0.3440625 0.13874999999999998
1 0.385625 0.2772916671875 0.385625 0.25354166718750004 0.32140625 0.25354166718750004 0.32140625 0.2772916671875 0.385625 0.2772916671875
1 0.3915625 0.30354166718750003 0.3915625 0.2864583328125 0.35015625 0.2864583328125 0.35015625 0.30354166718750003 0.3915625 0.30354166718750003
1 0.35796875 0.31416666718749997 0.35796875 0.294375 0.31656249999999997 0.294375 0.31656249999999997 0.31416666718749997 0.35796875 0.31416666718749997
1 0.32140625 0.2852083328125 0.32140625 0.268125 0.29484374999999996 0.268125 0.29484374999999996 0.2852083328125 0.32140625 0.2852083328125
1 0.31953125 0.321875 0.31953125 0.2983333328125 0.30171875 0.2983333328125 0.30171875 0.321875 0.31953125 0.321875
1 0.38265625000000003 0.446875 0.38265625000000003 0.42729166718749995 0.3115625 0.42729166718749995 0.3115625 0.446875 0.38265625000000003 0.446875
1 0.34515625 0.48375 0.34515625 0.45875000000000005 0.31359375 0.45875000000000005 0.31359375 0.48375 0.34515625 0.48375
1 0.31656249999999997 0.4733333328125 0.31656249999999997 0.45083333281250004 0.291875 0.45083333281250004 0.291875 0.4733333328125 0.31656249999999997 0.4733333328125
1 0.26625 0.4575 0.26625 0.43645833281249996 0.1784375 0.43645833281249996 0.1784375 0.4575 0.26625 0.4575
1 0.25640625 0.421875 0.25640625 0.4114583328125 0.179375 0.4114583328125 0.179375 0.421875 0.25640625 0.421875
1 0.32734375 0.1535416671875 0.32734375 0.121875 0.30171875 0.121875 0.30171875 0.1535416671875 0.32734375 0.1535416671875
2 0.8807812500000001 0.7352083328125001 0.8807812500000001 0.075 0.65 0.075 0.65 0.7352083328125001 0.8807812500000001 0.7352083328125001
3 0.5553125 0.3039583328125 0.5553125 0.27625 0.49906249999999996 0.27625 0.49906249999999996 0.3039583328125 0.5553125 0.3039583328125
3 0.5532812500000001 0.325 0.5532812500000001 0.2960416671875 0.49312500000000004 0.2960416671875 0.49312500000000004 0.325 0.5532812500000001 0.325
3 0.55625 0.34729166718750004 0.55625 0.3158333328125 0.49703125000000004 0.3158333328125 0.49703125000000004 0.34729166718750004 0.55625 0.34729166718750004
3 0.5553125 0.375 0.5553125 0.336875 0.49406249999999996 0.336875 0.49406249999999996 0.375 0.5553125 0.375
3 0.021406249999999998 0.535625 0.021406249999999998 0.47791666718750003 0.0053124999999999995 0.47791666718750003 0.0053124999999999995 0.535625 0.021406249999999998 0.535625