1 0.91953125 0.4770833328125 0.91953125 0.4175 0.7201562499999999 0.4175 0.7201562499999999 0.4770833328125 0.91953125 0.4770833328125
1 0.9059375 0.65625 0.9059375 0.6141666671875 0.818125 0.6141666671875 0.818125 0.65625 0.9059375 0.65625
1 0.678125 0.6210416671875 0.678125 0.469375 0.6196875000000001 0.469375 0.6196875000000001 0.6210416671875 0.678125 0.6210416671875
1 0.9440625 0.321875 0.9440625 0.3135416671875 0.9229687500000001 0.3135416671875 0.9229687500000001 0.321875 0.9440625 0.321875
1 0.9685937499999999 0.32437499999999997 0.9685937499999999 0.3170833328125 0.9459375 0.3170833328125 0.9459375 0.32437499999999997 0.9685937499999999 0.32437499999999997
1 0.9454687500000001 0.3352083328125 0.9454687500000001 0.3279166671875 0.9229687500000001 0.3279166671875 0.9229687500000001 0.3352083328125 0.9454687500000001 0.3352083328125
1 0.96796875 0.3389583328125 0.96796875 0.3302083328125 0.9467187499999999 0.3302083328125 0.9467187499999999 0.3389583328125 0.96796875 0.3389583328125
1 0.9671875 0.3697916671875 0.9671875 0.3589583328125 0.9439062500000001 0.3589583328125 0.9439062500000001 0.3697916671875 0.9671875 0.3697916671875
1 0.99 0.37312500000000004 0.99 0.3641666671875 0.9690625 0.3641666671875 0.9690625 0.37312500000000004 0.99 0.37312500000000004
1 0.99 0.38708333281249996 0.99 0.3797916671875 0.9675 0.3797916671875 0.9675 0.38708333281249996 0.99 0.38708333281249996
1 0.9875 0.4002083328125 0.9875 0.3916666671875 0.9685937499999999 0.3916666671875 0.9685937499999999 0.4002083328125 0.9875 0.4002083328125
1 0.94453125 0.3808333328125 0.94453125 0.3729166671875 0.9271874999999999 0.3729166671875 0.9271874999999999 0.3808333328125 0.94453125 0.3808333328125
1 0.96546875 0.38416666718750003 0.96546875 0.378125 0.9475 0.378125 0.9475 0.38416666718750003 0.96546875 0.38416666718750003
3 0.69265625 0.4066666671875 0.69265625 0.3604166671875 0.66125 0.3604166671875 0.66125 0.4066666671875 0.69265625 0.4066666671875