1 0.69046875 0.4447916671875 0.69046875 0.339375 0.33421875 0.339375 0.33421875 0.4447916671875 0.69046875 0.4447916671875
1 0.7892187500000001 0.4 0.7892187500000001 0.339375 0.6865625 0.339375 0.6865625 0.4 0.7892187500000001 0.4
1 0.6825 0.5697916671875001 0.6825 0.464375 0.3490625 0.464375 0.3490625 0.5697916671875001 0.6825 0.5697916671875001
1 0.5059375 0.8960416671875 0.5059375 0.6487499999999999 0.15171874999999999 0.6487499999999999 0.15171874999999999 0.8960416671875 0.5059375 0.8960416671875
1 0.6756249999999999 0.7972916671875 0.6756249999999999 0.675 0.5079687500000001 0.675 0.5079687500000001 0.7972916671875 0.6756249999999999 0.7972916671875
1 0.84046875 0.5658333328125 0.84046875 0.5039583328125 0.7654687499999999 0.5039583328125 0.7654687499999999 0.5658333328125 0.84046875 0.5658333328125
1 0.8345312500000001 0.663125 0.8345312500000001 0.57625 0.7654687499999999 0.57625 0.7654687499999999 0.663125 0.8345312500000001 0.663125
1 0.89765625 0.6091666671875 0.89765625 0.5552083328124999 0.84046875 0.5552083328124999 0.84046875 0.6091666671875 0.89765625 0.6091666671875
1 0.8946875000000001 0.5118750000000001 0.8946875000000001 0.46979166718750004 0.8285937499999999 0.46979166718750004 0.8285937499999999 0.5118750000000001 0.8946875000000001 0.5118750000000001
1 0.00375 0.0064583328125 0.00375 0.1010416671875 0.24390625 0.1010416671875 0.24390625 0.0064583328125 0.00375 0.0064583328125
1 0.52671875 0.161875 0.52671875 0.0102083328125 0.24671875000000001 0.0102083328125 0.24671875000000001 0.161875 0.52671875 0.161875
1 0.69578125 0.22625 0.69578125 0.0954166671875 0.5337500000000001 0.0954166671875 0.5337500000000001 0.22625 0.69578125 0.22625
1 0.53515625 0.0045833328125 0.53515625 0.0954166671875 0.69578125 0.0954166671875 0.69578125 0.0045833328125 0.53515625 0.0045833328125
1 0.80375 0.165625 0.80375 0.0802083328125 0.69859375 0.0802083328125 0.69859375 0.165625 0.80375 0.165625
1 0.81078125 0.2697916671875 0.81078125 0.176875 0.68296875 0.176875 0.68296875 0.2697916671875 0.81078125 0.2697916671875
1 0.8528125 0.30354166718750003 0.8528125 0.23125 0.8045312499999999 0.23125 0.8045312499999999 0.30354166718750003 0.8528125 0.30354166718750003
1 0.9021874999999999 0.3260416671875 0.9021874999999999 0.270625 0.85671875 0.270625 0.85671875 0.3260416671875 0.9021874999999999 0.3260416671875
1 0.8982812499999999 0.2510416671875 0.8982812499999999 0.1983333328125 0.8103125 0.1983333328125 0.8103125 0.2510416671875 0.8982812499999999 0.2510416671875
1 0.851875 0.0852083328125 0.851875 0.13916666718749998 0.91890625 0.13916666718749998 0.91890625 0.0852083328125 0.851875 0.0852083328125
1 0.75546875 0.00375 0.75546875 0.0947916671875 0.8975 0.0947916671875 0.8975 0.00375 0.75546875 0.00375
1 0.9376562500000001 0.1795833328125 0.9376562500000001 0.12041666718749999 0.9081250000000001 0.12041666718749999 0.9081250000000001 0.1795833328125 0.9376562500000001 0.1795833328125
1 0.9253125000000001 0.3439583328125 0.9253125000000001 0.3002083328125 0.898125 0.3002083328125 0.898125 0.3439583328125 0.9253125000000001 0.3439583328125
1 0.92125 0.2770833328125 0.92125 0.23333333281250002 0.89578125 0.23333333281250002 0.89578125 0.2770833328125 0.92125 0.2770833328125
1 0.9467187499999999 0.30354166718750003 0.9467187499999999 0.26937500000000003 0.9204687500000001 0.26937500000000003 0.9204687500000001 0.30354166718750003 0.9467187499999999 0.30354166718750003
1 0.9459375 0.35270833281249997 0.9459375 0.3133333328125 0.9253125000000001 0.3133333328125 0.9253125000000001 0.35270833281249997 0.9459375 0.35270833281249997
1 0.91796875 0.4185416671875 0.91796875 0.3835416671875 0.8817187499999999 0.3835416671875 0.8817187499999999 0.4185416671875 0.91796875 0.4185416671875
1 0.94265625 0.4185416671875 0.94265625 0.3966666671875 0.91953125 0.3966666671875 0.91953125 0.4185416671875 0.94265625 0.4185416671875
1 0.95734375 0.45145833281250003 0.95734375 0.43166666718749996 0.934375 0.43166666718749996 0.934375 0.45145833281250003 0.95734375 0.45145833281250003
1 0.960625 0.501875 0.960625 0.47458333281250004 0.934375 0.47458333281250004 0.934375 0.501875 0.960625 0.501875
1 0.95734375 0.5447916671875 0.95734375 0.5172916671875 0.936875 0.5172916671875 0.936875 0.5447916671875 0.95734375 0.5447916671875
1 0.9571875000000001 0.3433333328125 0.9571875000000001 0.3639583328125 0.9703125 0.3639583328125 0.9703125 0.3433333328125 0.9571875000000001 0.3433333328125
1 0.93828125 0.328125 0.93828125 0.3547916671875 0.95765625 0.3547916671875 0.95765625 0.328125 0.93828125 0.328125
1 0.9724999999999999 0.3447916671875 0.9724999999999999 0.31895833281249997 0.953125 0.31895833281249997 0.953125 0.3447916671875 0.9724999999999999 0.3447916671875
1 0.985625 0.37687499999999996 0.985625 0.3479166671875 0.9690625 0.3479166671875 0.9690625 0.37687499999999996 0.985625 0.37687499999999996
1 0.97484375 0.5260416671875 0.97484375 0.5016666671875 0.9571875000000001 0.5016666671875 0.9571875000000001 0.5260416671875 0.97484375 0.5260416671875
1 0.9821875 0.5002083328125 0.9821875 0.475 0.9610937500000001 0.475 0.9610937500000001 0.5002083328125 0.9821875 0.5002083328125
4 0.79609375 0.7083333328125 0.79609375 0.3891666671875 0.675 0.3891666671875 0.675 0.7083333328125 0.79609375 0.7083333328125
4 0.9298437500000001 0.57625 0.9298437500000001 0.40062499999999995 0.8778124999999999 0.40062499999999995 0.8778124999999999 0.57625 0.9298437500000001 0.57625
4 0.94609375 0.5647916671875 0.94609375 0.40458333281250003 0.9115624999999999 0.40458333281250003 0.9115624999999999 0.5647916671875 0.94609375 0.5647916671875
4 0.97140625 0.5289583328125 0.97140625 0.4158333328125 0.95 0.4158333328125 0.95 0.5289583328125 0.97140625 0.5289583328125
3 0.9979687500000001 0.32375 0.9979687500000001 0.2991666671875 0.9864062499999999 0.2991666671875 0.9864062499999999 0.32375 0.9979687500000001 0.32375
3 0.99875 0.35125 0.99875 0.32937500000000003 0.9884375000000001 0.32937500000000003 0.9884375000000001 0.35125 0.99875 0.35125
3 0.99875 0.3777083328125 0.99875 0.359375 0.985625 0.359375 0.985625 0.3777083328125 0.99875 0.3777083328125
3 0.9979687500000001 0.3960416671875 0.9979687500000001 0.38416666718750003 0.98703125 0.38416666718750003 0.98703125 0.3960416671875 0.9979687500000001 0.3960416671875
3 0.9979687500000001 0.4114583328125 0.9979687500000001 0.3960416671875 0.985625 0.3960416671875 0.985625 0.4114583328125 0.9979687500000001 0.4114583328125
3 0.99875 0.4279166671875 0.99875 0.4114583328125 0.985625 0.4114583328125 0.985625 0.4279166671875 0.99875 0.4279166671875
3 0.99875 0.44437499999999996 0.99875 0.4279166671875 0.9864062499999999 0.4279166671875 0.9864062499999999 0.44437499999999996 0.99875 0.44437499999999996
3 0.9979687500000001 0.46187500000000004 0.9979687500000001 0.44437499999999996 0.9864062499999999 0.44437499999999996 0.9864062499999999 0.46187500000000004 0.9979687500000001 0.46187500000000004
3 0.9979687500000001 0.4791666671875 0.9979687500000001 0.46187500000000004 0.9829687500000001 0.46187500000000004 0.9829687500000001 0.4791666671875 0.9979687500000001 0.4791666671875
3 0.99734375 0.495625 0.99734375 0.4791666671875 0.98359375 0.4791666671875 0.98359375 0.495625 0.99734375 0.495625
3 0.9979687500000001 0.5129166671875 0.9979687500000001 0.495625 0.9821875 0.495625 0.9821875 0.5129166671875 0.9979687500000001 0.5129166671875