1 0.961875 0.4329166671875 0.961875 0.3689583328125 0.57578125 0.3689583328125 0.57578125 0.4329166671875 0.961875 0.4329166671875
1 0.96484375 0.563125 0.96484375 0.47458333281250004 0.5796875 0.47458333281250004 0.5796875 0.563125 0.96484375 0.563125
1 0.74875 0 0.74875 0.0666666671875 0.8123437499999999 0.0666666671875 0.8123437499999999 0 0.74875 0
1 0.6725 0.133125 0.6725 0.0914583328125 0.639375 0.0914583328125 0.639375 0.133125 0.6725 0.133125
1 0.63828125 0.1539583328125 0.63828125 0.11875 0.6129687500000001 0.11875 0.6129687500000001 0.1539583328125 0.63828125 0.1539583328125
1 0.5962500000000001 0.1904166671875 0.5962500000000001 0.1579166671875 0.5728125000000001 0.1579166671875 0.5728125000000001 0.1904166671875 0.5962500000000001 0.1904166671875
3 0.99734375 0.2552083328125 0.99734375 0.2052083328125 0.9193749999999999 0.2052083328125 0.9193749999999999 0.2552083328125 0.99734375 0.2552083328125
3 0.99828125 0.460625 0.99828125 0.3039583328125 0.9520312499999999 0.3039583328125 0.9520312499999999 0.460625 0.99828125 0.460625
3 0.7940625 0.2972916671875 0.7940625 0.2408333328125 0.7535937500000001 0.2408333328125 0.7535937500000001 0.2972916671875 0.7940625 0.2972916671875
3 0.86421875 0.288125 0.86421875 0.24479166718749998 0.7931250000000001 0.24479166718749998 0.7931250000000001 0.288125 0.86421875 0.288125
3 0.07859374999999999 0.460625 0.07859374999999999 0.3066666671875 0.0026562499999999998 0.3066666671875 0.0026562499999999998 0.460625 0.07859374999999999 0.460625
3 0.12 0.3960416671875 0.12 0.34208333281250003 0.0696875 0.34208333281250003 0.0696875 0.3960416671875 0.12 0.3960416671875
3 0.13187500000000002 0.460625 0.13187500000000002 0.3960416671875 0.0696875 0.3960416671875 0.0696875 0.460625 0.13187500000000002 0.460625
3 0.14171875 0.44333333281250004 0.14171875 0.3908333328125 0.11421875 0.3908333328125 0.11421875 0.44333333281250004 0.14171875 0.44333333281250004
3 0.1575 0.42895833281250006 0.1575 0.3710416671875 0.12593749999999998 0.3710416671875 0.12593749999999998 0.42895833281250006 0.1575 0.42895833281250006
3 0.17734375 0.42895833281250006 0.17734375 0.3722916671875 0.15359375 0.3722916671875 0.15359375 0.42895833281250006 0.17734375 0.42895833281250006
3 0.20203125000000002 0.3829166671875 0.20203125000000002 0.35 0.14578125 0.35 0.14578125 0.3829166671875 0.20203125000000002 0.3829166671875
3 0.2009375 0.42895833281250006 0.2009375 0.385625 0.17328125 0.385625 0.17328125 0.42895833281250006 0.2009375 0.42895833281250006
3 0.04203125 0.1316666671875 0.04203125 0.2908333328125 0.094375 0.2908333328125 0.094375 0.1316666671875 0.04203125 0.1316666671875
3 0.04015625 0.21979166718749998 0.04015625 0.160625 0.006562500000000001 0.160625 0.006562500000000001 0.21979166718749998 0.04015625 0.21979166718749998
3 0.0026562499999999998 0.1027083328125 0.0026562499999999998 0.1670833328125 0.04015625 0.1670833328125 0.04015625 0.1027083328125 0.0026562499999999998 0.1027083328125
3 0.14171875 0.2947916671875 0.14171875 0.24479166718749998 0.09828125 0.24479166718749998 0.09828125 0.2947916671875 0.14171875 0.2947916671875
3 0.19203125000000001 0.2710416671875 0.19203125000000001 0.2289583328125 0.15859375 0.2289583328125 0.15859375 0.2710416671875 0.19203125000000001 0.2710416671875
3 0.18328125 0.3039583328125 0.18328125 0.2683333328125 0.1575 0.2683333328125 0.1575 0.3039583328125 0.18328125 0.3039583328125
3 0.319375 0.4158333328125 0.319375 0.3697916671875 0.2809375 0.3697916671875 0.2809375 0.4158333328125 0.319375 0.4158333328125
3 0.7634375 0.3039583328125 0.7634375 0.26437499999999997 0.72109375 0.26437499999999997 0.72109375 0.3039583328125 0.7634375 0.3039583328125
3 0.71703125 0.2947916671875 0.71703125 0.2658333328125 0.655 0.2658333328125 0.655 0.2947916671875 0.71703125 0.2947916671875