1 0.9168749999999999 0.6258333328125001 0.9168749999999999 0.5097916671875 0.7478125 0.5097916671875 0.7478125 0.6258333328125001 0.9168749999999999 0.6258333328125001
1 0.6040625000000001 0.3325 0.6040625000000001 0.3025 0.53171875 0.3025 0.53171875 0.3325 0.6040625000000001 0.3325
1 0.66671875 0.2595833328125 0.66671875 0.2491666671875 0.64609375 0.2491666671875 0.64609375 0.2595833328125 0.66671875 0.2595833328125
1 0.69015625 0.2647916671875 0.69015625 0.2529166671875 0.670625 0.2529166671875 0.670625 0.2647916671875 0.69015625 0.2647916671875
1 0.68625 0.286875 0.68625 0.27375 0.66671875 0.27375 0.66671875 0.286875 0.68625 0.286875
1 0.68625 0.29854166718749997 0.68625 0.288125 0.66671875 0.288125 0.66671875 0.29854166718749997 0.68625 0.29854166718749997
1 0.6637500000000001 0.2947916671875 0.6637500000000001 0.28291666718749997 0.6442187500000001 0.28291666718749997 0.6442187500000001 0.2947916671875 0.6637500000000001 0.2947916671875
1 0.6628125 0.30520833281250004 0.6628125 0.2960416671875 0.64328125 0.2960416671875 0.64328125 0.30520833281250004 0.6628125 0.30520833281250004
1 0.6853125 0.3104166671875 0.6853125 0.29854166718749997 0.665625 0.29854166718749997 0.665625 0.3104166671875 0.6853125 0.3104166671875
1 0.6578125 0.3377083328125 0.6578125 0.32458333281249996 0.6403125000000001 0.32458333281249996 0.6403125000000001 0.3377083328125 0.6578125 0.3377083328125
1 0.6832812500000001 0.3429166671875 0.6832812500000001 0.3285416671875 0.65890625 0.3285416671875 0.65890625 0.3429166671875 0.6832812500000001 0.3429166671875
1 0.656875 0.3508333328125 0.656875 0.33645833281250004 0.639375 0.33645833281250004 0.639375 0.3508333328125 0.656875 0.3508333328125
1 0.6793750000000001 0.3545833328125 0.6793750000000001 0.3429166671875 0.65890625 0.3429166671875 0.65890625 0.3545833328125 0.6793750000000001 0.3545833328125
1 0.6715625000000001 0.20729166718749997 0.6715625000000001 0.195625 0.6490625 0.195625 0.6490625 0.20729166718749997 0.6715625000000001 0.20729166718749997
2 0.6403125000000001 0.399375 0.6403125000000001 0.27375 0.59328125 0.27375 0.59328125 0.399375 0.6403125000000001 0.399375
1 0.9949999999999999 0.576875 0.9949999999999999 0.5439583328125 0.946875 0.5439583328125 0.946875 0.576875 0.9949999999999999 0.576875