1 0.95484375 0.5411111109375 0.95484375 0.46342592656250003 0.8567708328125001 0.46342592656250003 0.8567708328125001 0.5411111109375 0.95484375 0.5411111109375
1 0.9995833328125 0.520277778125 0.9995833328125 0.4463888890625 0.9591145828125001 0.4463888890625 0.9591145828125001 0.520277778125 0.9995833328125 0.520277778125
1 0.9665625 0.6624074078125 0.9665625 0.5675925921875 0.8567708328125001 0.5675925921875 0.8567708328125001 0.6624074078125 0.9665625 0.6624074078125
1 0.9591145828125001 0.8612962968750001 0.9591145828125001 0.7343518515625 0.8599479171875 0.7343518515625 0.8599479171875 0.8612962968750001 0.9591145828125001 0.8612962968750001
1 0.86421875 0.7647222218749999 0.86421875 0.681296296875 0.79921875 0.681296296875 0.79921875 0.7647222218749999 0.86421875 0.7647222218749999
1 0.9995833328125 0.188703703125 0.9995833328125 0.09398148125 0.9516145828125 0.09398148125 0.9516145828125 0.188703703125 0.9995833328125 0.188703703125
1 0.9995833328125 0.3288888890625 0.9995833328125 0.24175925937499998 0.9494791671874999 0.24175925937499998 0.9494791671874999 0.3288888890625 0.9995833328125 0.3288888890625
1 0.9516145828125 0.2493518515625 0.9516145828125 0.1470370375 0.8493229171875001 0.1470370375 0.8493229171875001 0.2493518515625 0.9516145828125 0.2493518515625
1 0.9505729171875 0.3554629625 0.9505729171875 0.2758333328125 0.8535937499999999 0.2758333328125 0.8535937499999999 0.3554629625 0.9505729171875 0.3554629625
1 0.8525 0.38194444375000003 0.8525 0.306203703125 0.7917708328125 0.306203703125 0.7917708328125 0.38194444375000003 0.8525 0.38194444375000003
1 0.7885416671875001 0.38194444375000003 0.7885416671875001 0.3383333328125 0.7533854171875001 0.3383333328125 0.7533854171875001 0.38194444375000003 0.7885416671875001 0.38194444375000003
1 0.7576562499999999 0.3308333328125 0.7576562499999999 0.2796296296875 0.7203645828125 0.2796296296875 0.7203645828125 0.3308333328125 0.7576562499999999 0.3308333328125
1 0.7789583328125 0.2625925921875 0.7789583328125 0.2171296296875 0.7182291671875001 0.2171296296875 0.7182291671875001 0.2625925921875 0.7789583328125 0.2625925921875
1 0.7533854171875001 0.39898148125 0.7533854171875001 0.35351851875 0.7171354171875 0.35351851875 0.7171354171875 0.39898148125 0.7533854171875001 0.39898148125
1 0.7211979171875 0.342777778125 0.7211979171875 0.2993518515625 0.6967708328125 0.2993518515625 0.6967708328125 0.342777778125 0.7211979171875 0.342777778125
1 0.7256770828125 0.40453703750000003 0.7256770828125 0.367777778125 0.6960416671874999 0.367777778125 0.6960416671874999 0.40453703750000003 0.7256770828125 0.40453703750000003
1 0.6990104171875 0.3479629625 0.6990104171875 0.311203703125 0.67234375 0.311203703125 0.67234375 0.3479629625 0.6990104171875 0.3479629625
1 0.6975520828125 0.407222221875 0.6975520828125 0.3690740734375 0.6753125 0.3690740734375 0.6753125 0.407222221875 0.6975520828125 0.407222221875
1 0.6738541671875 0.3625 0.6738541671875 0.3256481484375 0.6560937499999999 0.3256481484375 0.6560937499999999 0.3625 0.6738541671875 0.3625
1 0.6908854171875001 0.31509259218749996 0.6908854171875001 0.288796296875 0.6545833328125 0.288796296875 0.6545833328125 0.31509259218749996 0.6908854171875001 0.31509259218749996
1 0.6753125 0.413796296875 0.6753125 0.382222221875 0.6575520828125 0.382222221875 0.6575520828125 0.413796296875 0.6753125 0.413796296875
1 0.661875 0.42000000000000004 0.661875 0.38444444375 0.6480208328125 0.38444444375 0.6480208328125 0.42000000000000004 0.661875 0.42000000000000004
1 0.6464583328125 0.41824074062500005 0.6464583328125 0.3953703703125 0.6346354171875 0.3953703703125 0.6346354171875 0.41824074062500005 0.6464583328125 0.41824074062500005
1 0.6516145828125001 0.3734259265625 0.6516145828125001 0.35055555625 0.6320833328125001 0.35055555625 0.6320833328125001 0.3734259265625 0.6516145828125001 0.3734259265625
1 0.6557291671875001 0.3396296296875 0.6557291671875001 0.3131481484375 0.6315625 0.3131481484375 0.6315625 0.3396296296875 0.6557291671875001 0.3396296296875
1 0.7318229171875 0.4766666671875 0.7318229171875 0.4483333328125 0.6341666671875 0.4483333328125 0.6341666671875 0.4766666671875 0.7318229171875 0.4766666671875
1 0.6356770828125 0.41 0.6356770828125 0.38805555625 0.6141145828125001 0.38805555625 0.6141145828125001 0.41 0.6356770828125 0.41
1 0.6320833328125001 0.370740740625 0.6320833328125001 0.358796296875 0.6135937499999999 0.358796296875 0.6135937499999999 0.370740740625 0.6320833328125001 0.370740740625
1 0.6552083328125 0.25555555625 0.6552083328125 0.22722222187500002 0.6459895828125 0.22722222187500002 0.6459895828125 0.25555555625 0.6552083328125 0.25555555625
1 0.6459895828125 0.2701851859375 0.6459895828125 0.24092592656249998 0.6346354171875 0.24092592656249998 0.6346354171875 0.2701851859375 0.6459895828125 0.2701851859375
1 0.6567708328124999 0.22999999999999998 0.6567708328124999 0.1971296296875 0.6320833328125001 0.1971296296875 0.6320833328125001 0.22999999999999998 0.6567708328124999 0.22999999999999998
1 0.6976041671875 0.2116666671875 0.6976041671875 0.16555555625 0.6717187499999999 0.16555555625 0.6717187499999999 0.2116666671875 0.6976041671875 0.2116666671875
1 0.6902083328125 0.1300925921875 0.6902083328125 0.1813888890625 0.7265104171875 0.1813888890625 0.7265104171875 0.1300925921875 0.6902083328125 0.1300925921875
1 0.803125 0.11509259218750001 0.803125 0.0348148140625 0.7476041671875 0.0348148140625 0.7476041671875 0.11509259218750001 0.803125 0.11509259218750001
1 0.746875 0.1625 0.746875 0.0953703703125 0.7142708328125 0.0953703703125 0.7142708328125 0.1625 0.746875 0.1625
1 0.7535416671874999 0.0926851859375 0.7535416671874999 0.0243518515625 0.71578125 0.0243518515625 0.71578125 0.0926851859375 0.7535416671874999 0.0926851859375
1 0.7246354171875 0.0926851859375 0.7246354171875 0.028240740625 0.690625 0.028240740625 0.690625 0.0926851859375 0.7246354171875 0.0926851859375
1 0.7943749999999999 0.0022222218750000003 0.7943749999999999 0.0448148140625 0.8467708328124999 0.0448148140625 0.8467708328124999 0.0022222218750000003 0.7943749999999999 0.0022222218750000003
1 0.4653645828125 0.5395370374999999 0.4653645828125 0.5143518515625 0.4041145828125 0.5143518515625 0.4041145828125 0.5395370374999999 0.4653645828125 0.5395370374999999
1 0.4636979171875 0.5775925921875 0.4636979171875 0.5501851859375 0.41015625 0.5501851859375 0.41015625 0.5775925921875 0.4636979171875 0.5775925921875
1 0.19343749999999998 0.8102777781249999 0.19343749999999998 0.694259259375 0.0655208328125 0.694259259375 0.0655208328125 0.8102777781249999 0.19343749999999998 0.8102777781249999
1 0.1985416671875 0.28500000000000003 0.1985416671875 0.2304629625 0.0936458328125 0.2304629625 0.0936458328125 0.28500000000000003 0.1985416671875 0.28500000000000003
1 0.19468749999999999 0.353240740625 0.19468749999999999 0.28953703750000004 0.10135416718750001 0.28953703750000004 0.10135416718750001 0.353240740625 0.19468749999999999 0.353240740625
1 0.1000520828125 0.3304629625 0.1000520828125 0.21000000000000002 0.0003125 0.21000000000000002 0.0003125 0.3304629625 0.1000520828125 0.3304629625
1 0.2444791671875 0.36990740781250003 0.2444791671875 0.30537037031250003 0.18307291718750002 0.30537037031250003 0.18307291718750002 0.36990740781250003 0.2444791671875 0.36990740781250003
1 0.27999999999999997 0.373796296875 0.27999999999999997 0.33694444375 0.23854166718749997 0.33694444375 0.23854166718749997 0.373796296875 0.27999999999999997 0.373796296875
1 0.2815104171875 0.5606481484375 0.2815104171875 0.5106481484375001 0.23635416718750002 0.5106481484375001 0.23635416718750002 0.5606481484375 0.2815104171875 0.5606481484375
1 0.28072916718749996 0.6936111109375 0.28072916718749996 0.6212037031250001 0.2370833328125 0.6212037031250001 0.2370833328125 0.6936111109375 0.28072916718749996 0.6936111109375
1 0.3147916671875 0.5843518515625 0.3147916671875 0.5436111109375 0.2792708328125 0.5436111109375 0.2792708328125 0.5843518515625 0.3147916671875 0.5843518515625
1 0.33328125000000003 0.5106481484375001 0.33328125000000003 0.4725 0.2755729171875 0.4725 0.2755729171875 0.5106481484375001 0.33328125000000003 0.5106481484375001
1 0.33109375 0.5619444437500001 0.33109375 0.53305555625 0.3103645828125 0.53305555625 0.3103645828125 0.5619444437500001 0.33109375 0.5619444437500001
1 0.33406250000000004 0.631759259375 0.33406250000000004 0.5896296296875 0.31109375 0.5896296296875 0.31109375 0.631759259375 0.33406250000000004 0.631759259375
1 0.31109375 0.652777778125 0.31109375 0.5896296296875 0.2815104171875 0.5896296296875 0.2815104171875 0.652777778125 0.31109375 0.652777778125
1 0.3458854171875 0.5567592593749999 0.3458854171875 0.5212037031250001 0.328125 0.5212037031250001 0.328125 0.5567592593749999 0.3458854171875 0.5567592593749999
1 0.36734374999999997 0.5920370375 0.36734374999999997 0.5554629624999999 0.3508854171875 0.5554629624999999 0.3508854171875 0.5920370375 0.36734374999999997 0.5920370375
1 0.3647916671875 0.515277778125 0.3647916671875 0.48509259218749995 0.3447395828125 0.48509259218749995 0.3447395828125 0.515277778125 0.3647916671875 0.515277778125
1 0.3293229171875 0.3654629625 0.3293229171875 0.40101851875000005 0.3452604171875 0.40101851875000005 0.3452604171875 0.3654629625 0.3293229171875 0.3654629625
1 0.3118229171875 0.356296296875 0.3118229171875 0.3891666671875 0.32776041718750004 0.3891666671875 0.32776041718750004 0.356296296875 0.3118229171875 0.356296296875
1 0.2789583328125 0.34898148125 0.2789583328125 0.388240740625 0.31078125 0.388240740625 0.31078125 0.34898148125 0.2789583328125 0.34898148125
1 0.3144270828125 0.319722221875 0.3144270828125 0.28500000000000003 0.24140625 0.28500000000000003 0.24140625 0.319722221875 0.3144270828125 0.319722221875
1 0.34421875 0.3499074078125 0.34421875 0.3178703703125 0.323125 0.3178703703125 0.323125 0.3499074078125 0.34421875 0.3499074078125
1 0.3683854171875 0.40833333281249995 0.3683854171875 0.378240740625 0.3431770828125 0.378240740625 0.3431770828125 0.40833333281249995 0.3683854171875 0.40833333281249995
1 0.3879166671875 0.5098148140625 0.3879166671875 0.48055555625 0.35859375 0.48055555625 0.35859375 0.5098148140625 0.3879166671875 0.5098148140625
1 0.3873958328125 0.57555555625 0.3873958328125 0.541759259375 0.3755729171875 0.541759259375 0.3755729171875 0.57555555625 0.3873958328125 0.57555555625
1 0.3755729171875 0.5883333328125 0.3755729171875 0.5463888890625 0.3632291671875 0.5463888890625 0.3632291671875 0.5883333328125 0.3755729171875 0.5883333328125
1 0.15671875 0.0031481484375 0.15671875 0.0623148140625 0.23151041718749998 0.0623148140625 0.23151041718749998 0.0031481484375 0.15671875 0.0031481484375
1 0.27 0.13731481406249998 0.27 0.0281481484375 0.2226041671875 0.0281481484375 0.2226041671875 0.13731481406249998 0.27 0.13731481406249998
1 0.3077083328125 0.1741666671875 0.3077083328125 0.10574074062500001 0.2714583328125 0.10574074062500001 0.2714583328125 0.1741666671875 0.3077083328125 0.1741666671875
1 0.3055208328125 0.10842592656250001 0.3055208328125 0.043888889062500006 0.27515625 0.043888889062500006 0.27515625 0.10842592656250001 0.3055208328125 0.10842592656250001
1 0.27291666718749996 0.0031481484375 0.27291666718749996 0.045277778125 0.3077083328125 0.045277778125 0.3077083328125 0.0031481484375 0.27291666718749996 0.0031481484375
1 0.31328125 0.0026851859375 0.31328125 0.0465740734375 0.3434895828125 0.0465740734375 0.3434895828125 0.0026851859375 0.31328125 0.0026851859375
1 0.3299479171875 0.1211111109375 0.3299479171875 0.054259259375 0.3015625 0.054259259375 0.3015625 0.1211111109375 0.3299479171875 0.1211111109375
1 0.325625 0.1375925921875 0.325625 0.0904629625 0.3040104171875 0.0904629625 0.3040104171875 0.1375925921875 0.325625 0.1375925921875
1 0.3274479171875 0.20444444375 0.3274479171875 0.145277778125 0.30093749999999997 0.145277778125 0.30093749999999997 0.20444444375 0.3274479171875 0.20444444375
1 0.3466145828125 0.230740740625 0.3466145828125 0.184722221875 0.32625000000000004 0.184722221875 0.32625000000000004 0.230740740625 0.3466145828125 0.230740740625
1 0.3213020828125 0.12990740781250001 0.3213020828125 0.173796296875 0.3453645828125 0.173796296875 0.3453645828125 0.12990740781250001 0.3213020828125 0.12990740781250001
1 0.32625000000000004 0.08601851875 0.32625000000000004 0.1233333328125 0.3453645828125 0.1233333328125 0.3453645828125 0.08601851875 0.32625000000000004 0.08601851875
1 0.3632291671875 0.1591666671875 0.3632291671875 0.11435185156250001 0.34630208281249997 0.11435185156250001 0.34630208281249997 0.1591666671875 0.3632291671875 0.1591666671875
1 0.3627083328125 0.2029629625 0.3627083328125 0.16648148125 0.3436979171875 0.16648148125 0.3436979171875 0.2029629625 0.3627083328125 0.2029629625
1 0.3606770828125 0.257777778125 0.3606770828125 0.21027777812499998 0.3421875 0.21027777812499998 0.3421875 0.257777778125 0.3606770828125 0.257777778125
1 0.3719791671875 0.27148148125 0.3719791671875 0.23500000000000001 0.36171875 0.23500000000000001 0.36171875 0.27148148125 0.3719791671875 0.27148148125
1 0.38125 0.279722221875 0.38125 0.25601851875000003 0.37145833281249996 0.25601851875000003 0.37145833281249996 0.279722221875 0.38125 0.279722221875
2 0.6528645828124999 0.5890740734375 0.6528645828124999 0.4096296296875 0.6053124999999999 0.4096296296875 0.6053124999999999 0.5890740734375 0.6528645828124999 0.5890740734375
4 0.7390104171874999 0.5900000000000001 0.7390104171874999 0.46388888906250003 0.6416145828125 0.46388888906250003 0.6416145828125 0.5900000000000001 0.7390104171874999 0.5900000000000001
4 0.6409374999999999 0.5640740734375 0.6409374999999999 0.46388888906250003 0.6326041671875 0.46388888906250003 0.6326041671875 0.5640740734375 0.6409374999999999 0.5640740734375
4 0.2505729171875 0.7266666671875 0.2505729171875 0.43824074062499996 0.0947916671875 0.43824074062499996 0.0947916671875 0.7266666671875 0.2505729171875 0.7266666671875
4 0.9991145828124999 0.870277778125 0.9991145828124999 0.48824074062499995 0.9522395828124999 0.48824074062499995 0.9522395828124999 0.870277778125 0.9991145828124999 0.870277778125
4 0.3301041671875 0.2765740734375 0.3301041671875 0.408240740625 0.3784375 0.408240740625 0.3784375 0.2765740734375 0.3301041671875 0.2765740734375
4 0.65 0.076296296875 0.65 0.2365740734375 0.6940104171875 0.2365740734375 0.6940104171875 0.076296296875 0.65 0.076296296875
1 0.6267708328125 0.3433333328125 0.6267708328125 0.3279629625 0.6116666671875 0.3279629625 0.6116666671875 0.3433333328125 0.6267708328125 0.3433333328125
1 0.6290625000000001 0.274259259375 0.6290625000000001 0.23351851875000001 0.6134895828125 0.23351851875000001 0.6134895828125 0.274259259375 0.6290625000000001 0.274259259375
1 0.6130208328125 0.4109259265625 0.6130208328125 0.393796296875 0.6025 0.393796296875 0.6025 0.4109259265625 0.6130208328125 0.4109259265625
1 0.6134895828125 0.38240740781250004 0.6134895828125 0.363703703125 0.6020833328124999 0.363703703125 0.6020833328124999 0.38240740781250004 0.6134895828125 0.38240740781250004
1 0.6116666671875 0.2929629625 0.6116666671875 0.2661111109375 0.6020833328124999 0.2661111109375 0.6020833328124999 0.2929629625 0.6116666671875 0.2929629625