1 0.78203125 0.6922916671875 0.78203125 0.6402083328125 0.63734375 0.6402083328125 0.63734375 0.6922916671875 0.78203125 0.6922916671875
1 0.9432812500000001 0.711875 0.9432812500000001 0.6558333328125 0.7771874999999999 0.6558333328125 0.7771874999999999 0.711875 0.9432812500000001 0.711875
1 1 0.6754166671874999 0.94140625 0.6754166671874999 0.94140625 0.7222916671874999 1 0.7222916671874999 1 0.6754166671874999
1 0 0.3416666671875 0.19359375 0.3416666671875 0.19359375 0.23875000000000002 0 0.23875000000000002 0 0.3416666671875
1 0 0 0 0.1591666671875 0.215 0.1591666671875 0.215 0 0 0
1 0.215 0 0.215 0.1252083328125 0.38421875 0.1252083328125 0.38421875 0 0.215 0
1 0.383125 0.24125000000000002 0.383125 0.1160416671875 0.213125 0.1160416671875 0.213125 0.24125000000000002 0.383125 0.24125000000000002
1 0.48968749999999994 0.2972916671875 0.48968749999999994 0.19437500000000002 0.3753125 0.19437500000000002 0.3753125 0.2972916671875 0.48968749999999994 0.2972916671875
1 0.37640625 0.395 0.37640625 0.3 0.18765625 0.3 0.18765625 0.395 0.37640625 0.395
1 0.48968749999999994 0.500625 0.48968749999999994 0.44333333281250004 0.3665625 0.44333333281250004 0.3665625 0.500625 0.48968749999999994 0.500625
1 0.48578124999999994 0.5983333328125 0.48578124999999994 0.5410416671875 0.36265625 0.5410416671875 0.36265625 0.5983333328125 0.48578124999999994 0.5983333328125
1 0.48296875000000006 0.7 0.48296875000000006 0.6375 0.3596875 0.6375 0.3596875 0.7 0.48296875000000006 0.7
1 0.5796875 0.44333333281250004 0.5796875 0.3897916671875 0.49359374999999994 0.3897916671875 0.49359374999999994 0.44333333281250004 0.5796875 0.44333333281250004
1 0.63828125 0.63875 0.63828125 0.5970833328125 0.57375 0.5970833328125 0.57375 0.63875 0.63828125 0.63875
1 0.639375 0.67 0.639375 0.6375 0.571875 0.6375 0.571875 0.67 0.639375 0.67
1 0.75859375 0.1904166671875 0.75859375 0.1266666671875 0.71171875 0.1266666671875 0.71171875 0.1904166671875 0.75859375 0.1904166671875
1 0.78296875 0.20729166718749997 0.78296875 0.1760416671875 0.755625 0.1760416671875 0.755625 0.20729166718749997 0.78296875 0.20729166718749997
1 0.6520312500000001 0.365 0.6520312500000001 0.2972916671875 0.5845312500000001 0.2972916671875 0.5845312500000001 0.365 0.6520312500000001 0.365
1 0.5034375 0.2710416671875 0.5034375 0.333125 0.585 0.333125 0.585 0.2710416671875 0.5034375 0.2710416671875
4 0.58265625 0.6839583328125001 0.58265625 0.4095833328125 0.47109375 0.4095833328125 0.47109375 0.6839583328125001 0.58265625 0.6839583328125001
4 0.37687499999999996 0.7135416671875 0.37687499999999996 0.3352083328125 0.19328125000000002 0.3352083328125 0.19328125000000002 0.7135416671875 0.37687499999999996 0.7135416671875
4 0.21531250000000002 0.7441666671875 0.21531250000000002 0.2852083328125 0.0028125 0.2852083328125 0.0028125 0.7441666671875 0.21531250000000002 0.7441666671875
3 0.729375 0.24895833281250002 0.729375 0.205625 0.65828125 0.205625 0.65828125 0.24895833281250002 0.729375 0.24895833281250002
3 0.729375 0.2897916671875 0.729375 0.2477083328125 0.6571875 0.2477083328125 0.6571875 0.2897916671875 0.729375 0.2897916671875
3 0.72046875 0.3202083328125 0.72046875 0.2897916671875 0.65625 0.2897916671875 0.65625 0.3202083328125 0.72046875 0.3202083328125
3 0.72046875 0.3635416671875 0.72046875 0.3202083328125 0.654375 0.3202083328125 0.654375 0.3635416671875 0.72046875 0.3635416671875
3 0.72046875 0.4016666671875 0.72046875 0.3635416671875 0.65234375 0.3635416671875 0.65234375 0.4016666671875 0.72046875 0.4016666671875
3 0.72140625 0.43583333281250003 0.72140625 0.4016666671875 0.65234375 0.4016666671875 0.65234375 0.43583333281250003 0.72140625 0.43583333281250003
3 0.7175 0.4727083328125 0.7175 0.4372916671875 0.65140625 0.4372916671875 0.65140625 0.4727083328125 0.7175 0.4727083328125
3 0.7175 0.506875 0.7175 0.4727083328125 0.64640625 0.4727083328125 0.64640625 0.506875 0.7175 0.506875
3 0.7145312500000001 0.5464583328125 0.7145312500000001 0.5083333328124999 0.64546875 0.5083333328124999 0.64546875 0.5464583328125 0.7145312500000001 0.5464583328125
3 0.713125 0.5802083328125 0.713125 0.5472916671875 0.64609375 0.5472916671875 0.64609375 0.5802083328125 0.713125 0.5802083328125
3 0.713125 0.6079166671875 0.713125 0.5802083328125 0.6431250000000001 0.5802083328125 0.6431250000000001 0.6079166671875 0.713125 0.6079166671875
3 0.70625 0.65 0.70625 0.6131249999999999 0.6431250000000001 0.6131249999999999 0.6431250000000001 0.65 0.70625 0.65
3 0.78515625 0.6658333328125 0.78515625 0.5591666671875 0.7071875000000001 0.5591666671875 0.7071875000000001 0.6658333328125 0.78515625 0.6658333328125
3 0.78625 0.563125 0.78625 0.5197916671875 0.70625 0.5197916671875 0.70625 0.563125 0.78625 0.563125
3 0.79015625 0.5091666671875 0.79015625 0.4777083328125 0.71421875 0.4777083328125 0.71421875 0.5091666671875 0.79015625 0.5091666671875
3 0.7931250000000001 0.47625 0.7931250000000001 0.4341666671875 0.71421875 0.4341666671875 0.71421875 0.47625 0.7931250000000001 0.47625
3 0.7970312500000001 0.43937499999999996 0.7970312500000001 0.4027083328125 0.713125 0.4027083328125 0.713125 0.43937499999999996 0.7970312500000001 0.43937499999999996
3 0.7970312500000001 0.4027083328125 0.7970312500000001 0.364375 0.713125 0.364375 0.713125 0.4027083328125 0.7970312500000001 0.4027083328125
3 0.7970312500000001 0.3697916671875 0.7970312500000001 0.3222916671875 0.7190624999999999 0.3222916671875 0.7190624999999999 0.3697916671875 0.7970312500000001 0.3697916671875
3 0.80390625 0.3341666671875 0.80390625 0.2816666671875 0.72109375 0.2816666671875 0.72109375 0.3341666671875 0.80390625 0.3341666671875
3 0.7990625 0.289375 0.7990625 0.24479166718749998 0.7229687499999999 0.24479166718749998 0.7229687499999999 0.289375 0.7990625 0.289375
3 0.80203125 0.23937499999999998 0.80203125 0.19875 0.7259375 0.19875 0.7259375 0.23937499999999998 0.80203125 0.23937499999999998
3 0.881875 0.2341666671875 0.881875 0.22374999999999998 0.8 0.22374999999999998 0.8 0.2341666671875 0.881875 0.2341666671875
3 0.8809374999999999 0.26437499999999997 0.8809374999999999 0.23937499999999998 0.8 0.23937499999999998 0.8 0.26437499999999997 0.8809374999999999 0.26437499999999997
3 0.8800000000000001 0.2816666671875 0.8800000000000001 0.26437499999999997 0.8 0.26437499999999997 0.8 0.2816666671875 0.8800000000000001 0.2816666671875
3 0.87890625 0.311875 0.87890625 0.286875 0.79609375 0.286875 0.79609375 0.311875 0.87890625 0.311875
3 0.87203125 0.3341666671875 0.87203125 0.311875 0.79609375 0.311875 0.79609375 0.3341666671875 0.87203125 0.3341666671875
3 0.87203125 0.364375 0.87203125 0.3341666671875 0.7931250000000001 0.3341666671875 0.7931250000000001 0.364375 0.87203125 0.364375
3 0.8690625000000001 0.385625 0.8690625000000001 0.364375 0.7931250000000001 0.364375 0.7931250000000001 0.385625 0.8690625000000001 0.385625
3 0.8690625000000001 0.414375 0.8690625000000001 0.38687499999999997 0.7970312500000001 0.38687499999999997 0.7970312500000001 0.414375 0.8690625000000001 0.414375
3 0.8660937499999999 0.44333333281250004 0.8660937499999999 0.414375 0.7970312500000001 0.414375 0.7970312500000001 0.44333333281250004 0.8660937499999999 0.44333333281250004
3 0.8729687500000001 0.4591666671875 0.8729687500000001 0.44333333281250004 0.79109375 0.44333333281250004 0.79109375 0.4591666671875 0.8729687500000001 0.4591666671875
3 0.868125 0.4947916671875 0.868125 0.4658333328125 0.79015625 0.4658333328125 0.79015625 0.4947916671875 0.868125 0.4947916671875
3 0.868125 0.54875 0.868125 0.4947916671875 0.78125 0.4947916671875 0.78125 0.54875 0.868125 0.54875
3 0.8660937499999999 0.5933333328125 0.8660937499999999 0.54875 0.78125 0.54875 0.78125 0.5933333328125 0.8660937499999999 0.5933333328125
3 0.8651562500000001 0.6289583328125 0.8651562500000001 0.5920833328125 0.7803125 0.5920833328125 0.7803125 0.6289583328125 0.8651562500000001 0.6289583328125
3 0.8631249999999999 0.6697916671875 0.8631249999999999 0.6289583328125 0.7803125 0.6289583328125 0.7803125 0.6697916671875 0.8631249999999999 0.6697916671875
3 0.9845312500000001 0.27770833281249996 0.9845312500000001 0.2210416671875 0.8759375 0.2210416671875 0.8759375 0.27770833281249996 0.9845312500000001 0.27770833281249996
3 0.9845312500000001 0.313125 0.9845312500000001 0.27770833281249996 0.8729687500000001 0.27770833281249996 0.8729687500000001 0.313125 0.9845312500000001 0.313125
3 0.9845312500000001 0.3552083328125 0.9845312500000001 0.313125 0.87203125 0.313125 0.87203125 0.3552083328125 0.9845312500000001 0.3552083328125
3 0.9824999999999999 0.3920833328125 0.9824999999999999 0.3552083328125 0.8660937499999999 0.3552083328125 0.8660937499999999 0.3920833328125 0.9824999999999999 0.3920833328125
3 0.97953125 0.4329166671875 0.97953125 0.3933333328125 0.86421875 0.3933333328125 0.86421875 0.4329166671875 0.97953125 0.4329166671875
3 0.9746874999999999 0.46979166718750004 0.9746874999999999 0.436875 0.8651562500000001 0.436875 0.8651562500000001 0.46979166718750004 0.9746874999999999 0.46979166718750004
3 0.97265625 0.5170833328125 0.97265625 0.46979166718750004 0.86421875 0.46979166718750004 0.86421875 0.5170833328125 0.97265625 0.5170833328125
3 0.97265625 0.5566666671875 0.97265625 0.5158333328125 0.8612500000000001 0.5158333328125 0.8612500000000001 0.5566666671875 0.97265625 0.5566666671875
3 0.96875 0.5947916671875 0.96875 0.5566666671875 0.8612500000000001 0.5566666671875 0.8612500000000001 0.5947916671875 0.96875 0.5947916671875
3 0.9529687499999999 0.6381249999999999 0.9529687499999999 0.5972916671874999 0.86421875 0.5972916671874999 0.86421875 0.6381249999999999 0.9529687499999999 0.6381249999999999
3 0.9440625 0.686875 0.9440625 0.6368750000000001 0.8621874999999999 0.6368750000000001 0.8621874999999999 0.686875 0.9440625 0.686875
3 0.994375 0.6472916671875 0.994375 0.589375 0.94703125 0.589375 0.94703125 0.6472916671875 0.994375 0.6472916671875
3 0.99828125 0.6908333328125 0.99828125 0.6420833328125 0.94703125 0.6420833328125 0.94703125 0.6908333328125 0.99828125 0.6908333328125
3 0.999375 0.6052083328125 0.999375 0.560625 0.9707812499999999 0.560625 0.9707812499999999 0.6052083328125 0.999375 0.6052083328125
3 0.999375 0.5579166671875 0.999375 0.5170833328125 0.9737500000000001 0.5170833328125 0.9737500000000001 0.5579166671875 0.999375 0.5579166671875
3 0.99828125 0.5091666671875 0.99828125 0.4777083328125 0.9707812499999999 0.4777083328125 0.9707812499999999 0.5091666671875 0.99828125 0.5091666671875
3 0.99828125 0.47104166718749996 0.99828125 0.436875 0.97171875 0.436875 0.97171875 0.47104166718749996 0.99828125 0.47104166718749996
3 0.99828125 0.4329166671875 0.99828125 0.3933333328125 0.9785937499999999 0.3933333328125 0.9785937499999999 0.4329166671875 0.99828125 0.4329166671875
3 0.99828125 0.3920833328125 0.99828125 0.3539583328125 0.98359375 0.3539583328125 0.98359375 0.3920833328125 0.99828125 0.3920833328125
3 0.99828125 0.35 0.99828125 0.3183333328125 0.9824999999999999 0.3183333328125 0.9824999999999999 0.35 0.99828125 0.35
3 0.99734375 0.313125 0.99734375 0.25666666718750003 0.9875 0.25666666718750003 0.9875 0.313125 0.99734375 0.313125
1 0.5 0.236875 0.5 0.288125 0.58265625 0.288125 0.58265625 0.236875 0.5 0.236875
1 0.5081249999999999 0.19958333281250001 0.5081249999999999 0.2570833328125 0.5896874999999999 0.2570833328125 0.5896874999999999 0.19958333281250001 0.5081249999999999 0.19958333281250001
1 0.50234375 0.1483333328125 0.50234375 0.22291666718749997 0.594375 0.22291666718749997 0.594375 0.1483333328125 0.50234375 0.1483333328125
1 0.5046875 0.115625 0.5046875 0.1870833328125 0.59546875 0.1870833328125 0.59546875 0.115625 0.5046875 0.115625
1 0.51390625 0.0691666671875 0.51390625 0.14208333281250002 0.6001562500000001 0.14208333281250002 0.6001562500000001 0.0691666671875 0.51390625 0.0691666671875
1 0.5990624999999999 0.1079166671875 0.5990624999999999 0.0270833328125 0.51625 0.0270833328125 0.51625 0.1079166671875 0.5990624999999999 0.1079166671875
1 0.6642187500000001 0.08625000000000001 0.6642187500000001 0.1452083328125 0.713125 0.1452083328125 0.713125 0.08625000000000001 0.6642187500000001 0.08625000000000001
1 0.6642187500000001 0.0566666671875 0.6642187500000001 0.11416666718749999 0.71421875 0.11416666718749999 0.71421875 0.0566666671875 0.6642187500000001 0.0566666671875
1 0.66296875 0.0302083328125 0.66296875 0.08625000000000001 0.71546875 0.08625000000000001 0.71546875 0.0302083328125 0.66296875 0.0302083328125
1 0.66890625 0.0022916671874999997 0.66890625 0.061250000000000006 0.713125 0.061250000000000006 0.713125 0.0022916671874999997 0.66890625 0.0022916671874999997
1 0.5990624999999999 0.021041667187499998 0.5990624999999999 0.09229166718750001 0.65953125 0.09229166718750001 0.65953125 0.021041667187499998 0.5990624999999999 0.021041667187499998
1 0.60484375 0.0008333328124999999 0.60484375 0.061250000000000006 0.6642187500000001 0.061250000000000006 0.6642187500000001 0.0008333328124999999 0.60484375 0.0008333328124999999
1 0.6234375 0.0054166671875 0.6234375 0.028749999999999998 0.6584375 0.028749999999999998 0.6584375 0.0054166671875 0.6234375 0.0054166671875