1 0.68140625 0.2360416671875 0.68140625 0.1822916671875 0.49312500000000004 0.1822916671875 0.49312500000000004 0.2360416671875 0.68140625 0.2360416671875
1 0.49421875000000004 0.2470833328125 0.49421875000000004 0.1902083328125 0.40671875 0.1902083328125 0.40671875 0.2470833328125 0.49421875000000004 0.2470833328125
1 0.40078125 0.26125 0.40078125 0.2122916671875 0.3225 0.2122916671875 0.3225 0.26125 0.40078125 0.26125
1 0.35812499999999997 0.22020833281250002 0.35812499999999997 0.18562499999999998 0.27749999999999997 0.18562499999999998 0.27749999999999997 0.22020833281250002 0.35812499999999997 0.22020833281250002
1 0.325 0.27875 0.325 0.228125 0.27171875 0.228125 0.27171875 0.27875 0.325 0.27875
1 0.26687500000000003 0.2866666671875 0.26687500000000003 0.24874999999999997 0.23015625 0.24874999999999997 0.23015625 0.2866666671875 0.26687500000000003 0.2866666671875
1 0.2325 0.2929166671875 0.2325 0.26125 0.199375 0.26125 0.199375 0.2929166671875 0.2325 0.2929166671875
1 0.27749999999999997 0.1491666671875 0.27749999999999997 0.0970833328125 0.23374999999999999 0.0970833328125 0.23374999999999999 0.1491666671875 0.27749999999999997 0.1491666671875
1 0.23374999999999999 0.1666666671875 0.23374999999999999 0.1222916671875 0.19468749999999999 0.1222916671875 0.19468749999999999 0.1666666671875 0.23374999999999999 0.1666666671875
1 0.33921875 0.114375 0.33921875 0.0560416671875 0.27749999999999997 0.0560416671875 0.27749999999999997 0.114375 0.33921875 0.114375
1 0.403125 0.0877083328125 0.403125 0.027708332812499997 0.32734375 0.027708332812499997 0.32734375 0.0877083328125 0.403125 0.0877083328125
1 0.4028125 0.0016666671875 0.4028125 0.0433333328125 0.5079687500000001 0.0433333328125 0.5079687500000001 0.0016666671875 0.4028125 0.0016666671875
1 0.57203125 0.5683333328125 0.57203125 0.5133333328125 0.3915625 0.5133333328125 0.3915625 0.5683333328125 0.57203125 0.5683333328125
1 0.1190625 0.2375 0.1190625 0.2133333328125 0.096875 0.2133333328125 0.096875 0.2375 0.1190625 0.2375
1 0.09859375000000001 0.2483333328125 0.09859375000000001 0.22749999999999998 0.0878125 0.22749999999999998 0.0878125 0.2483333328125 0.09859375000000001 0.2483333328125
1 0.08625000000000001 0.2539583328125 0.08625000000000001 0.2364583328125 0.07390624999999999 0.2364583328125 0.07390624999999999 0.2539583328125 0.08625000000000001 0.2539583328125
1 0.128125 0.32083333281250004 0.128125 0.2966666671875 0.10593749999999999 0.2966666671875 0.10593749999999999 0.32083333281250004 0.128125 0.32083333281250004
1 0.14375 0.3185416671875 0.14375 0.2922916671875 0.12890625 0.2922916671875 0.12890625 0.3185416671875 0.14375 0.3185416671875
1 0.1684375 0.19479166718750002 0.1684375 0.1716666671875 0.15031250000000002 0.1716666671875 0.15031250000000002 0.19479166718750002 0.1684375 0.19479166718750002
1 0.14625 0.2133333328125 0.14625 0.1827083328125 0.12984374999999998 0.1827083328125 0.12984374999999998 0.2133333328125 0.14625 0.2133333328125
1 0.91328125 0.2810416671875 0.91328125 0.248125 0.85078125 0.248125 0.85078125 0.2810416671875 0.91328125 0.2810416671875
1 0.85 0.2995833328125 0.85 0.2810416671875 0.7940625 0.2810416671875 0.7940625 0.2995833328125 0.85 0.2995833328125
1 0.7932812499999999 0.2975 0.7932812499999999 0.274375 0.74140625 0.274375 0.74140625 0.2975 0.7932812499999999 0.2975
1 0.80890625 0.2645833328125 0.80890625 0.24375 0.743125 0.24375 0.743125 0.2645833328125 0.80890625 0.2645833328125
1 0.7315625 0.265625 0.7315625 0.24375 0.67890625 0.24375 0.67890625 0.265625 0.7315625 0.265625
1 0.743125 0.2908333328125 0.743125 0.27229166718750003 0.69296875 0.27229166718750003 0.69296875 0.2908333328125 0.743125 0.2908333328125
1 0.90390625 0.19354166718750002 0.90390625 0.1666666671875 0.850625 0.1666666671875 0.850625 0.19354166718750002 0.90390625 0.19354166718750002
1 0.8459375 0.191875 0.8459375 0.15875 0.79140625 0.15875 0.79140625 0.191875 0.8459375 0.191875
1 0.7926562500000001 0.191875 0.7926562500000001 0.15875 0.73703125 0.15875 0.73703125 0.191875 0.7926562500000001 0.191875
1 0.6859375 0.3422916671875 0.6859375 0.280625 0.48453125 0.280625 0.48453125 0.3422916671875 0.6859375 0.3422916671875
1 0.45671875 0.18625 0.45671875 0.146875 0.37203125 0.146875 0.37203125 0.18625 0.45671875 0.18625
2 0.9067187499999999 0.47750000000000004 0.9067187499999999 0.2697916671875 0.8442187499999999 0.2697916671875 0.8442187499999999 0.47750000000000004 0.9067187499999999 0.47750000000000004
2 0.160625 0.22625 0.160625 0.5391666671875 0.2346875 0.5391666671875 0.2346875 0.22625 0.160625 0.22625
4 0.9018750000000001 0.6160416671875 0.9018750000000001 0.36604166718750003 0.68265625 0.36604166718750003 0.68265625 0.6160416671875 0.9018750000000001 0.6160416671875