1 0.00296875 0.0052083328125 0.00296875 0.19375 0.54359375 0.19375 0.54359375 0.0052083328125 0.00296875 0.0052083328125
1 0.7993750000000001 0.2733333328125 0.7993750000000001 0.1279166671875 0.5503125 0.1279166671875 0.5503125 0.2733333328125 0.7993750000000001 0.2733333328125
1 0.7515625 0.9260416671874999 0.7515625 0.7554166671875 0.54015625 0.7554166671875 0.54015625 0.9260416671874999 0.7515625 0.9260416671874999
1 0.74 0.6485416671875 0.74 0.7566666671875 0.89765625 0.7566666671875 0.89765625 0.6485416671875 0.74 0.6485416671875
1 0.9487500000000001 0.6541666671875 0.9487500000000001 0.5785416671875 0.8578125 0.5785416671875 0.8578125 0.6541666671875 0.9487500000000001 0.6541666671875
1 0.97046875 0.5945833328125001 0.97046875 0.5508333328125 0.945 0.5508333328125 0.945 0.5945833328125001 0.97046875 0.5945833328125001
1 0.9193749999999999 0.3452083328125 0.9193749999999999 0.253125 0.8364062499999999 0.253125 0.8364062499999999 0.3452083328125 0.9193749999999999 0.3452083328125
1 0.9667187500000001 0.3689583328125 0.9667187500000001 0.3097916671875 0.9203125 0.3097916671875 0.9203125 0.3689583328125 0.9667187500000001 0.3689583328125
1 0.94265625 0.108125 0.94265625 0.0160416671875 0.8826562499999999 0.0160416671875 0.8826562499999999 0.108125 0.94265625 0.108125
1 0.9771875 0.21000000000000002 0.9771875 0.1508333328125 0.9484375 0.1508333328125 0.9484375 0.21000000000000002 0.9771875 0.21000000000000002
1 0.9559374999999999 0.28125 0.9559374999999999 0.1366666671875 0.8292187500000001 0.1366666671875 0.8292187500000001 0.28125 0.9559374999999999 0.28125
1 0.98796875 0.3910416671875 0.98796875 0.348125 0.96484375 0.348125 0.96484375 0.3910416671875 0.98796875 0.3910416671875
1 0.9978125 0.393125 0.9978125 0.36583333281249997 0.9871874999999999 0.36583333281249997 0.9871874999999999 0.393125 0.9978125 0.393125