1 0.5779687499999999 0.3933333328125 0.5779687499999999 0.3460416671875 0.3825 0.3460416671875 0.3825 0.3933333328125 0.5779687499999999 0.3933333328125
1 0.3628125 0.5829166671875 0.3628125 0.5408333328125 0.27703125 0.5408333328125 0.27703125 0.5829166671875 0.3628125 0.5829166671875
1 0.3696875 0.5066666671875 0.3696875 0.47104166718749996 0.27203125 0.47104166718749996 0.27203125 0.5066666671875 0.3696875 0.5066666671875
1 0.37265625 0.43166666718749996 0.37265625 0.4027083328125 0.28390624999999997 0.4027083328125 0.28390624999999997 0.43166666718749996 0.37265625 0.43166666718749996
1 0.71703125 0.42625 0.71703125 0.4027083328125 0.6303124999999999 0.4027083328125 0.6303124999999999 0.42625 0.71703125 0.42625
1 0.9509375 0.8341666671875 0.9509375 0.6816666671875 0.80296875 0.6816666671875 0.80296875 0.8341666671875 0.9509375 0.8341666671875
1 0.999375 0.89125 0.999375 0.6602083328125 0.8998437499999999 0.6602083328125 0.8998437499999999 0.89125 0.999375 0.89125
1 0.15234375 0.6052083328125 0.15234375 0.5483333328125 0.010312499999999999 0.5483333328125 0.010312499999999999 0.6052083328125 0.15234375 0.6052083328125
2 0.74515625 0.5608333328125 0.74515625 0.3429166671875 0.6971875 0.3429166671875 0.6971875 0.5608333328125 0.74515625 0.5608333328125
4 0.3728125 0.383125 0.3728125 0.6139583328125 0.5739062500000001 0.6139583328125 0.5739062500000001 0.383125 0.3728125 0.383125
4 0.89515625 0.57125 0.89515625 0.38395833281249997 0.735625 0.38395833281249997 0.735625 0.57125 0.89515625 0.57125