1 0.53171875 0.1608333328125 0.53171875 0.001875 0.30765625 0.001875 0.30765625 0.1608333328125 0.53171875 0.1608333328125
1 0.3509375 0.1302083328125 0.3509375 0.001875 0.135625 0.001875 0.135625 0.1302083328125 0.3509375 0.1302083328125
1 0.410625 0.0404166671875 0.410625 0.17625 0.6759375000000001 0.17625 0.6759375000000001 0.0404166671875 0.410625 0.0404166671875
1 0.5490625 0.100625 0.5490625 0.2058333328125 0.77015625 0.2058333328125 0.77015625 0.100625 0.5490625 0.100625
1 0.764375 0.10187500000000001 0.764375 0.15958333281249998 0.8134375 0.15958333281249998 0.8134375 0.10187500000000001 0.764375 0.10187500000000001
1 0.7653125000000001 0.17124999999999999 0.7653125000000001 0.2352083328125 0.81734375 0.2352083328125 0.81734375 0.17124999999999999 0.7653125000000001 0.17124999999999999
1 0.8115625 0.14416666718749999 0.8115625 0.1929166671875 0.8673437500000001 0.1929166671875 0.8673437500000001 0.14416666718749999 0.8115625 0.14416666718749999
1 0.8057812500000001 0.200625 0.8057812500000001 0.2570833328125 0.8625 0.2570833328125 0.8625 0.200625 0.8057812500000001 0.200625
1 0.8490624999999999 0.22625 0.8490624999999999 0.2660416671875 0.89234375 0.2660416671875 0.89234375 0.22625 0.8490624999999999 0.22625
1 0.8731249999999999 0.2570833328125 0.8731249999999999 0.2891666671875 0.91640625 0.2891666671875 0.91640625 0.2570833328125 0.8731249999999999 0.2570833328125
1 0.91734375 0.27375 0.91734375 0.3045833328125 0.9356249999999999 0.3045833328125 0.9356249999999999 0.27375 0.91734375 0.27375
1 0.74515625 0.0108333328125 0.74515625 0.0814583328125 0.851875 0.0814583328125 0.851875 0.0108333328125 0.74515625 0.0108333328125
3 0.3875 0.661875 0.3875 0.54875 0.2246875 0.54875 0.2246875 0.661875 0.3875 0.661875
3 0.07671875 0.62625 0.07671875 0.5183333328125 0.0026562499999999998 0.5183333328125 0.0026562499999999998 0.62625 0.07671875 0.62625
3 0.07468749999999999 0.7027083328125 0.07468749999999999 0.62375 0.000625 0.62375 0.000625 0.7027083328125 0.07468749999999999 0.7027083328125
3 0.20390625 0.44604166718749994 0.20390625 0.36062500000000003 0.10328124999999999 0.36062500000000003 0.10328124999999999 0.44604166718749994 0.20390625 0.44604166718749994
3 0.29765625 0.4447916671875 0.29765625 0.361875 0.2009375 0.361875 0.2009375 0.4447916671875 0.29765625 0.4447916671875
3 0.38953125 0.37625000000000003 0.38953125 0.31062500000000004 0.25921875 0.31062500000000004 0.25921875 0.37625000000000003 0.38953125 0.37625000000000003
3 0.3884375 0.438125 0.3884375 0.375 0.28875 0.375 0.28875 0.438125 0.3884375 0.438125
3 0.4496875 0.3789583328125 0.4496875 0.31437499999999996 0.38156249999999997 0.31437499999999996 0.38156249999999997 0.3789583328125 0.4496875 0.3789583328125
3 0.4496875 0.4302083328125 0.4496875 0.3789583328125 0.38156249999999997 0.3789583328125 0.38156249999999997 0.4302083328125 0.4496875 0.4302083328125
3 0.5079687500000001 0.3802083328125 0.5079687500000001 0.3183333328125 0.4446875 0.3183333328125 0.4446875 0.3802083328125 0.5079687500000001 0.3802083328125
3 0.50890625 0.43166666718749996 0.50890625 0.3802083328125 0.4496875 0.3802083328125 0.4496875 0.43166666718749996 0.50890625 0.43166666718749996
3 0.5553125 0.3802083328125 0.5553125 0.31979166718749996 0.505 0.31979166718749996 0.505 0.3802083328125 0.5553125 0.3802083328125
3 0.5553125 0.42770833281250004 0.5553125 0.38166666718750003 0.506875 0.38166666718750003 0.506875 0.42770833281250004 0.5553125 0.42770833281250004
3 0.619375 0.42770833281250004 0.619375 0.339375 0.55234375 0.339375 0.55234375 0.42770833281250004 0.619375 0.42770833281250004
3 0.6490625 0.42895833281250006 0.6490625 0.39729166718750003 0.600625 0.39729166718750003 0.600625 0.42895833281250006 0.6490625 0.42895833281250006
3 0.7446875000000001 0.4341666671875 0.7446875000000001 0.3710416671875 0.6559375000000001 0.3710416671875 0.6559375000000001 0.4341666671875 0.7446875000000001 0.4341666671875
3 0.8207812499999999 0.4302083328125 0.8207812499999999 0.3920833328125 0.7496875000000001 0.3920833328125 0.7496875000000001 0.4302083328125 0.8207812499999999 0.4302083328125
3 0.78421875 0.57625 0.78421875 0.45 0.68359375 0.45 0.68359375 0.57625 0.78421875 0.57625
3 0.70828125 0.525 0.70828125 0.48020833281249997 0.62734375 0.48020833281249997 0.62734375 0.525 0.70828125 0.525
3 0.7121875 0.5472916671875 0.7121875 0.5237499999999999 0.62734375 0.5237499999999999 0.62734375 0.5472916671875 0.7121875 0.5472916671875
3 0.7121875 0.5722916671875 0.7121875 0.5472916671875 0.66484375 0.5472916671875 0.66484375 0.5722916671875 0.7121875 0.5722916671875
3 0.6470312500000001 0.5933333328125 0.6470312500000001 0.5237499999999999 0.57203125 0.5237499999999999 0.57203125 0.5933333328125 0.6470312500000001 0.5933333328125
3 0.59171875 0.6170833328125 0.59171875 0.5302083328125 0.43578124999999995 0.5302083328125 0.43578124999999995 0.6170833328125 0.59171875 0.6170833328125
3 0.9115624999999999 0.5777083328125 0.9115624999999999 0.4947916671875 0.8434375 0.4947916671875 0.8434375 0.5777083328125 0.9115624999999999 0.5777083328125
3 0.8059375 0.54875 0.8059375 0.47104166718749996 0.77828125 0.47104166718749996 0.77828125 0.54875 0.8059375 0.54875
3 0.8246874999999999 0.538125 0.8246874999999999 0.5 0.7990625 0.5 0.7990625 0.538125 0.8246874999999999 0.538125
3 0.8582812499999999 0.3960416671875 0.8582812499999999 0.36583333281249997 0.80984375 0.36583333281249997 0.80984375 0.3960416671875 0.8582812499999999 0.3960416671875
3 0.85421875 0.41312499999999996 0.85421875 0.3960416671875 0.811875 0.3960416671875 0.811875 0.41312499999999996 0.85421875 0.41312499999999996
3 0.85625 0.43166666718749996 0.85625 0.41312499999999996 0.8285937499999999 0.41312499999999996 0.8285937499999999 0.43166666718749996 0.85625 0.43166666718749996
3 0.72046875 0.0475 0.72046875 0.0135416671875 0.6546875 0.0135416671875 0.6546875 0.0475 0.72046875 0.0475
3 0.7212500000000001 0.060625 0.7212500000000001 0.0508333328125 0.6587500000000001 0.0508333328125 0.6587500000000001 0.060625 0.7212500000000001 0.060625
3 0.72375 0.088125 0.72375 0.060625 0.6587500000000001 0.060625 0.6587500000000001 0.088125 0.72375 0.088125
3 0.72375 0.1177083328125 0.72375 0.088125 0.67109375 0.088125 0.67109375 0.1177083328125 0.72375 0.1177083328125
3 0.65953125 0.0595833328125 0.65953125 0.0222916671875 0.6184375 0.0222916671875 0.6184375 0.0595833328125 0.65953125 0.0595833328125
3 0.65796875 0.0814583328125 0.65796875 0.060625 0.62015625 0.060625 0.62015625 0.0814583328125 0.65796875 0.0814583328125
1 0.9806250000000001 0.2320833328125 0.9806250000000001 0.20645833281249998 0.9340624999999999 0.20645833281249998 0.9340624999999999 0.2320833328125 0.9806250000000001 0.2320833328125