1 0.2 0.1070370375 0.2 0.0403703703125 0.1545833328125 0.0403703703125 0.1545833328125 0.1070370375 0.2 0.1070370375
1 0.1509375 0.14805555625 0.1509375 0.10833333281249999 0.12140625000000001 0.10833333281249999 0.12140625000000001 0.14805555625 0.1509375 0.14805555625
1 0.12140625000000001 0.173703703125 0.12140625000000001 0.12370370312500001 0.10625 0.12370370312500001 0.10625 0.173703703125 0.12140625000000001 0.173703703125
1 0.1077083328125 0.1826851859375 0.1077083328125 0.14555555625 0.096875 0.14555555625 0.096875 0.1826851859375 0.1077083328125 0.1826851859375
1 0.096875 0.19555555625 0.096875 0.15324074062499998 0.0824479171875 0.15324074062499998 0.0824479171875 0.19555555625 0.096875 0.19555555625
4 0.0009375 0.314722221875 0.0009375 0.44555555625 0.0860416671875 0.44555555625 0.0860416671875 0.314722221875 0.0009375 0.314722221875
4 0.0983333328125 0.45064814843749995 0.0983333328125 0.3224074078125 0.0803125 0.3224074078125 0.0803125 0.45064814843749995 0.0983333328125 0.45064814843749995
3 0.8875 0.564259259375 0.8875 0.183240740625 0.59171875 0.183240740625 0.59171875 0.564259259375 0.8875 0.564259259375
3 0.9988541671875 0.6298148140625 0.9988541671875 0.43694444375 0.7975520828125 0.43694444375 0.7975520828125 0.6298148140625 0.9988541671875 0.6298148140625
3 0.59609375 0.29444444375 0.59609375 0.21111111093749999 0.5119270828125 0.21111111093749999 0.5119270828125 0.29444444375 0.59609375 0.29444444375
3 0.59609375 0.36833333281249997 0.59609375 0.2963888890625 0.5119270828125 0.2963888890625 0.5119270828125 0.36833333281249997 0.59609375 0.36833333281249997
3 0.6014062499999999 0.44037037031250004 0.6014062499999999 0.3626851859375 0.51296875 0.3626851859375 0.51296875 0.44037037031250004 0.6014062499999999 0.44037037031250004
3 0.6014062499999999 0.5066666671875 0.6014062499999999 0.42712962968749996 0.5119270828125 0.42712962968749996 0.5119270828125 0.5066666671875 0.6014062499999999 0.5066666671875
3 0.8476041671875001 0.953796296875 0.8476041671875001 0.6393518515625 0.5566666671875 0.6393518515625 0.5566666671875 0.953796296875 0.8476041671875001 0.953796296875
3 0.8380208328125001 0.99694444375 0.8380208328125001 0.8112037031250001 0.5609375 0.8112037031250001 0.5609375 0.99694444375 0.8380208328125001 0.99694444375
3 1 0.808796296875 0.7780208328125 0.808796296875 0.7780208328125 0.9963888890625 1 0.9963888890625 1 0.808796296875
3 0.6866666671874999 0.9045370374999999 0.6866666671874999 0.5767592593749999 0.4991145828125 0.5767592593749999 0.4991145828125 0.9045370374999999 0.6866666671874999 0.9045370374999999
3 0.5450520828125 0.8325925921874999 0.5450520828125 0.543240740625 0.40640625 0.543240740625 0.40640625 0.8325925921874999 0.5450520828125 0.8325925921874999
3 0.41703124999999996 0.7529629625 0.41703124999999996 0.6165740734375 0.3808333328125 0.6165740734375 0.3808333328125 0.7529629625 0.41703124999999996 0.7529629625
3 0.4095833328125 0.5995370375 0.4095833328125 0.48962962968749996 0.3115104171875 0.48962962968749996 0.3115104171875 0.5995370375 0.4095833328125 0.5995370375
3 0.40744791718749995 0.6601851859375001 0.40744791718749995 0.5711111109375 0.3115104171875 0.5711111109375 0.3115104171875 0.6601851859375001 0.40744791718749995 0.6601851859375001
3 0.31578125 0.5691666671875 0.31578125 0.487777778125 0.26677083281249997 0.487777778125 0.26677083281249997 0.5691666671875 0.31578125 0.5691666671875
3 0.31578125 0.63555555625 0.31578125 0.5464814812500001 0.2774479171875 0.5464814812500001 0.2774479171875 0.63555555625 0.31578125 0.63555555625
3 0.28380208281249997 0.593796296875 0.28380208281249997 0.5388888890625 0.2518229171875 0.5388888890625 0.2518229171875 0.593796296875 0.28380208281249997 0.593796296875
3 0.2763541671875 0.5711111109375 0.2763541671875 0.5142592593749999 0.22734375 0.5142592593749999 0.22734375 0.5711111109375 0.2763541671875 0.5711111109375
3 0.2305208328125 0.559722221875 0.2305208328125 0.5142592593749999 0.2049479171875 0.5142592593749999 0.2049479171875 0.559722221875 0.2305208328125 0.559722221875
3 0.4138541671875 0.36648148125 0.4138541671875 0.2906481484375 0.2678125 0.2906481484375 0.2678125 0.36648148125 0.4138541671875 0.36648148125
3 0.465 0.4479629625 0.465 0.3588888890625 0.3211458328125 0.3588888890625 0.3211458328125 0.4479629625 0.465 0.4479629625
3 0.3243229171875 0.4309259265625 0.3243229171875 0.3570370375 0.27421875 0.3570370375 0.27421875 0.4309259265625 0.3243229171875 0.4309259265625
3 0.3434895828125 0.41009259218749994 0.3434895828125 0.2641666671875 0.22307291718750002 0.2641666671875 0.22307291718750002 0.41009259218749994 0.3434895828125 0.41009259218749994
3 0.2134895828125 0.37787037031250004 0.2134895828125 0.34750000000000003 0.1761979171875 0.34750000000000003 0.1761979171875 0.37787037031250004 0.2134895828125 0.37787037031250004
3 0.27208333281249997 0.45361111093749995 0.27208333281249997 0.40814814843749997 0.1783333328125 0.40814814843749997 0.1783333328125 0.45361111093749995 0.27208333281249997 0.45361111093749995
3 0.27421875 0.49148148125 0.27421875 0.4441666671875 0.1836458328125 0.4441666671875 0.1836458328125 0.49148148125 0.27421875 0.49148148125
3 0.23796875 0.5370370375 0.23796875 0.48962962968749996 0.1900520828125 0.48962962968749996 0.1900520828125 0.5370370375 0.23796875 0.5370370375
3 0.1825520828125 0.43851851875000003 0.1825520828125 0.40055555624999994 0.1697916671875 0.40055555624999994 0.1697916671875 0.43851851875000003 0.1825520828125 0.43851851875000003
3 0.1879166671875 0.468796296875 0.1879166671875 0.44037037031250004 0.1719270828125 0.44037037031250004 0.1719270828125 0.468796296875 0.1879166671875 0.468796296875
3 0.18895833281250002 0.5086111109375 0.18895833281250002 0.47259259218749994 0.1708333328125 0.47259259218749994 0.1708333328125 0.5086111109375 0.18895833281250002 0.5086111109375
3 0.1751041671875 0.4934259265625 0.1751041671875 0.4574074078125 0.1580729171875 0.4574074078125 0.1580729171875 0.4934259265625 0.1751041671875 0.4934259265625
3 0.21239583281250002 0.336203703125 0.21239583281250002 0.29444444375 0.1463541671875 0.29444444375 0.1463541671875 0.336203703125 0.21239583281250002 0.336203703125
3 0.1815104171875 0.3873148140625 0.1815104171875 0.336203703125 0.15057291718750002 0.336203703125 0.15057291718750002 0.3873148140625 0.1815104171875 0.3873148140625
3 0.14953125 0.3399074078125 0.14953125 0.3020370375 0.1346354171875 0.3020370375 0.1346354171875 0.3399074078125 0.14953125 0.3399074078125
3 0.15270833281250001 0.379722221875 0.15270833281250001 0.34185185156250003 0.14098958281250001 0.34185185156250003 0.14098958281250001 0.379722221875 0.15270833281250001 0.379722221875
3 0.1452604171875 0.37212962968749996 0.1452604171875 0.34185185156250003 0.1282291671875 0.34185185156250003 0.1282291671875 0.37212962968749996 0.1452604171875 0.37212962968749996
3 0.1335416671875 0.3304629625 0.1335416671875 0.30583333281249997 0.12395833281249999 0.30583333281249997 0.12395833281249999 0.3304629625 0.1335416671875 0.3304629625
3 0.13671875 0.3588888890625 0.13671875 0.2868518515625 0.1090104171875 0.2868518515625 0.1090104171875 0.3588888890625 0.13671875 0.3588888890625
3 0.11541666718750002 0.351296296875 0.11541666718750002 0.317222221875 0.0855729171875 0.317222221875 0.0855729171875 0.351296296875 0.11541666718750002 0.351296296875
3 0.14515625000000001 0.42351851875 0.14515625000000001 0.3945370375 0.10859375 0.3945370375 0.10859375 0.42351851875 0.14515625000000001 0.42351851875
3 0.1452604171875 0.4573148140625 0.1452604171875 0.4233333328125 0.11505208281249998 0.4233333328125 0.11505208281249998 0.4573148140625 0.1452604171875 0.4573148140625
3 0.11114583281249998 0.43851851875000003 0.11114583281249998 0.403240740625 0.0949479171875 0.403240740625 0.0949479171875 0.43851851875000003 0.11114583281249998 0.43851851875000003