1 0.00453125 0.0045833328125 0.00453125 0.0954166671875 0.07140625 0.0954166671875 0.07140625 0.0045833328125 0.00453125 0.0045833328125
1 0.37828125 0.1389583328125 0.37828125 0.0083333328125 0.0571875 0.0083333328125 0.0571875 0.1389583328125 0.37828125 0.1389583328125
1 0.62265625 0.20354166718750002 0.62265625 0.051875000000000004 0.36828125 0.051875000000000004 0.36828125 0.20354166718750002 0.62265625 0.20354166718750002
1 0.3896875 0.0027083328125 0.3896875 0.0614583328125 0.62265625 0.0614583328125 0.62265625 0.0027083328125 0.3896875 0.0027083328125
1 0.7592187499999999 0.2641666671875 0.7592187499999999 0.1485416671875 0.6084375 0.1485416671875 0.6084375 0.2641666671875 0.7592187499999999 0.2641666671875
1 0.82734375 0.2925 0.82734375 0.20166666718749998 0.75625 0.20166666718749998 0.75625 0.2925 0.82734375 0.2925
1 0.87078125 0.3116666671875 0.87078125 0.256875 0.8165625000000001 0.256875 0.8165625000000001 0.3116666671875 0.87078125 0.3116666671875
1 0.8682812500000001 0.2470833328125 0.8682812500000001 0.18562499999999998 0.820625 0.18562499999999998 0.820625 0.2470833328125 0.8682812500000001 0.2470833328125
1 0.8979687500000001 0.265625 0.8979687500000001 0.22291666718749997 0.865 0.22291666718749997 0.865 0.265625 0.8979687500000001 0.265625
1 0.89625 0.33375 0.89625 0.284375 0.8625 0.284375 0.8625 0.33375 0.89625 0.33375
1 0.9168749999999999 0.3445833328125 0.9168749999999999 0.3085416671875 0.8946875000000001 0.3085416671875 0.8946875000000001 0.3445833328125 0.9168749999999999 0.3445833328125
1 0.9365625 0.35562499999999997 0.9365625 0.3260416671875 0.9184374999999999 0.3260416671875 0.9184374999999999 0.35562499999999997 0.9365625 0.35562499999999997
1 0.9365625 0.30416666718749996 0.9365625 0.27 0.89375 0.27 0.89375 0.30416666718749996 0.9365625 0.30416666718749996
1 0.8603125 0.4279166671875 0.8603125 0.3754166671875 0.6503125 0.3754166671875 0.6503125 0.4279166671875 0.8603125 0.4279166671875
1 0.89140625 0.41041666718750003 0.89140625 0.38416666718750003 0.8609375 0.38416666718750003 0.8609375 0.41041666718750003 0.89140625 0.41041666718750003
1 0.86421875 0.506875 0.86421875 0.453125 0.6346875 0.453125 0.6346875 0.506875 0.86421875 0.506875
1 0.8115625 0.6747916671875 0.8115625 0.5770833328125 0.56328125 0.5770833328125 0.56328125 0.6747916671875 0.8115625 0.6747916671875
1 0.8609375 0.623125 0.8609375 0.5672916671875 0.805 0.5672916671875 0.805 0.623125 0.8609375 0.623125
1 0.9053125 0.5706249999999999 0.9053125 0.5289583328125 0.87234375 0.5289583328125 0.87234375 0.5706249999999999 0.9053125 0.5706249999999999
1 0.90859375 0.515625 0.90859375 0.480625 0.8790625000000001 0.480625 0.8790625000000001 0.515625 0.90859375 0.515625
1 0.9390625 0.55625 0.9390625 0.52 0.9028124999999999 0.52 0.9028124999999999 0.55625 0.9390625 0.55625
1 0.9390625 0.485 0.9390625 0.45437500000000003 0.9012499999999999 0.45437500000000003 0.9012499999999999 0.485 0.9390625 0.485
1 0.6793750000000001 0.0070833328125 0.6793750000000001 0.06770833281250001 0.85421875 0.06770833281250001 0.85421875 0.0070833328125 0.6793750000000001 0.0070833328125
1 0.8165625000000001 0.0679166671875 0.8165625000000001 0.145625 0.899375 0.145625 0.899375 0.0679166671875 0.8165625000000001 0.0679166671875
1 0.865 0.1325 0.865 0.19624999999999998 0.93328125 0.19624999999999998 0.93328125 0.1325 0.865 0.1325
1 0.9506249999999999 0.23020833281250003 0.9506249999999999 0.183125 0.92421875 0.183125 0.92421875 0.23020833281250003 0.9506249999999999 0.23020833281250003
1 0.9653124999999999 0.2575 0.9653124999999999 0.21270833281249998 0.9481249999999999 0.21270833281249998 0.9481249999999999 0.2575 0.9653124999999999 0.2575
1 0.9481249999999999 0.37312500000000004 0.9481249999999999 0.33875 0.9349999999999999 0.33875 0.9349999999999999 0.37312500000000004 0.9481249999999999 0.37312500000000004
1 0.96125 0.37687499999999996 0.96125 0.34562499999999996 0.94859375 0.34562499999999996 0.94859375 0.37687499999999996 0.96125 0.37687499999999996
1 0.946875 0.3152083328125 0.946875 0.2939583328125 0.9354687500000001 0.2939583328125 0.9354687500000001 0.3152083328125 0.946875 0.3152083328125
1 0.9457812499999999 0.4172916671875 0.9457812499999999 0.40125 0.9303125 0.40125 0.9303125 0.4172916671875 0.9457812499999999 0.4172916671875
1 0.9589062500000001 0.4204166671875 0.9589062500000001 0.40499999999999997 0.946875 0.40499999999999997 0.946875 0.4204166671875 0.9589062500000001 0.4204166671875
4 0.8884375 0.5802083328125 0.8884375 0.4339583328125 0.8471875000000001 0.4339583328125 0.8471875000000001 0.5802083328125 0.8884375 0.5802083328125
4 0.9634375000000001 0.5225 0.9634375000000001 0.41479166718749994 0.93359375 0.41479166718749994 0.93359375 0.5225 0.9634375000000001 0.5225
3 0.99921875 0.348125 0.99921875 0.32999999999999996 0.9854687500000001 0.32999999999999996 0.9854687500000001 0.348125 0.99921875 0.348125
3 0.99921875 0.3627083328125 0.99921875 0.348125 0.9871874999999999 0.348125 0.9871874999999999 0.3627083328125 0.99921875 0.3627083328125
3 0.9996875 0.375625 0.9996875 0.3627083328125 0.9871874999999999 0.3627083328125 0.9871874999999999 0.375625 0.9996875 0.375625
3 0.9996875 0.3885416671875 0.9996875 0.375625 0.9871874999999999 0.375625 0.9871874999999999 0.3885416671875 0.9996875 0.3885416671875
3 0.99921875 0.40083333281250005 0.99921875 0.3885416671875 0.9871874999999999 0.3885416671875 0.9871874999999999 0.40083333281250005 0.99921875 0.40083333281250005
3 0.99921875 0.41208333281250004 0.99921875 0.40083333281250005 0.9871874999999999 0.40083333281250005 0.9871874999999999 0.41208333281250004 0.99921875 0.41208333281250004
3 0.9979687500000001 0.4266666671875 0.9979687500000001 0.41375 0.9871874999999999 0.41375 0.9871874999999999 0.4266666671875 0.9979687500000001 0.4266666671875
3 0.9979687500000001 0.4404166671875 0.9979687500000001 0.4266666671875 0.98265625 0.4266666671875 0.98265625 0.4404166671875 0.9979687500000001 0.4404166671875
3 0.996875 0.4533333328125 0.996875 0.4404166671875 0.98265625 0.4404166671875 0.98265625 0.4533333328125 0.996875 0.4533333328125
3 0.996875 0.4685416671875 0.996875 0.4533333328125 0.98265625 0.4533333328125 0.98265625 0.4685416671875 0.996875 0.4685416671875
3 0.9974999999999999 0.48229166718750005 0.9974999999999999 0.4685416671875 0.98265625 0.4685416671875 0.98265625 0.48229166718750005 0.9974999999999999 0.48229166718750005
3 0.9974999999999999 0.49895833281249996 0.9974999999999999 0.48229166718750005 0.984375 0.48229166718750005 0.984375 0.49895833281249996 0.9974999999999999 0.49895833281249996