1 0.5728125000000001 0.4810416671875 0.5728125000000001 0.40416666718750005 0.40078125 0.40416666718750005 0.40078125 0.4810416671875 0.5728125000000001 0.4810416671875
1 0.3040625 0.33375 0.3040625 0.29854166718749997 0.2140625 0.29854166718749997 0.2140625 0.33375 0.3040625 0.33375
1 0.29515625 0.395 0.29515625 0.3597916671875 0.2140625 0.3597916671875 0.2140625 0.395 0.29515625 0.395
1 0.2971875 0.45499999999999996 0.2971875 0.41208333281250004 0.213125 0.41208333281250004 0.213125 0.45499999999999996 0.2971875 0.45499999999999996
1 0.21593749999999998 0.346875 0.21593749999999998 0.29333333281249996 0.0859375 0.29333333281249996 0.0859375 0.346875 0.21593749999999998 0.346875
1 0.08890624999999999 0.3429166671875 0.08890624999999999 0.3977083328125 0.2140625 0.3977083328125 0.2140625 0.3429166671875 0.08890624999999999 0.3429166671875
1 0.12515625 0.3885416671875 0.12515625 0.44458333281250006 0.21703125 0.44458333281250006 0.21703125 0.3885416671875 0.12515625 0.3885416671875
1 0.2678125 0.1070833328125 0.2678125 0.0835416671875 0.20421874999999998 0.0835416671875 0.20421874999999998 0.1070833328125 0.2678125 0.1070833328125
1 0.199375 0.1070833328125 0.199375 0.1266666671875 0.2659375 0.1266666671875 0.2659375 0.1070833328125 0.199375 0.1070833328125
2 0.38359375 0.46979166718750004 0.38359375 0.2070833328125 0.27109375 0.2070833328125 0.27109375 0.46979166718750004 0.38359375 0.46979166718750004
2 0.1509375 0.45062499999999994 0.1509375 0.2570833328125 0.06343750000000001 0.2570833328125 0.06343750000000001 0.45062499999999994 0.1509375 0.45062499999999994
4 0.39515625 0.2697916671875 0.39515625 0.1954166671875 0.2759375 0.1954166671875 0.2759375 0.2697916671875 0.39515625 0.2697916671875
4 0.9490624999999999 0.4314583328125 0.9490624999999999 0.6941666671875 0.99515625 0.6941666671875 0.99515625 0.4314583328125 0.9490624999999999 0.4314583328125
4 0.9778125 0.0416666671875 0.9778125 0.2647916671875 0.9981249999999999 0.2647916671875 0.9981249999999999 0.0416666671875 0.9778125 0.0416666671875