1 0.6539583328125 0.7724074078125 0.6539583328125 0.675 0.5244270828125 0.675 0.5244270828125 0.7724074078125 0.6539583328125 0.7724074078125
1 0.5207291671875 0.776296296875 0.5207291671875 0.7131481484375 0.39416666718750004 0.7131481484375 0.39416666718750004 0.776296296875 0.5207291671875 0.776296296875
1 0.3934375 0.7855555562500001 0.3934375 0.71055555625 0.2646354171875 0.71055555625 0.2646354171875 0.7855555562500001 0.3934375 0.7855555562500001
1 0.25354166718750004 0.7631481484375 0.25354166718750004 0.6578703703125 0.1751041671875 0.6578703703125 0.1751041671875 0.7631481484375 0.25354166718750004 0.7631481484375
1 0.2491145828125 0.8078703703125001 0.2491145828125 0.7171296296875 0.18765625 0.7171296296875 0.18765625 0.8078703703125001 0.2491145828125 0.8078703703125001
1 0.1028125 0.73148148125 0.1028125 0.59055555625 0.00046875 0.59055555625 0.00046875 0.73148148125 0.1028125 0.73148148125
1 0.10406249999999999 0.8792592593749999 0.10406249999999999 0.73148148125 0.0030208328124999998 0.73148148125 0.0030208328124999998 0.8792592593749999 0.10406249999999999 0.8792592593749999
1 0.10406249999999999 0.9974999999999999 0.10406249999999999 0.8656481484375 0.0030208328124999998 0.8656481484375 0.0030208328124999998 0.9974999999999999 0.10406249999999999 0.9974999999999999
1 0 0.3495370375 0.09130208281249999 0.3495370375 0.09130208281249999 0.231296296875 0 0.231296296875 0 0.3495370375
1 0.9955208328125 0.69055555625 0.9955208328125 0.5813888890625 0.84203125 0.5813888890625 0.84203125 0.69055555625 0.9955208328125 0.69055555625
1 0.9622395828125001 0.73148148125 0.9622395828125001 0.63601851875 0.84203125 0.63601851875 0.84203125 0.73148148125 0.9622395828125001 0.73148148125
1 1 0.104722221875 0.8955208328125 0.104722221875 0.8955208328125 0.20888888906249997 1 0.20888888906249997 1 0.104722221875
1 0.9989062499999999 0.34342592656250004 0.9989062499999999 0.22407407343750002 0.8944791671875001 0.22407407343750002 0.8944791671875001 0.34342592656250004 0.9989062499999999 0.34342592656250004
1 0.89765625 0.34722222187499996 0.89765625 0.2733333328125 0.8294791671875 0.2733333328125 0.8294791671875 0.34722222187499996 0.89765625 0.34722222187499996
1 0.7760416671875 0.0026851859375 0.7760416671875 0.09361111093749999 0.8642708328125 0.09361111093749999 0.8642708328125 0.0026851859375 0.7760416671875 0.0026851859375
1 0.7849999999999999 0.1596296296875 0.7849999999999999 0.0845370375 0.73640625 0.0845370375 0.73640625 0.1596296296875 0.7849999999999999 0.1596296296875
1 0.7394270828125 0.1965740734375 0.7394270828125 0.12398148125 0.7119270828125 0.12398148125 0.7119270828125 0.1965740734375 0.7394270828125 0.1965740734375
1 0.3153125 0.16305555625 0.3153125 0.08805555625 0.28463541718749996 0.08805555625 0.28463541718749996 0.16305555625 0.3153125 0.16305555625
1 0.3447395828125 0.1949074078125 0.3447395828125 0.1266666671875 0.3127604171875 0.1266666671875 0.3127604171875 0.1949074078125 0.3447395828125 0.1949074078125
1 0.2519270828125 0.395 0.2519270828125 0.315 0.1871875 0.315 0.1871875 0.395 0.2519270828125 0.395
4 0.8555208328124999 0.373703703125 0.8555208328124999 0.24555555624999997 0.7307812499999999 0.24555555624999997 0.7307812499999999 0.373703703125 0.8555208328124999 0.373703703125
4 0.8129687499999999 0.3788888890625 0.8129687499999999 0.1724074078125 0.7105729171874999 0.1724074078125 0.7105729171874999 0.3788888890625 0.8129687499999999 0.3788888890625
4 0.7141666671875 0.376296296875 0.7141666671875 0.21342592656249998 0.6853125 0.21342592656249998 0.6853125 0.376296296875 0.7141666671875 0.376296296875
4 0.7127604171875 0.605740740625 0.7127604171875 0.435277778125 0.6831770828125 0.435277778125 0.6831770828125 0.605740740625 0.7127604171875 0.605740740625
4 0.7365625 0.6147222218749999 0.7365625 0.43009259218749996 0.70265625 0.43009259218749996 0.70265625 0.6147222218749999 0.7365625 0.6147222218749999
4 0.8973437499999999 0.5224074078125 0.8973437499999999 0.41861111093750003 0.7365625 0.41861111093750003 0.7365625 0.5224074078125 0.8973437499999999 0.5224074078125
4 0.8288541671875 0.6390740734375 0.8288541671875 0.5199074078125 0.7321875 0.5199074078125 0.7321875 0.6390740734375 0.8288541671875 0.6390740734375
4 0.2071875 0.905740740625 0.2071875 0.49555555625 0.0990625 0.49555555625 0.0990625 0.905740740625 0.2071875 0.905740740625
3 0.6288020828125 0.276296296875 0.6288020828125 0.23944444374999999 0.5710416671874999 0.23944444374999999 0.5710416671874999 0.276296296875 0.6288020828125 0.276296296875
3 0.6288020828125 0.3171296296875 0.6288020828125 0.2775925921875 0.5747395828124999 0.2775925921875 0.5747395828124999 0.3171296296875 0.6288020828125 0.3171296296875
3 0.6280208328125 0.348703703125 0.6280208328125 0.3171296296875 0.5747395828124999 0.3171296296875 0.5747395828124999 0.348703703125 0.6280208328125 0.348703703125
3 0.6280208328125 0.3815740734375 0.6280208328125 0.348703703125 0.57921875 0.348703703125 0.57921875 0.3815740734375 0.6280208328125 0.3815740734375
3 0.63171875 0.41444444375 0.63171875 0.3815740734375 0.5806770828125 0.3815740734375 0.5806770828125 0.41444444375 0.63171875 0.41444444375
3 0.6309895828125 0.45398148125000004 0.6309895828125 0.4131481484375 0.5806770828125 0.4131481484375 0.5806770828125 0.45398148125000004 0.6309895828125 0.45398148125000004
3 0.6309895828125 0.4828703703125 0.6309895828125 0.45398148125000004 0.5806770828125 0.45398148125000004 0.5806770828125 0.4828703703125 0.6309895828125 0.4828703703125
3 0.6309895828125 0.5184259265625 0.6309895828125 0.4828703703125 0.5799479171875 0.4828703703125 0.5799479171875 0.5184259265625 0.6309895828125 0.5184259265625
3 0.6280208328125 0.5591666671875 0.6280208328125 0.5210185187499999 0.5806770828125 0.5210185187499999 0.5806770828125 0.5591666671875 0.6280208328125 0.5591666671875
3 0.6280208328125 0.5908333328125 0.6280208328125 0.5591666671875 0.58140625 0.5591666671875 0.58140625 0.5908333328125 0.6280208328125 0.5908333328125
3 0.6369270828125 0.655277778125 0.6369270828125 0.5921296296875 0.58140625 0.5921296296875 0.58140625 0.655277778125 0.6369270828125 0.655277778125
3 0.6369270828125 0.70398148125 0.6369270828125 0.655277778125 0.5836458328125 0.655277778125 0.5836458328125 0.70398148125 0.6369270828125 0.70398148125
3 0.5829166671875 0.3341666671875 0.5829166671875 0.2921296296875 0.52 0.2921296296875 0.52 0.3341666671875 0.5829166671875 0.3341666671875
3 0.5829166671875 0.37101851875 0.5829166671875 0.33685185156249997 0.5163020828125 0.33685185156249997 0.5163020828125 0.37101851875 0.5829166671875 0.37101851875
3 0.5799479171875 0.4078703703125 0.5799479171875 0.37240740781250004 0.5170312499999999 0.37240740781250004 0.5170312499999999 0.4078703703125 0.5799479171875 0.4078703703125
3 0.5799479171875 0.45 0.5799479171875 0.4078703703125 0.5221875 0.4078703703125 0.5221875 0.45 0.5799479171875 0.45
3 0.5777083328125 0.49472222187500003 0.5777083328125 0.45 0.5221875 0.45 0.5221875 0.49472222187500003 0.5777083328125 0.49472222187500003
3 0.5799479171875 0.5328703703125 0.5799479171875 0.4921296296875 0.5244270828125 0.4921296296875 0.5244270828125 0.5328703703125 0.5799479171875 0.5328703703125
3 0.58140625 0.57101851875 0.58140625 0.5328703703125 0.5244270828125 0.5328703703125 0.5244270828125 0.57101851875 0.58140625 0.57101851875
3 0.5806770828125 0.6118518515625 0.5806770828125 0.5724074078125 0.5266666671875 0.5724074078125 0.5266666671875 0.6118518515625 0.5806770828125 0.6118518515625
3 0.5836458328125 0.6815740734375 0.5836458328125 0.6118518515625 0.5258854171875 0.6118518515625 0.5258854171875 0.6815740734375 0.5836458328125 0.6815740734375
3 0.5836458328125 0.7289814812500001 0.5836458328125 0.6815740734375 0.5214583328125 0.6815740734375 0.5214583328125 0.7289814812500001 0.5836458328125 0.7289814812500001
3 0.5170312499999999 0.7289814812500001 0.5170312499999999 0.68944444375 0.45338541718750003 0.68944444375 0.45338541718750003 0.7289814812500001 0.5170312499999999 0.7289814812500001
3 0.45854166718749995 0.6474074078125 0.45854166718749995 0.694722221875 0.5192187500000001 0.694722221875 0.5192187500000001 0.6474074078125 0.45854166718749995 0.6474074078125
3 0.4570833328125 0.6052777781249999 0.4570833328125 0.6474074078125 0.5192187500000001 0.6474074078125 0.5192187500000001 0.6052777781249999 0.4570833328125 0.6052777781249999
3 0.4570833328125 0.55 0.4570833328125 0.6052777781249999 0.528125 0.6052777781249999 0.528125 0.55 0.4570833328125 0.55
3 0.4578125 0.5039814812500001 0.4578125 0.551296296875 0.5273958328125 0.551296296875 0.5273958328125 0.5039814812500001 0.4578125 0.5039814812500001
3 0.4578125 0.47101851874999995 0.4578125 0.5065740734374999 0.5266666671875 0.5065740734374999 0.5266666671875 0.47101851874999995 0.4578125 0.47101851874999995
3 0.4600520828125 0.43027777812499995 0.4600520828125 0.47101851874999995 0.5266666671875 0.47101851874999995 0.5266666671875 0.43027777812499995 0.4600520828125 0.43027777812499995
3 0.45927083281250003 0.3908333328125 0.45927083281250003 0.43027777812499995 0.5177604171875 0.43027777812499995 0.5177604171875 0.3908333328125 0.45927083281250003 0.3908333328125
3 0.4563541671875 0.3421296296875 0.4563541671875 0.3908333328125 0.5177604171875 0.3908333328125 0.5177604171875 0.3421296296875 0.4563541671875 0.3421296296875
3 0.4563541671875 0.298703703125 0.4563541671875 0.3421296296875 0.5170312499999999 0.3421296296875 0.5170312499999999 0.298703703125 0.4563541671875 0.298703703125
3 0.4555729171875 0.24601851875 0.4555729171875 0.298703703125 0.5170312499999999 0.298703703125 0.5170312499999999 0.24601851875 0.4555729171875 0.24601851875
3 0.45854166718749995 0.25259259218749996 0.45854166718749995 0.22898148125 0.38453125 0.22898148125 0.38453125 0.25259259218749996 0.45854166718749995 0.25259259218749996
3 0.45338541718750003 0.28157407343749996 0.45338541718750003 0.2565740734375 0.38453125 0.2565740734375 0.38453125 0.28157407343749996 0.45338541718750003 0.28157407343749996
3 0.45484375000000005 0.3025925921875 0.45484375000000005 0.28157407343749996 0.3911979171875 0.28157407343749996 0.3911979171875 0.3025925921875 0.45484375000000005 0.3025925921875
3 0.4563541671875 0.33685185156249997 0.4563541671875 0.3025925921875 0.3911979171875 0.3025925921875 0.3911979171875 0.33685185156249997 0.4563541671875 0.33685185156249997
3 0.4563541671875 0.3578703703125 0.4563541671875 0.33685185156249997 0.39265625000000004 0.33685185156249997 0.39265625000000004 0.3578703703125 0.4563541671875 0.3578703703125
3 0.4555729171875 0.3868518515625 0.4555729171875 0.3591666671875 0.39265625000000004 0.3591666671875 0.39265625000000004 0.3868518515625 0.4555729171875 0.3868518515625
3 0.4555729171875 0.4171296296875 0.4555729171875 0.3868518515625 0.3911979171875 0.3868518515625 0.3911979171875 0.4171296296875 0.4555729171875 0.4171296296875
3 0.4541145828125 0.4434259265625 0.4541145828125 0.4171296296875 0.3911979171875 0.4171296296875 0.3911979171875 0.4434259265625 0.4541145828125 0.4434259265625
3 0.4570833328125 0.473703703125 0.4570833328125 0.4434259265625 0.39265625000000004 0.4434259265625 0.39265625000000004 0.473703703125 0.4570833328125 0.473703703125
3 0.45484375000000005 0.5025925921875001 0.45484375000000005 0.473703703125 0.39265625000000004 0.473703703125 0.39265625000000004 0.5025925921875001 0.45484375000000005 0.5025925921875001
3 0.4555729171875 0.52898148125 0.4555729171875 0.5025925921875001 0.3919270828125 0.5025925921875001 0.3919270828125 0.52898148125 0.4555729171875 0.52898148125
3 0.4563541671875 0.5565740734375 0.4563541671875 0.52898148125 0.3934375 0.52898148125 0.3934375 0.5565740734375 0.4563541671875 0.5565740734375
3 0.4563541671875 0.6025925921875 0.4563541671875 0.5565740734375 0.39416666718750004 0.5565740734375 0.39416666718750004 0.6025925921875 0.4563541671875 0.6025925921875
3 0.4541145828125 0.6447222218750001 0.4541145828125 0.6065740734375 0.39265625000000004 0.6065740734375 0.39265625000000004 0.6447222218750001 0.4541145828125 0.6447222218750001
3 0.4541145828125 0.6868518515625001 0.4541145828125 0.6447222218750001 0.3934375 0.6447222218750001 0.3934375 0.6868518515625001 0.4541145828125 0.6868518515625001
3 0.46375 0.7341666671875 0.46375 0.68944444375 0.3934375 0.68944444375 0.3934375 0.7341666671875 0.46375 0.7341666671875
3 0.3919270828125 0.7341666671875 0.3919270828125 0.6289814812500001 0.323125 0.6289814812500001 0.323125 0.7341666671875 0.3919270828125 0.7341666671875
3 0.3268229171875 0.5684259265625 0.3268229171875 0.6171296296875 0.3971354171875 0.6171296296875 0.3971354171875 0.5684259265625 0.3268229171875 0.5684259265625
3 0.3216145828125 0.523703703125 0.3216145828125 0.5671296296875 0.3971354171875 0.5671296296875 0.3971354171875 0.523703703125 0.3216145828125 0.523703703125
3 0.3216145828125 0.48157407343749997 0.3216145828125 0.523703703125 0.39046875000000003 0.523703703125 0.39046875000000003 0.48157407343749997 0.3216145828125 0.48157407343749997
3 0.3194270828125 0.43944444374999997 0.3194270828125 0.48157407343749997 0.39046875000000003 0.48157407343749997 0.39046875000000003 0.43944444374999997 0.3194270828125 0.43944444374999997
3 0.3875 0.43944444374999997 0.3875 0.39601851875 0.32609374999999996 0.39601851875 0.32609374999999996 0.43944444374999997 0.3875 0.43944444374999997
3 0.32609374999999996 0.355277778125 0.32609374999999996 0.401296296875 0.3867708328125 0.401296296875 0.3867708328125 0.355277778125 0.32609374999999996 0.355277778125
3 0.323125 0.3025925921875 0.323125 0.355277778125 0.3867708328125 0.355277778125 0.3867708328125 0.3025925921875 0.323125 0.3025925921875
3 0.323125 0.2658333328125 0.323125 0.3025925921875 0.3897395828125 0.3025925921875 0.3897395828125 0.2658333328125 0.323125 0.2658333328125
3 0.3194270828125 0.20259259218749998 0.3194270828125 0.2658333328125 0.3897395828125 0.2658333328125 0.3897395828125 0.20259259218749998 0.3194270828125 0.20259259218749998
3 0.3253125 0.26055555625000004 0.3253125 0.19601851875 0.255 0.19601851875 0.255 0.26055555625000004 0.3253125 0.26055555625000004
3 0.3253125 0.3078703703125 0.3253125 0.26055555625000004 0.2602083328125 0.26055555625000004 0.2602083328125 0.3078703703125 0.3253125 0.3078703703125
3 0.32609374999999996 0.35 0.32609374999999996 0.3078703703125 0.2602083328125 0.3078703703125 0.2602083328125 0.35 0.32609374999999996 0.35
3 0.32609374999999996 0.394722221875 0.32609374999999996 0.351296296875 0.2586979171875 0.351296296875 0.2586979171875 0.394722221875 0.32609374999999996 0.394722221875
3 0.32609374999999996 0.43555555625000003 0.32609374999999996 0.3974074078125 0.2609375 0.3974074078125 0.2609375 0.43555555625000003 0.32609374999999996 0.43555555625000003
3 0.32609374999999996 0.4841666671875 0.32609374999999996 0.43555555625000003 0.2609375 0.43555555625000003 0.2609375 0.4841666671875 0.32609374999999996 0.4841666671875
3 0.32609374999999996 0.52898148125 0.32609374999999996 0.4841666671875 0.25947916718749997 0.4841666671875 0.25947916718749997 0.52898148125 0.32609374999999996 0.52898148125
3 0.32609374999999996 0.573703703125 0.32609374999999996 0.52898148125 0.25947916718749997 0.52898148125 0.25947916718749997 0.573703703125 0.32609374999999996 0.573703703125
3 0.3275520828125 0.6131481484375 0.3275520828125 0.573703703125 0.25947916718749997 0.573703703125 0.25947916718749997 0.6131481484375 0.3275520828125 0.6131481484375
3 0.3275520828125 0.65 0.3275520828125 0.6131481484375 0.2631770828125 0.6131481484375 0.2631770828125 0.65 0.3275520828125 0.65
3 0.323125 0.6934259265625 0.323125 0.65 0.2631770828125 0.65 0.2631770828125 0.6934259265625 0.323125 0.6934259265625
3 0.32458333281249996 0.73944444375 0.32458333281249996 0.6934259265625 0.2609375 0.6934259265625 0.2609375 0.73944444375 0.32458333281249996 0.73944444375
1 0.0966666671875 0.28953703750000004 0.0966666671875 0.3584259265625 0.19343749999999998 0.3584259265625 0.19343749999999998 0.28953703750000004 0.0966666671875 0.28953703750000004
1 0.09322916718749999 0.2308333328125 0.09322916718749999 0.3118518515625 0.1911458328125 0.3118518515625 0.1911458328125 0.2308333328125 0.09322916718749999 0.2308333328125
1 0.1011979171875 0.19037037031249998 0.1011979171875 0.25916666718750003 0.1922916671875 0.25916666718750003 0.1922916671875 0.19037037031249998 0.1011979171875 0.19037037031249998
1 0.094375 0.12759259218750002 0.094375 0.2166666671875 0.18546875000000002 0.2166666671875 0.18546875000000002 0.12759259218750002 0.094375 0.12759259218750002
1 0.0978125 0.07092592656249999 0.0978125 0.16 0.1866145828125 0.16 0.1866145828125 0.07092592656249999 0.0978125 0.07092592656249999
1 0.09322916718749999 0.012222221875 0.09322916718749999 0.101296296875 0.1911458328125 0.101296296875 0.1911458328125 0.012222221875 0.09322916718749999 0.012222221875
1 0.1296875 0.0020370375 0.1296875 0.060833332812499995 0.1877604171875 0.060833332812499995 0.1877604171875 0.0020370375 0.1296875 0.0020370375
1 0.2413020828125 0.036481481249999996 0.2413020828125 0.10333333281249998 0.28682291718749997 0.10333333281249998 0.28682291718749997 0.036481481249999996 0.2413020828125 0.036481481249999996
1 0.2469791671875 0.008148148437499999 0.2469791671875 0.0668518515625 0.28453125 0.0668518515625 0.28453125 0.008148148437499999 0.2469791671875 0.008148148437499999