1 0.5728125000000001 0.1864583328125 0.5728125000000001 0.0495833328125 0.33625 0.0495833328125 0.33625 0.1864583328125 0.5728125000000001 0.1864583328125
1 0.71359375 0.24 0.71359375 0.134375 0.56703125 0.134375 0.56703125 0.24 0.71359375 0.24
1 0.7967187499999999 0.27770833281249996 0.7967187499999999 0.1983333328125 0.71265625 0.1983333328125 0.71265625 0.27770833281249996 0.7967187499999999 0.27770833281249996
1 0.79375 0.195625 0.79375 0.104375 0.7078125 0.104375 0.7078125 0.195625 0.79375 0.195625
1 0.79078125 0.10958333281249999 0.79078125 0.0158333328125 0.6853125 0.0158333328125 0.6853125 0.10958333281249999 0.79078125 0.10958333281249999
1 0.8729687500000001 0.11229166718750001 0.8729687500000001 0.051041667187499994 0.8309374999999999 0.051041667187499994 0.8309374999999999 0.11229166718750001 0.8729687500000001 0.11229166718750001
1 0.85234375 0.23479166718750002 0.85234375 0.1747916671875 0.7946875 0.1747916671875 0.7946875 0.23479166718750002 0.85234375 0.23479166718750002
1 0.8534375000000001 0.3104166671875 0.8534375000000001 0.2504166671875 0.79375 0.2504166671875 0.79375 0.3104166671875 0.8534375000000001 0.3104166671875
1 0.8807812500000001 0.3233333328125 0.8807812500000001 0.2791666671875 0.8495312500000001 0.2791666671875 0.8495312500000001 0.3233333328125 0.8807812500000001 0.3233333328125
1 0.8768750000000001 0.2647916671875 0.8768750000000001 0.2164583328125 0.84453125 0.2164583328125 0.84453125 0.2647916671875 0.8768750000000001 0.2647916671875
1 0.9042187500000001 0.23479166718750002 0.9042187500000001 0.1904166671875 0.8748437499999999 0.1904166671875 0.8748437499999999 0.23479166718750002 0.9042187500000001 0.23479166718750002
1 0.90625 0.28291666718749997 0.90625 0.24395833281249998 0.8759375 0.24395833281249998 0.8759375 0.28291666718749997 0.90625 0.28291666718749997
1 0.9081250000000001 0.3352083328125 0.9081250000000001 0.3025 0.8817187499999999 0.3025 0.8817187499999999 0.3352083328125 0.9081250000000001 0.3352083328125
1 0.9315625000000001 0.349375 0.9315625000000001 0.3220833328125 0.9081250000000001 0.3220833328125 0.9081250000000001 0.349375 0.9315625000000001 0.349375
1 0.57375 0.395 0.57375 0.3129166671875 0.31765625000000003 0.3129166671875 0.31765625000000003 0.395 0.57375 0.395
1 0.72921875 0.3977083328125 0.72921875 0.3325 0.571875 0.3325 0.571875 0.3977083328125 0.72921875 0.3977083328125
1 0.93234375 0.5387500000000001 0.93234375 0.49812500000000004 0.8282812500000001 0.49812500000000004 0.8282812500000001 0.5387500000000001 0.93234375 0.5387500000000001
1 0.9467187499999999 0.4258333328125 0.9467187499999999 0.3952083328125 0.84921875 0.3952083328125 0.84921875 0.4258333328125 0.9467187499999999 0.4258333328125
1 0.9467187499999999 0.465 0.9467187499999999 0.44375 0.9265625 0.44375 0.9265625 0.465 0.9467187499999999 0.465
1 0.9428124999999999 0.5239583328124999 0.9428124999999999 0.5020833328125 0.93046875 0.5020833328125 0.93046875 0.5239583328124999 0.9428124999999999 0.5239583328124999
1 0.56078125 0.1316666671875 0.8723858171875 0.13263621875 0.89375 0.1464583328125 0.89375 0.1852083328125 0.9199999999999999 0.1852083328125 0.9199999999999999 0.1464583328125 0.9025000000000001 0.1464583328125 0.8652644234375 0.1280288453125 0.70859375 0.0266666671875 0.70859375 0.1316666671875 0.6346875 0.1316666671875 0.56078125 0.0266666671875 0.56078125 0.1316666671875
2 0.8143750000000001 0.7814583328125 0.8143750000000001 0.2864583328125 0.60390625 0.2864583328125 0.60390625 0.7814583328125 0.8143750000000001 0.7814583328125
4 0.589375 0.8724999999999999 0.589375 0.351875 0.1721875 0.351875 0.1721875 0.8724999999999999 0.589375 0.8724999999999999
4 0.7615624999999999 0.7827083328125 0.7615624999999999 0.3672916671875 0.5509375000000001 0.3672916671875 0.5509375000000001 0.7827083328125 0.7615624999999999 0.7827083328125