1 0.9003125000000001 0.6402083328125 0.9003125000000001 0.560625 0.83671875 0.560625 0.83671875 0.6402083328125 0.9003125000000001 0.6402083328125
1 0.8074999999999999 0.6491666671874999 0.8074999999999999 0.5333333328125 0.6196875000000001 0.5333333328125 0.6196875000000001 0.6491666671874999 0.8074999999999999 0.6491666671874999
1 0.80546875 0.6895833328125 0.80546875 0.6179166671874999 0.64125 0.6179166671874999 0.64125 0.6895833328125 0.80546875 0.6895833328125
1 0.7145312500000001 0.85125 0.7145312500000001 0.6479166671875001 0.38421875 0.6479166671875001 0.38421875 0.85125 0.7145312500000001 0.85125
1 0 0.8487500000000001 0.365625 0.8487500000000001 0.365625 0.6491666671874999 0 0.6491666671874999 0 0.8487500000000001
1 0.01953125 0 0.01953125 0.1904166671875 0.3596875 0.1904166671875 0.3596875 0 0.01953125 0
1 0.54453125 0.13708333281250001 0.54453125 0.0195833328125 0.40671875 0.0195833328125 0.40671875 0.13708333281250001 0.54453125 0.13708333281250001
1 0.8357812499999999 0.2816666671875 0.8357812499999999 0.1775 0.53671875 0.1775 0.53671875 0.2816666671875 0.8357812499999999 0.2816666671875
1 0.65296875 0.3702083328125 0.65296875 0.318125 0.49953125 0.318125 0.49953125 0.3702083328125 0.65296875 0.3702083328125
1 0.9365625 0.4158333328125 0.9365625 0.3964583328125 0.9120312500000001 0.3964583328125 0.9120312500000001 0.4158333328125 0.9365625 0.4158333328125
1 0.19359375 0.316875 0.19359375 0.256875 0.00296875 0.256875 0.00296875 0.316875 0.19359375 0.316875
4 0.8634375000000001 0.40458333281250003 0.8634375000000001 0.5135416671875 0.9442187499999999 0.5135416671875 0.9442187499999999 0.40458333281250003 0.8634375000000001 0.40458333281250003
4 0.16703125000000002 0.109375 0.16703125000000002 0.3760416671875 0.42281250000000004 0.3760416671875 0.42281250000000004 0.109375 0.16703125000000002 0.109375
3 0.16140625 0.4641666671875 0.16140625 0.4158333328125 0.10390625 0.4158333328125 0.10390625 0.4641666671875 0.16140625 0.4641666671875