1 0 0.485 0.0321875 0.485 0.0321875 0.4485416671875 0 0.4485416671875 0 0.485
1 0 0.45104166718750005 0.02828125 0.45104166718750005 0.02828125 0.4225 0 0.4225 0 0.45104166718750005
1 0 0.42104166718749997 0.025312499999999998 0.42104166718749997 0.025312499999999998 0.3860416671875 0 0.3860416671875 0 0.42104166718749997
1 0.28046875 0.4497916671875 0.28046875 0.41333333281250006 0.20031249999999998 0.41333333281250006 0.20031249999999998 0.4497916671875 0.28046875 0.4497916671875
1 0.48390625 0.41333333281250006 0.48390625 0.39375 0.42718749999999994 0.39375 0.42718749999999994 0.41333333281250006 0.48390625 0.41333333281250006
1 0.42625 0.41333333281250006 0.42625 0.39249999999999996 0.37046875 0.39249999999999996 0.37046875 0.41333333281250006 0.42625 0.41333333281250006
1 0.42515625 0.346875 0.42515625 0.3272916671875 0.37046875 0.3272916671875 0.37046875 0.346875 0.42515625 0.346875
1 0.1525 0.1160416671875 0.1525 0.074375 0.123125 0.074375 0.123125 0.1160416671875 0.1525 0.1160416671875
1 0.1925 0.15125 0.1925 0.12395833281249999 0.16999999999999998 0.12395833281249999 0.16999999999999998 0.15125 0.1925 0.15125
1 0.175 0.1695833328125 0.175 0.193125 0.1925 0.193125 0.1925 0.1695833328125 0.175 0.1695833328125
1 0.15734375 0.15270833281250001 0.15734375 0.17875000000000002 0.175 0.17875000000000002 0.175 0.15270833281250001 0.15734375 0.15270833281250001
1 0.13093749999999998 0.135625 0.13093749999999998 0.166875 0.1534375 0.166875 0.1534375 0.135625 0.13093749999999998 0.135625
1 0.58359375 0 0.58359375 0.044375 0.6168750000000001 0.044375 0.6168750000000001 0 0.58359375 0
2 0.19515625 0.45062499999999994 0.19515625 0.0404166671875 0.0384375 0.0404166671875 0.0384375 0.45062499999999994 0.19515625 0.45062499999999994
2 0.30578125 0.42374999999999996 0.30578125 0.1545833328125 0.21640625 0.1545833328125 0.21640625 0.42374999999999996 0.30578125 0.42374999999999996
2 0.210625 0.3620833328125 0.210625 0.196875 0.15390625 0.196875 0.15390625 0.3620833328125 0.210625 0.3620833328125
3 0.9737500000000001 0.5527083328125 0.9737500000000001 0.2527083328125 0.84828125 0.2527083328125 0.84828125 0.5527083328125 0.9737500000000001 0.5527083328125
3 0.99734375 0.5579166671875 0.99734375 0.24479166718749998 0.9707812499999999 0.24479166718749998 0.9707812499999999 0.5579166671875 0.99734375 0.5579166671875
3 0.8324999999999999 0.4027083328125 0.8324999999999999 0.3289583328125 0.73 0.3289583328125 0.73 0.4027083328125 0.8324999999999999 0.4027083328125
3 0.81671875 0.4829166671875 0.81671875 0.4027083328125 0.7309375 0.4027083328125 0.7309375 0.4829166671875 0.81671875 0.4829166671875
3 0.85328125 0.5027083328125 0.85328125 0.39729166718750003 0.8128125 0.39729166718750003 0.8128125 0.5027083328125 0.85328125 0.5027083328125
3 0.73984375 0.4027083328125 0.73984375 0.338125 0.6825 0.338125 0.6825 0.4027083328125 0.73984375 0.4027083328125
3 0.7428125 0.464375 0.7428125 0.40520833281249996 0.69046875 0.40520833281249996 0.69046875 0.464375 0.7428125 0.464375
3 0.694375 0.45520833281249995 0.694375 0.4170833328125 0.66078125 0.4170833328125 0.66078125 0.45520833281249995 0.694375 0.45520833281249995
3 0.67671875 0.4420833328125 0.67671875 0.39875 0.64609375 0.39875 0.64609375 0.4420833328125 0.67671875 0.4420833328125
3 0.65890625 0.3566666671875 0.65890625 0.311875 0.6017187500000001 0.311875 0.6017187500000001 0.3566666671875 0.65890625 0.3566666671875
3 0.59578125 0.3552083328125 0.59578125 0.32375 0.58390625 0.32375 0.58390625 0.3552083328125 0.59578125 0.3552083328125
3 0.59875 0.38166666718750003 0.59875 0.35125 0.58390625 0.35125 0.58390625 0.38166666718750003 0.59875 0.38166666718750003
3 0.655 0.39729166718750003 0.655 0.35270833281249997 0.59765625 0.35270833281249997 0.59765625 0.39729166718750003 0.655 0.39729166718750003
3 0.6381249999999999 0.4302083328125 0.6381249999999999 0.3920833328125 0.59578125 0.3920833328125 0.59578125 0.4302083328125 0.6381249999999999 0.4302083328125
3 0.5996875 0.4329166671875 0.5996875 0.3933333328125 0.57703125 0.3933333328125 0.57703125 0.4329166671875 0.5996875 0.4329166671875
3 0.62046875 0.3 0.62046875 0.2539583328125 0.59578125 0.2539583328125 0.59578125 0.3 0.62046875 0.3
3 0.619375 0.27229166718750003 0.619375 0.225 0.5690625 0.225 0.5690625 0.27229166718750003 0.619375 0.27229166718750003
3 0.55921875 0.2341666671875 0.55921875 0.27625 0.568125 0.27625 0.568125 0.3158333328125 0.60453125 0.3158333328125 0.60453125 0.27229166718750003 0.5740624999999999 0.27229166718750003 0.5740624999999999 0.2341666671875 0.55921875 0.2341666671875
3 0.5700000000000001 0.3158333328125 0.5700000000000001 0.2841666671875 0.56015625 0.2841666671875 0.56015625 0.3158333328125 0.5700000000000001 0.3158333328125
3 0.6934375 0.2710416671875 0.6934375 0.136875 0.6392187500000001 0.136875 0.6392187500000001 0.2710416671875 0.6934375 0.2710416671875
3 0.7970312500000001 0.18937500000000002 0.7970312500000001 0.1039583328125 0.69046875 0.1039583328125 0.69046875 0.18937500000000002 0.7970312500000001 0.18937500000000002
3 0.8571875 0.21979166718749998 0.8571875 0.1341666671875 0.74671875 0.1341666671875 0.74671875 0.21979166718749998 0.8571875 0.21979166718749998
3 0.755625 0.25666666718750003 0.755625 0.1816666671875 0.6934375 0.1816666671875 0.6934375 0.25666666718750003 0.755625 0.25666666718750003
3 0.5667187499999999 0.3810416671875 0.5667187499999999 0.3545833328125 0.5248437499999999 0.3545833328125 0.5248437499999999 0.3810416671875 0.5667187499999999 0.3810416671875
3 0.5660937500000001 0.41208333281250004 0.5660937500000001 0.3810416671875 0.525625 0.3810416671875 0.525625 0.41208333281250004 0.5660937500000001 0.41208333281250004