1 0.37390625 0.9979629624999999 0.37390625 0.73648148125 0.025364582812499998 0.73648148125 0.025364582812499998 0.9979629624999999 0.37390625 0.9979629624999999
1 0.8673437500000001 0.7591666671875 0.8673437500000001 0.5773148140625 0.6339583328125 0.5773148140625 0.6339583328125 0.7591666671875 0.8673437500000001 0.7591666671875
1 0.9461979171875001 0.7099074078125 0.9461979171875001 0.526203703125 0.653125 0.526203703125 0.653125 0.7099074078125 0.9461979171875001 0.7099074078125
1 0.645 0.006203703125 0.645 0.1153703703125 0.8330208328125 0.1153703703125 0.8330208328125 0.006203703125 0.645 0.006203703125
1 0.8343229171875001 0.00398148125 0.8343229171875001 0.0471296296875 0.9865104171875 0.0471296296875 0.9865104171875 0.00398148125 0.8343229171875001 0.00398148125
4 0.6658854171875 0.40444444375 0.6658854171875 0.264722221875 0.4466145828125 0.264722221875 0.4466145828125 0.40444444375 0.6658854171875 0.40444444375
4 0.6622395828125 0.573703703125 0.6622395828125 0.3929629625 0.45531249999999995 0.3929629625 0.45531249999999995 0.573703703125 0.6622395828125 0.573703703125
4 0.4625 0.526296296875 0.4625 0.275 0.4170833328125 0.275 0.4170833328125 0.526296296875 0.4625 0.526296296875
4 0.41489583281250003 0.49935185156250006 0.41489583281250003 0.2724074078125 0.3694791671875 0.2724074078125 0.3694791671875 0.49935185156250006 0.41489583281250003 0.49935185156250006
4 0.36442708281249997 0.003240740625 0.36442708281249997 0.2109259265625 0.41635416718749996 0.2109259265625 0.41635416718749996 0.003240740625 0.36442708281249997 0.003240740625
4 0.40625 0.004444443750000001 0.40625 0.2070370375 0.49640625 0.2070370375 0.49640625 0.004444443750000001 0.40625 0.004444443750000001
4 0.45093750000000005 0.004444443750000001 0.45093750000000005 0.1916666671875 0.6478125 0.1916666671875 0.6478125 0.004444443750000001 0.45093750000000005 0.004444443750000001
3 0.33140625 0.7099074078125 0.33140625 0.5438888890625 0.20609375000000002 0.5438888890625 0.20609375000000002 0.7099074078125 0.33140625 0.7099074078125
3 0.33140625 0.8099074078124999 0.33140625 0.68944444375 0.2150520828125 0.68944444375 0.2150520828125 0.8099074078124999 0.33140625 0.8099074078124999
3 0.2188541671875 0.8894444437500001 0.2188541671875 0.6371296296875 0.0436458328125 0.6371296296875 0.0436458328125 0.8894444437500001 0.2188541671875 0.8894444437500001
3 0.20989583281250002 0.985 0.20989583281250002 0.83944444375 0.050052082812499996 0.83944444375 0.050052082812499996 0.985 0.20989583281250002 0.985
3 0.0040104171874999995 0.9099074078125 0.0040104171874999995 0.9963888890625 0.052604167187499995 0.9963888890625 0.052604167187499995 0.9099074078125 0.0040104171874999995 0.9099074078125
3 0.0014583328125 0.791759259375 0.0014583328125 0.9099074078125 0.0475 0.9099074078125 0.0475 0.791759259375 0.0014583328125 0.791759259375
3 0.00015625 0.6871296296875 0.00015625 0.78944444375 0.04875 0.78944444375 0.04875 0.6871296296875 0.00015625 0.6871296296875
3 0.0040104171874999995 0.525740740625 0.0040104171874999995 0.6916666671875 0.051302082812500004 0.6916666671875 0.051302082812500004 0.525740740625 0.0040104171874999995 0.525740740625
3 0.00015625 0.4279629625 0.00015625 0.5643518515625 0.060260417187500005 0.5643518515625 0.060260417187500005 0.4279629625 0.00015625 0.4279629625
3 0.0027083328125 0.318796296875 0.0027083328125 0.4370370375 0.0666666671875 0.4370370375 0.0666666671875 0.318796296875 0.0027083328125 0.318796296875
3 0.0027083328125 0.20509259218749998 0.0027083328125 0.314259259375 0.060260417187500005 0.314259259375 0.060260417187500005 0.20509259218749998 0.0027083328125 0.20509259218749998
3 0.0027083328125 0.10962962968750001 0.0027083328125 0.20962962968749999 0.0641145828125 0.20962962968749999 0.0641145828125 0.10962962968750001 0.0027083328125 0.10962962968750001
3 0.0027083328125 0.002777778125 0.0027083328125 0.118703703125 0.0641145828125 0.118703703125 0.0641145828125 0.002777778125 0.0027083328125 0.002777778125
3 0.060260417187500005 0.002777778125 0.060260417187500005 0.036851851562499996 0.2009375 0.036851851562499996 0.2009375 0.002777778125 0.060260417187500005 0.002777778125
3 0.1983854171875 0.11416666718749999 0.1983854171875 0.03 0.0590104171875 0.03 0.0590104171875 0.11416666718749999 0.1983854171875 0.11416666718749999
3 0.20734375 0.20962962968749999 0.20734375 0.11416666718749999 0.0590104171875 0.11416666718749999 0.0590104171875 0.20962962968749999 0.20734375 0.20962962968749999
3 0.20609375000000002 0.2983333328125 0.20609375000000002 0.20962962968749999 0.060260417187500005 0.20962962968749999 0.060260417187500005 0.2983333328125 0.20609375000000002 0.2983333328125
3 0.20734375 0.389259259375 0.20734375 0.2983333328125 0.060260417187500005 0.2983333328125 0.060260417187500005 0.389259259375 0.20734375 0.389259259375
3 0.20734375 0.48250000000000004 0.20734375 0.38703703749999996 0.0564583328125 0.38703703749999996 0.0564583328125 0.48250000000000004 0.20734375 0.48250000000000004
3 0.20609375000000002 0.5575 0.20609375000000002 0.48250000000000004 0.0590104171875 0.48250000000000004 0.0590104171875 0.5575 0.20609375000000002 0.5575
3 0.20609375000000002 0.6666666671875 0.20609375000000002 0.5575 0.0641145828125 0.5575 0.0641145828125 0.6666666671875 0.20609375000000002 0.6666666671875
3 0.3122395828125 0.5734259265625 0.3122395828125 0.48472222187499997 0.2022395828125 0.48472222187499997 0.2022395828125 0.5734259265625 0.3122395828125 0.5734259265625
3 0.20734375 0.4256481484375 0.20734375 0.505277778125 0.3045833328125 0.505277778125 0.3045833328125 0.4256481484375 0.20734375 0.4256481484375
3 0.2022395828125 0.368796296875 0.2022395828125 0.4279629625 0.3045833328125 0.4279629625 0.3045833328125 0.368796296875 0.2022395828125 0.368796296875
3 0.20354166718750002 0.29601851875 0.20354166718750002 0.3665740734375 0.3045833328125 0.3665740734375 0.3045833328125 0.29601851875 0.20354166718750002 0.29601851875
3 0.2047916671875 0.23462962968749998 0.2047916671875 0.29601851875 0.3045833328125 0.29601851875 0.3045833328125 0.23462962968749998 0.2047916671875 0.23462962968749998
3 0.2047916671875 0.177777778125 0.2047916671875 0.23462962968749998 0.29942708281249997 0.23462962968749998 0.29942708281249997 0.177777778125 0.2047916671875 0.177777778125
3 0.2009375 0.09370370312500001 0.2009375 0.177777778125 0.29942708281249997 0.177777778125 0.29942708281249997 0.09370370312500001 0.2009375 0.09370370312500001
3 0.2009375 0.036851851562499996 0.2009375 0.10731481406250001 0.2981770828125 0.10731481406250001 0.2981770828125 0.036851851562499996 0.2009375 0.036851851562499996
3 0.2022395828125 0.0004629625 0.2022395828125 0.036851851562499996 0.2981770828125 0.036851851562499996 0.2981770828125 0.0004629625 0.2022395828125 0.0004629625