1 0.5706770828125001 0.20194444374999998 0.5706770828125001 0.0788888890625 0.48343749999999996 0.0788888890625 0.48343749999999996 0.20194444374999998 0.5706770828125001 0.20194444374999998
1 0.48411458281249997 0.2493518515625 0.48411458281249997 0.15064814843750002 0.4459375 0.15064814843750002 0.4459375 0.2493518515625 0.48411458281249997 0.2493518515625
1 0.44734375000000004 0.2699074078125 0.44734375000000004 0.203240740625 0.42213541718750003 0.203240740625 0.42213541718750003 0.2699074078125 0.44734375000000004 0.2699074078125
1 0.4184895828125 0.29675925937500003 0.4184895828125 0.235277778125 0.40406250000000005 0.235277778125 0.40406250000000005 0.29675925937500003 0.4184895828125 0.29675925937500003
1 0.4011979171875 0.3109259265625 0.4011979171875 0.262222221875 0.3867708328125 0.262222221875 0.3867708328125 0.3109259265625 0.4011979171875 0.3109259265625
1 0.3844270828125 0.32824074062499997 0.3844270828125 0.2756481484375 0.37140625 0.2756481484375 0.37140625 0.32824074062499997 0.3844270828125 0.32824074062499997
1 0.3817708328125 0.0229629625 0.3817708328125 0.0933333328125 0.40484375000000006 0.0933333328125 0.40484375000000006 0.0229629625 0.3817708328125 0.0229629625
1 0.3943229171875 0.0016666671875 0.3943229171875 0.0595370375 0.4378645828125 0.0595370375 0.4378645828125 0.0016666671875 0.3943229171875 0.0016666671875
1 0.3943229171875 0.1423148140625 0.3943229171875 0.08 0.3692708328125 0.08 0.3692708328125 0.1423148140625 0.3943229171875 0.1423148140625
1 0.00125 0.268240740625 0.00125 0.3234259265625 0.035312500000000004 0.3234259265625 0.035312500000000004 0.268240740625 0.00125 0.268240740625
1 0.0313020828125 0.29055555625 0.0313020828125 0.3359259265625 0.056874999999999995 0.3359259265625 0.056874999999999995 0.29055555625 0.0313020828125 0.29055555625
1 0.05536458281249999 0.284259259375 0.05536458281249999 0.3359259265625 0.0823958328125 0.3359259265625 0.0823958328125 0.284259259375 0.05536458281249999 0.284259259375
1 0.0819270828125 0.31898148125 0.0819270828125 0.35194444375 0.10744791718749999 0.35194444375 0.10744791718749999 0.31898148125 0.0819270828125 0.31898148125
1 0.1244791671875 0.353703703125 0.1244791671875 0.3278703703125 0.10541666718750001 0.3278703703125 0.10541666718750001 0.353703703125 0.1244791671875 0.353703703125
1 0.00125 0.12851851875 0.00125 0.20148148125 0.0884375 0.20148148125 0.0884375 0.12851851875 0.00125 0.12851851875
1 0.0313020828125 0.18194444375000002 0.0313020828125 0.2371296296875 0.12098958281250001 0.2371296296875 0.12098958281250001 0.18194444375000002 0.0313020828125 0.18194444375000002
1 0.052864582812500005 0.08305555625 0.052864582812500005 0.1266666671875 0.1119270828125 0.1266666671875 0.1119270828125 0.08305555625 0.052864582812500005 0.08305555625
1 0.010312499999999999 0.0251851859375 0.010312499999999999 0.081296296875 0.10145833281250001 0.081296296875 0.10145833281250001 0.0251851859375 0.010312499999999999 0.0251851859375
3 0.9496354171875 0.54101851875 0.9496354171875 0.41787037031249996 0.6895833328125 0.41787037031249996 0.6895833328125 0.54101851875 0.9496354171875 0.54101851875
3 0.8782291671875001 0.662222221875 0.8782291671875001 0.5220370375 0.6938020828125 0.5220370375 0.6938020828125 0.662222221875 0.8782291671875001 0.662222221875
3 0.9965104171875 0.7286111109375 0.9965104171875 0.5296296296875 0.8728645828125 0.5296296296875 0.8728645828125 0.7286111109375 0.9965104171875 0.7286111109375
3 0.7097916671875 0.6300925921875 0.7097916671875 0.5012037031250001 0.6383854171875 0.5012037031250001 0.6383854171875 0.6300925921875 0.7097916671875 0.6300925921875
3 0.690625 0.5106481484375001 0.690625 0.4329629625 0.5318229171875 0.4329629625 0.5318229171875 0.5106481484375001 0.690625 0.5106481484375001
3 0.6693229171875 0.5808333328125 0.6693229171875 0.5106481484375001 0.5371354171875 0.5106481484375001 0.5371354171875 0.5808333328125 0.6693229171875 0.5808333328125
3 0.8515625 0.8801851859375001 0.8515625 0.7134259265625 0.755625 0.7134259265625 0.755625 0.8801851859375001 0.8515625 0.8801851859375001
3 0.9933333328125 0.9749074078125 0.9933333328125 0.7588888890625001 0.8494270828125 0.7588888890625001 0.8494270828125 0.9749074078125 0.9933333328125 0.9749074078125
3 0.8547395828125 0.9862962968750001 0.8547395828125 0.834722221875 0.7503124999999999 0.834722221875 0.7503124999999999 0.9862962968750001 0.8547395828125 0.9862962968750001
3 0.98796875 0.9957407406250001 0.98796875 0.9104629624999999 0.8505208328125 0.9104629624999999 0.8505208328125 0.9957407406250001 0.98796875 0.9957407406250001
3 0.8462500000000001 0.9995370375 0.8462500000000001 0.9332407406250001 0.755625 0.9332407406250001 0.755625 0.9995370375 0.8462500000000001 0.9995370375
3 0.7577604171875 0.9975925921875 0.7577604171875 0.8289814812499999 0.6597395828125 0.8289814812499999 0.6597395828125 0.9975925921875 0.7577604171875 0.9975925921875
3 0.6991666671875 0.9142592593750001 0.6991666671875 0.7645370375 0.61390625 0.7645370375 0.61390625 0.9142592593750001 0.6991666671875 0.9142592593750001
3 0.7044791671875 0.8213888890625001 0.7044791671875 0.6963888890625001 0.5563541671875 0.6963888890625001 0.5563541671875 0.8213888890625001 0.7044791671875 0.8213888890625001
3 0.5861979171875 0.6849999999999999 0.5861979171875 0.6016666671875 0.4955729171875 0.6016666671875 0.4955729171875 0.6849999999999999 0.5861979171875 0.6849999999999999
3 0.5584895828125 0.7608333328125 0.5584895828125 0.6868518515625001 0.5190104171875001 0.6868518515625001 0.5190104171875001 0.7608333328125 0.5584895828125 0.7608333328125
3 0.5296875 0.7494444437500001 0.5296875 0.6831481484374999 0.5072916671875001 0.6831481484374999 0.5072916671875001 0.7494444437500001 0.5296875 0.7494444437500001
3 0.5115624999999999 0.7096296296875 0.5115624999999999 0.64898148125 0.48171875000000003 0.64898148125 0.48171875000000003 0.7096296296875 0.5115624999999999 0.7096296296875
3 0.49770833281250004 0.698240740625 0.49770833281250004 0.6300925921875 0.45828125000000003 0.6300925921875 0.45828125000000003 0.698240740625 0.49770833281250004 0.698240740625
3 0.47109375 0.64898148125 0.47109375 0.6129629624999999 0.43588541718749996 0.6129629624999999 0.43588541718749996 0.64898148125 0.47109375 0.64898148125
3 0.4966666671875 0.535277778125 0.4966666671875 0.48037037031249996 0.4486979171875 0.48037037031249996 0.4486979171875 0.535277778125 0.4966666671875 0.535277778125
3 0.5232812499999999 0.49555555625 0.5232812499999999 0.42731481406249994 0.4838541671875 0.42731481406249994 0.4838541671875 0.49555555625 0.5232812499999999 0.49555555625
3 0.5254166671875 0.5314814812499999 0.5254166671875 0.4936111109375 0.4849479171875 0.4936111109375 0.4849479171875 0.5314814812499999 0.5254166671875 0.5314814812499999
3 0.6693229171875 0.5675 0.6693229171875 0.4026851859375 0.50625 0.4026851859375 0.50625 0.5675 0.6693229171875 0.5675
3 0.0458333328125 0.7248148140625 0.0458333328125 0.6091666671875 0.0010416671875 0.6091666671875 0.0010416671875 0.7248148140625 0.0458333328125 0.7248148140625
3 0.45083333281250004 0.0048148140625000006 0.45083333281250004 0.08814814843749999 0.53078125 0.08814814843749999 0.53078125 0.0048148140625000006 0.45083333281250004 0.0048148140625000006
3 0.4828125 0.13935185156250002 0.4828125 0.0616666671875 0.459375 0.0616666671875 0.459375 0.13935185156250002 0.4828125 0.13935185156250002
3 0.4828125 0.175277778125 0.4828125 0.1165740734375 0.46359374999999997 0.1165740734375 0.46359374999999997 0.175277778125 0.4828125 0.175277778125
3 0.459375 0.17148148125 0.459375 0.09194444375000001 0.43911458281250004 0.09194444375000001 0.43911458281250004 0.17148148125 0.459375 0.17148148125
3 0.4657291671875 0.20750000000000002 0.4657291671875 0.1468518515625 0.4486979171875 0.1468518515625 0.4486979171875 0.20750000000000002 0.4657291671875 0.20750000000000002
3 0.45083333281250004 0.15064814843750002 0.45083333281250004 0.08055555625000001 0.42416666718749996 0.08055555625000001 0.42416666718749996 0.15064814843750002 0.45083333281250004 0.15064814843750002
3 0.4497395828125 0.1848148140625 0.4497395828125 0.1241666671875 0.42416666718749996 0.1241666671875 0.42416666718749996 0.1848148140625 0.4497395828125 0.1848148140625
3 0.44656250000000003 0.2170370375 0.44656250000000003 0.1696296296875 0.4327083328125 0.1696296296875 0.4327083328125 0.2170370375 0.44656250000000003 0.2170370375
3 0.42953125 0.23787037031249997 0.42953125 0.19240740781250001 0.4177604171875 0.19240740781250001 0.4177604171875 0.23787037031249997 0.42953125 0.23787037031249997
3 0.42864583281249996 0.191759259375 0.42864583281249996 0.10962962968750001 0.4144270828125 0.10962962968750001 0.4144270828125 0.191759259375 0.42864583281249996 0.191759259375
3 0.41796875 0.172777778125 0.41796875 0.1286111109375 0.40374999999999994 0.1286111109375 0.40374999999999994 0.172777778125 0.41796875 0.172777778125
3 0.39807291718750004 0.278240740625 0.39807291718750004 0.20249999999999999 0.3810416671875 0.20249999999999999 0.3810416671875 0.278240740625 0.39807291718750004 0.278240740625
3 0.0026562499999999998 0.1608333328125 0.0026562499999999998 0.206296296875 0.04421875 0.206296296875 0.04421875 0.1608333328125 0.0026562499999999998 0.1608333328125
3 0.0463541671875 0.22518518593749998 0.0463541671875 0.20249999999999999 0.0016145828125 0.20249999999999999 0.0016145828125 0.22518518593749998 0.0463541671875 0.22518518593749998
3 0.0463541671875 0.24416666718750002 0.0463541671875 0.22518518593749998 0.0186458328125 0.22518518593749998 0.0186458328125 0.24416666718750002 0.0463541671875 0.24416666718750002
3 0.041041667187500006 0.27064814843749996 0.041041667187500006 0.24416666718750002 0.0186458328125 0.24416666718750002 0.0186458328125 0.27064814843749996 0.041041667187500006 0.27064814843749996
3 0.058072917187499996 0.2479629625 0.058072917187499996 0.2195370375 0.041041667187500006 0.2195370375 0.041041667187500006 0.2479629625 0.058072917187499996 0.2479629625
3 0.04953125 0.58898148125 0.04953125 0.5473148140624999 0.0197395828125 0.5473148140624999 0.0197395828125 0.58898148125 0.04953125 0.58898148125
3 0.055937499999999994 0.6117592593750001 0.055937499999999994 0.58898148125 0.02078125 0.58898148125 0.02078125 0.6117592593750001 0.055937499999999994 0.6117592593750001
3 0.062343749999999996 0.5795370375 0.062343749999999996 0.5587037031250001 0.0527604171875 0.5587037031250001 0.0527604171875 0.5795370375 0.062343749999999996 0.5795370375
3 0.0602083328125 0.47722222187499996 0.0602083328125 0.448796296875 0.0239583328125 0.448796296875 0.0239583328125 0.47722222187499996 0.0602083328125 0.47722222187499996
3 0.0591666671875 0.48861111093750004 0.0591666671875 0.4658333328125 0.029322917187500002 0.4658333328125 0.029322917187500002 0.48861111093750004 0.0591666671875 0.48861111093750004
3 0.058072917187499996 0.5170370375 0.058072917187499996 0.494259259375 0.030364582812500002 0.494259259375 0.030364582812500002 0.5170370375 0.058072917187499996 0.5170370375
3 0.1198958328125 0.46398148125 0.1198958328125 0.4468518515625 0.0783333328125 0.4468518515625 0.0783333328125 0.46398148125 0.1198958328125 0.46398148125
3 0.1188541671875 0.49805555625000003 0.1188541671875 0.475277778125 0.1007291671875 0.475277778125 0.1007291671875 0.49805555625000003 0.1188541671875 0.49805555625000003
3 0.44817708281249996 0.5132407406249999 0.44817708281249996 0.467777778125 0.42260416718749994 0.467777778125 0.42260416718749994 0.5132407406249999 0.44817708281249996 0.5132407406249999
3 0.4470833328125 0.5075000000000001 0.4470833328125 0.412777778125 0.4066145828125 0.412777778125 0.4066145828125 0.5075000000000001 0.4470833328125 0.5075000000000001
3 0.40552083281250006 0.494259259375 0.40552083281250006 0.4658333328125 0.3810416671875 0.4658333328125 0.3810416671875 0.494259259375 0.40552083281250006 0.494259259375
3 0.47375 0.6212037031250001 0.47375 0.5833333328125 0.41510416718750004 0.5833333328125 0.41510416718750004 0.6212037031250001 0.47375 0.6212037031250001
3 0.40875000000000006 0.6041666671875 0.40875000000000006 0.5511111109375 0.3884895828125 0.5511111109375 0.3884895828125 0.6041666671875 0.40875000000000006 0.6041666671875
3 0.0809375 0.5963888890625 0.0809375 0.5648148140625 0.0624479171875 0.5648148140625 0.0624479171875 0.5963888890625 0.0809375 0.5963888890625
3 0.14015625 0.5095370375 0.14015625 0.4963888890625 0.1194270828125 0.4963888890625 0.1194270828125 0.5095370375 0.14015625 0.5095370375