1 0.5504687500000001 0.1335416671875 0.5504687500000001 0.1777083328125 0.5779687499999999 0.1777083328125 0.5779687499999999 0.1604166671875 0.61 0.1604166671875 0.61 0.0914583328125 0.5767187500000001 0.0914583328125 0.5767187500000001 0.1335416671875 0.5504687500000001 0.1335416671875
1 0.07718749999999999 0.1539583328125 0.07718749999999999 0.05625 0.0009375 0.05625 0.0009375 0.1539583328125 0.07718749999999999 0.1539583328125
1 0.16125 0.47458333281250004 0.16125 0.43166666718749996 0.1153125 0.43166666718749996 0.1153125 0.47458333281250004 0.16125 0.47458333281250004
1 0.20515625 0.1820833328125 0.20515625 0.139375 0.17734375 0.139375 0.17734375 0.1820833328125 0.20515625 0.1820833328125
1 0.703125 0.5070833328125001 0.703125 0.458125 0.6548437500000001 0.458125 0.6548437500000001 0.5070833328125001 0.703125 0.5070833328125001
1 0.6315625 0.3470833328125 0.6315625 0.3122916671875 0.5996875 0.3122916671875 0.5996875 0.3470833328125 0.6315625 0.3470833328125
1 0.5509375000000001 0.1975 0.5509375000000001 0.1652083328125 0.53453125 0.1652083328125 0.53453125 0.1975 0.5509375000000001 0.1975
1 0.655 0.48562500000000003 0.655 0.4370833328125 0.6017187500000001 0.4370833328125 0.6017187500000001 0.48562500000000003 0.655 0.48562500000000003
1 0.60734375 0.4625 0.60734375 0.42770833281250004 0.57328125 0.42770833281250004 0.57328125 0.4625 0.60734375 0.4625
1 0.57890625 0.4458333328125 0.57890625 0.41958333281250004 0.5549999999999999 0.41958333281250004 0.5549999999999999 0.4458333328125 0.57890625 0.4458333328125
1 0.19484375 0.4625 0.19484375 0.4302083328125 0.15984375 0.4302083328125 0.15984375 0.4625 0.19484375 0.4625
1 0.028749999999999998 0.5316666671875 0.028749999999999998 0.48020833281249997 0.000625 0.48020833281249997 0.000625 0.5316666671875 0.028749999999999998 0.5316666671875
4 0.99609375 0.6827083328125 0.99609375 0.0147916671875 0.80765625 0.0147916671875 0.80765625 0.6827083328125 0.99609375 0.6827083328125
4 0.8192187499999999 0.575 0.8192187499999999 0.10833333281249999 0.7096875 0.10833333281249999 0.7096875 0.575 0.8192187499999999 0.575
4 0.09609375 0.5327083328125 0.09609375 0.1672916671875 0.0028125 0.1672916671875 0.0028125 0.5327083328125 0.09609375 0.5327083328125
4 0.09031249999999999 0.003125 0.09031249999999999 0.1302083328125 0.1653125 0.1302083328125 0.1653125 0.003125 0.09031249999999999 0.003125
3 0.749375 0.0043749999999999995 0.749375 0.059375 0.7990625 0.059375 0.7990625 0.0043749999999999995 0.749375 0.0043749999999999995
3 0.7564062500000001 0.06875 0.7564062500000001 0.000625 0.7153125 0.000625 0.7153125 0.06875 0.7564062500000001 0.06875
3 0.66703125 0.1539583328125 0.66703125 0.0516666671875 0.62 0.0516666671875 0.62 0.1539583328125 0.66703125 0.1539583328125
3 0.70109375 0.301875 0.70109375 0.21458333281250003 0.6470312500000001 0.21458333281250003 0.6470312500000001 0.301875 0.70109375 0.301875