1 0.9063541671875001 0.6934259265625 0.9063541671875001 0.63944444375 0.8663541671875 0.63944444375 0.8663541671875 0.6934259265625 0.9063541671875001 0.6934259265625
1 0.9389062499999999 0.7328703703125 0.9389062499999999 0.6737037031249999 0.9085416671875001 0.6737037031249999 0.9085416671875001 0.7328703703125 0.9389062499999999 0.7328703703125
1 0.82640625 0.575 0.82640625 0.5434259265625 0.68796875 0.5434259265625 0.68796875 0.575 0.82640625 0.575
1 0.8248958328124999 0.6434259265625 0.8248958328124999 0.5868518515625001 0.6872395828125 0.5868518515625001 0.6872395828125 0.6434259265625 0.8248958328124999 0.6434259265625
1 0.9988541671875 0.264722221875 0.9988541671875 0.2078703703125 0.8965104171875 0.2078703703125 0.8965104171875 0.264722221875 0.9988541671875 0.264722221875
1 0.9061458328124999 0.3025925921875 0.9061458328124999 0.24953703749999998 0.8634895828125 0.24953703749999998 0.8634895828125 0.3025925921875 0.9061458328124999 0.3025925921875
1 0.8677604171875 0.32351851875 0.8677604171875 0.2723148140625 0.8336458328124999 0.2723148140625 0.8336458328124999 0.32351851875 0.8677604171875 0.32351851875
1 0.9647395828124999 0.36898148124999997 0.9647395828124999 0.3045370375 0.89546875 0.3045370375 0.89546875 0.36898148124999997 0.9647395828124999 0.36898148124999997
1 0.9977604171875001 0.3556481484375 0.9977604171875001 0.2893518515625 0.9519791671875 0.2893518515625 0.9519791671875 0.3556481484375 0.9977604171875001 0.3556481484375
1 0.052447917187500005 0.0336111109375 0.052447917187500005 0.1984259265625 0.3209895828125 0.1984259265625 0.3209895828125 0.0336111109375 0.052447917187500005 0.0336111109375
1 0.00234375 0.003240740625 0.00234375 0.111296296875 0.2165625 0.111296296875 0.2165625 0.003240740625 0.00234375 0.003240740625
1 0.2570833328125 0.10555555624999999 0.2570833328125 0.183240740625 0.42760416718750005 0.183240740625 0.42760416718750005 0.10555555624999999 0.2570833328125 0.10555555624999999
1 0.16859375000000001 0.1851851859375 0.16859375000000001 0.2590740734375 0.42546875 0.2590740734375 0.42546875 0.1851851859375 0.16859375000000001 0.1851851859375
1 0.3327083328125 0.25148148125 0.3327083328125 0.300740740625 0.4819270828125 0.300740740625 0.4819270828125 0.25148148125 0.3327083328125 0.25148148125
1 0.4298958328125 0.3063888890625 0.4298958328125 0.3379629625 0.5080729171875 0.3379629625 0.5080729171875 0.3063888890625 0.4298958328125 0.3063888890625
1 0.8219791671875001 0.34018518593749997 0.8219791671875001 0.30509259218749996 0.7991666671875 0.30509259218749996 0.7991666671875 0.34018518593749997 0.8219791671875001 0.34018518593749997
1 0.7979166671875 0.3478703703125 0.7979166671875 0.31824074062499996 0.7825 0.31824074062499996 0.7825 0.3478703703125 0.7979166671875 0.3478703703125
1 0.7868229171875 0.1943518515625 0.7868229171875 0.1515740734375 0.7769270828125 0.1515740734375 0.7769270828125 0.1943518515625 0.7868229171875 0.1943518515625
1 0.7738541671875 0.2063888890625 0.7738541671875 0.171296296875 0.7608854171874999 0.171296296875 0.7608854171874999 0.2063888890625 0.7738541671875 0.2063888890625
1 0.7693749999999999 0.014537037499999999 0.7693749999999999 0.0713888890625 0.78984375 0.0713888890625 0.78984375 0.014537037499999999 0.7693749999999999 0.014537037499999999
1 0.7765104171874999 0.1029629625 0.7765104171874999 0.055555556250000006 0.7578645828125 0.055555556250000006 0.7578645828125 0.1029629625 0.7765104171874999 0.1029629625
3 0.2180208328125 0.556203703125 0.2180208328125 0.44472222187500005 0.0059375 0.44472222187500005 0.0059375 0.556203703125 0.2180208328125 0.556203703125
3 0.213125 0.6216666671875 0.213125 0.5343518515625 0.13635416718749999 0.5343518515625 0.13635416718749999 0.6216666671875 0.213125 0.6216666671875
3 0.1379166671875 0.66805555625 0.1379166671875 0.550740740625 0.0013020828125 0.550740740625 0.0013020828125 0.66805555625 0.1379166671875 0.66805555625
3 0.0442708328125 0.99 0.0442708328125 0.8508333328125 0.0059375 0.8508333328125 0.0059375 0.99 0.0442708328125 0.99
3 0.1440625 0.9981481484374999 0.1440625 0.8589814812500001 0.03046875 0.8589814812500001 0.03046875 0.9981481484374999 0.1440625 0.9981481484374999
3 0.32515625 0.730740740625 0.32515625 0.6298148140625 0.22078125 0.6298148140625 0.22078125 0.730740740625 0.32515625 0.730740740625
3 0.32515625 0.79898148125 0.32515625 0.7171296296875 0.24072916718749998 0.7171296296875 0.24072916718749998 0.79898148125 0.32515625 0.79898148125
3 0.3573958328125 0.7716666671875 0.3573958328125 0.6843518515625 0.3005729171875 0.6843518515625 0.3005729171875 0.7716666671875 0.3573958328125 0.7716666671875
3 0.3819270828125 0.72805555625 0.3819270828125 0.6516666671875 0.3313020828125 0.6516666671875 0.3313020828125 0.72805555625 0.3819270828125 0.72805555625
3 0.2821875 0.515277778125 0.2821875 0.44157407343750005 0.22541666718750003 0.44157407343750005 0.22541666718750003 0.515277778125 0.2821875 0.515277778125
3 0.2821875 0.5943518515624999 0.2821875 0.5179629625 0.2284375 0.5179629625 0.2284375 0.5943518515624999 0.2821875 0.5943518515624999
3 0.3282291671875 0.5179629625 0.3282291671875 0.444259259375 0.2744791671875 0.444259259375 0.2744791671875 0.5179629625 0.3282291671875 0.5179629625
3 0.3313020828125 0.580740740625 0.3313020828125 0.5125 0.27296875 0.5125 0.27296875 0.580740740625 0.3313020828125 0.580740740625
3 0.3727083328125 0.5125 0.3727083328125 0.444259259375 0.3005729171875 0.444259259375 0.3005729171875 0.5125 0.3727083328125 0.5125
3 0.368125 0.5643518515625 0.368125 0.5070370375000001 0.3313020828125 0.5070370375000001 0.3313020828125 0.5643518515625 0.368125 0.5643518515625
3 0.401875 0.5043518515625001 0.401875 0.4525 0.36046875 0.4525 0.36046875 0.5043518515625001 0.401875 0.5043518515625001
3 0.3957291671875 0.556203703125 0.3957291671875 0.5070370375000001 0.3650520828125 0.5070370375000001 0.3650520828125 0.556203703125 0.3957291671875 0.556203703125
3 0.41875 0.5261111109375001 0.41875 0.49611111093750004 0.39265625000000004 0.49611111093750004 0.39265625000000004 0.5261111109375001 0.41875 0.5261111109375001
3 0.40541666718749997 0.6121296296875001 0.40541666718749997 0.55944444375 0.3055208328125 0.55944444375 0.3055208328125 0.6121296296875001 0.40541666718749997 0.6121296296875001
3 0.41208333281250004 0.6542592593750001 0.41208333281250004 0.6134259265625001 0.3077604171875 0.6134259265625001 0.3077604171875 0.6542592593750001 0.41208333281250004 0.6542592593750001
3 0.41208333281250004 0.6989814812499999 0.41208333281250004 0.6542592593750001 0.3195833328125 0.6542592593750001 0.3195833328125 0.6989814812499999 0.41208333281250004 0.6989814812499999
3 0.43062500000000004 0.59898148125 0.43062500000000004 0.5515740734375 0.40541666718749997 0.5515740734375 0.40541666718749997 0.59898148125 0.43062500000000004 0.59898148125
3 0.4291145828125 0.6397222218749999 0.4291145828125 0.595 0.4046875 0.595 0.4046875 0.6397222218749999 0.4291145828125 0.6397222218749999
3 0.4350520828125 0.6805555562500001 0.4350520828125 0.629259259375 0.40541666718749997 0.629259259375 0.40541666718749997 0.6805555562500001 0.4350520828125 0.6805555562500001
3 0.4491145828125 0.65944444375 0.4491145828125 0.62 0.42395833281249995 0.62 0.42395833281249995 0.65944444375 0.4491145828125 0.65944444375
3 0.4528125 0.6410185187499999 0.4528125 0.59898148125 0.4335416671875 0.59898148125 0.4335416671875 0.6410185187499999 0.4528125 0.6410185187499999
3 0.47057291718750005 0.6278703703125 0.47057291718750005 0.59101851875 0.43578124999999995 0.59101851875 0.43578124999999995 0.6278703703125 0.47057291718750005 0.6278703703125
3 0.4794791671875 0.58055555625 0.4794791671875 0.543703703125 0.4335416671875 0.543703703125 0.4335416671875 0.58055555625 0.4794791671875 0.58055555625
3 0.4794791671875 0.621296296875 0.4794791671875 0.5871296296875 0.43208333281250005 0.5871296296875 0.43208333281250005 0.621296296875 0.4794791671875 0.621296296875
3 0.4883333328125 0.5739814812499999 0.4883333328125 0.5384259265625 0.475 0.5384259265625 0.475 0.5739814812499999 0.4883333328125 0.5739814812499999
3 0.49057291718749996 0.5975925921874999 0.49057291718749996 0.5700000000000001 0.4772395828125 0.5700000000000001 0.4772395828125 0.5975925921874999 0.49057291718749996 0.5975925921874999
3 0.515 0.5778703703125 0.515 0.5121296296875 0.48239583281250004 0.5121296296875 0.48239583281250004 0.5778703703125 0.515 0.5778703703125
3 0.5268229171875001 0.5475925921875 0.5268229171875001 0.518703703125 0.5120312499999999 0.518703703125 0.5120312499999999 0.5475925921875 0.5268229171875001 0.5475925921875
3 0.52828125 0.568703703125 0.52828125 0.5424074078125 0.5127604171875 0.5424074078125 0.5127604171875 0.568703703125 0.52828125 0.568703703125
3 0.8746875 0.59101851875 0.8746875 0.5160185187499999 0.8310416671875 0.5160185187499999 0.8310416671875 0.59101851875 0.8746875 0.59101851875
3 0.8583854171875 0.6002777781249999 0.8583854171875 0.5608333328125 0.8428645828124999 0.5608333328125 0.8428645828124999 0.6002777781249999 0.8583854171875 0.6002777781249999
3 0.8724479171875 0.60555555625 0.8724479171875 0.571296296875 0.8554166671875001 0.571296296875 0.8554166671875001 0.60555555625 0.8724479171875 0.60555555625
3 0.8561979171875 0.468703703125 0.8561979171875 0.4331481484375 0.8361979171874999 0.4331481484375 0.8361979171874999 0.468703703125 0.8561979171875 0.468703703125
3 0.8561979171875 0.489722221875 0.8561979171875 0.4674074078125 0.8391666671875001 0.4674074078125 0.8391666671875001 0.489722221875 0.8561979171875 0.489722221875
3 0.83765625 0.4871296296875 0.83765625 0.4674074078125 0.8288020828124999 0.4674074078125 0.8288020828124999 0.4871296296875 0.83765625 0.4871296296875
3 0.87171875 0.489722221875 0.87171875 0.4278703703125 0.8539583328125 0.4278703703125 0.8539583328125 0.489722221875 0.87171875 0.489722221875
3 0.4646354171875 0.5147222218749999 0.4646354171875 0.425277778125 0.3913541671875 0.425277778125 0.3913541671875 0.5147222218749999 0.4646354171875 0.5147222218749999
3 0.48020833281249997 0.479259259375 0.48020833281249997 0.44898148125 0.4572395828125 0.44898148125 0.4572395828125 0.479259259375 0.48020833281249997 0.479259259375
3 0.48020833281249997 0.50944444375 0.48020833281249997 0.48055555625 0.45796875000000004 0.48055555625 0.45796875000000004 0.50944444375 0.48020833281249997 0.50944444375
3 0.49203125 0.504259259375 0.49203125 0.47259259218749994 0.4765104171875 0.47259259218749994 0.4765104171875 0.504259259375 0.49203125 0.504259259375
3 0.50609375 0.44759259218749997 0.50609375 0.43185185156249994 0.4794791671875 0.43185185156249994 0.4794791671875 0.44759259218749997 0.50609375 0.44759259218749997
3 0.5076041671875 0.46212962968750004 0.5076041671875 0.44759259218749997 0.48687500000000006 0.44759259218749997 0.48687500000000006 0.46212962968750004 0.5076041671875 0.46212962968750004
3 0.5076041671875 0.48842592656250006 0.5076041671875 0.46212962968750004 0.4927604171875 0.46212962968750004 0.4927604171875 0.48842592656250006 0.5076041671875 0.48842592656250006
3 0.5208854171875 0.4858333328125 0.5208854171875 0.43185185156249994 0.5016666671875 0.43185185156249994 0.5016666671875 0.4858333328125 0.5208854171875 0.4858333328125
3 0.5919791671875 0.525277778125 0.5919791671875 0.48842592656250006 0.56828125 0.48842592656250006 0.56828125 0.525277778125 0.5919791671875 0.525277778125
1 0.9539583328125 0.6301851859375 0.9539583328125 0.689259259375 0.9985416671875 0.689259259375 0.9985416671875 0.6301851859375 0.9539583328125 0.6301851859375
1 0.9434895828125001 0.662222221875 0.9434895828125001 0.7381481484375 0.9994791671875 0.7381481484375 0.9994791671875 0.662222221875 0.9434895828125001 0.662222221875
1 0.9434895828125001 0.707777778125 0.9434895828125001 0.761759259375 0.9947395828125 0.761759259375 0.9947395828125 0.707777778125 0.9434895828125001 0.707777778125