1 0.896875 0.9104166671874999 0.896875 0.6925 0.79140625 0.6925 0.79140625 0.9104166671874999 0.896875 0.9104166671874999
1 0.8246874999999999 0.9972916671875 0.8246874999999999 0.8472916671874999 0.70625 0.8472916671874999 0.70625 0.9972916671875 0.8246874999999999 0.9972916671875
1 0.8059375 0.28125 0.8059375 0.24041666718750002 0.6756249999999999 0.24041666718750002 0.6756249999999999 0.28125 0.8059375 0.28125
1 0.67265625 0.2733333328125 0.67265625 0.2416666671875 0.5996875 0.2416666671875 0.5996875 0.2733333328125 0.67265625 0.2733333328125
1 0.5878125 0.27458333281249997 0.5878125 0.24312499999999998 0.51671875 0.24312499999999998 0.51671875 0.27458333281249997 0.5878125 0.27458333281249997
1 0.51875 0.3495833328125 0.51875 0.27458333281249997 0.24937499999999999 0.27458333281249997 0.24937499999999999 0.3495833328125 0.51875 0.3495833328125
1 0.80203125 0.3602083328125 0.80203125 0.3220833328125 0.6678124999999999 0.3220833328125 0.6678124999999999 0.3602083328125 0.80203125 0.3602083328125
1 0.9525 0.294375 0.9525 0.2697916671875 0.9051562499999999 0.2697916671875 0.9051562499999999 0.294375 0.9525 0.294375
1 0.90390625 0.32375 0.90390625 0.3054166671875 0.85390625 0.3054166671875 0.85390625 0.32375 0.90390625 0.32375
1 0.8559374999999999 0.321875 0.8559374999999999 0.3016666671875 0.8215625 0.3016666671875 0.8215625 0.321875 0.8559374999999999 0.321875
1 0.9545312499999999 0.22770833281249997 0.9545312499999999 0.2004166671875 0.8970312500000001 0.2004166671875 0.8970312500000001 0.22770833281249997 0.9545312499999999 0.22770833281249997
1 0.89765625 0.225 0.89765625 0.199375 0.8525 0.199375 0.8525 0.225 0.89765625 0.225
1 0.84765625 0.22125 0.84765625 0.1975 0.8071875000000001 0.1975 0.8071875000000001 0.22125 0.84765625 0.22125
1 0.33828125 0.2477083328125 0.33828125 0.0591666671875 0.0075 0.0591666671875 0.0075 0.2477083328125 0.33828125 0.2477083328125
1 0.5940624999999999 0.0870833328125 0.5940624999999999 0.000625 0.35359375000000004 0.000625 0.35359375000000004 0.0870833328125 0.5940624999999999 0.0870833328125
1 0.66671875 0.11187499999999999 0.66671875 0.0658333328125 0.58484375 0.0658333328125 0.58484375 0.11187499999999999 0.66671875 0.11187499999999999
1 0.79203125 0.1 0.79203125 0.05125 0.670625 0.05125 0.670625 0.1 0.79203125 0.1
1 0.586875 0.135625 0.586875 0.06979166718749999 0.5078125 0.06979166718749999 0.5078125 0.135625 0.586875 0.135625
1 0.50484375 0.15 0.50484375 0.0947916671875 0.4496875 0.0947916671875 0.4496875 0.15 0.50484375 0.15
1 0.7095312500000001 0.20812499999999998 0.7095312500000001 0.1858333328125 0.625625 0.1858333328125 0.625625 0.20812499999999998 0.7095312500000001 0.20812499999999998
2 0.9596875 0.40708333281250003 0.9596875 0.30062500000000003 0.89140625 0.30062500000000003 0.89140625 0.40708333281250003 0.9596875 0.40708333281250003
4 0.9643750000000001 0.5775 0.9643750000000001 0.3864583328125 0.8125 0.3864583328125 0.8125 0.5775 0.9643750000000001 0.5775
4 0.10187500000000001 0.2364583328125 0.10187500000000001 0.3620833328125 0.18562499999999998 0.3620833328125 0.18562499999999998 0.2364583328125 0.10187500000000001 0.2364583328125