1 0.715625 0.5514583328125 0.715625 0.5254166671875 0.6325000000000001 0.5254166671875 0.6325000000000001 0.5514583328125 0.715625 0.5514583328125
1 0.6325000000000001 0.5566666671875 0.6325000000000001 0.5110416671875 0.5220312500000001 0.5110416671875 0.5220312500000001 0.5566666671875 0.6325000000000001 0.5566666671875
1 0.42234375 0.4954166671875 0.42234375 0.46291666718749996 0.3040625 0.46291666718749996 0.3040625 0.4954166671875 0.42234375 0.4954166671875
1 0.441875 0.4733333328125 0.441875 0.45104166718750005 0.41937499999999994 0.45104166718750005 0.41937499999999994 0.4733333328125 0.441875 0.4733333328125
1 0.13296875 0.47729166718749994 0.13296875 0.41333333281250006 0.024375 0.41333333281250006 0.024375 0.47729166718749994 0.13296875 0.47729166718749994
1 0.1925 0.45625 0.1925 0.40812499999999996 0.12703124999999998 0.40812499999999996 0.12703124999999998 0.45625 0.1925 0.45625
1 0.19546875 0.6114583328125 0.19546875 0.5475 0.13093749999999998 0.5475 0.13093749999999998 0.6114583328125 0.19546875 0.6114583328125
1 0.13 0.66875 0.13 0.5866666671874999 0.04984375 0.5866666671874999 0.04984375 0.66875 0.13 0.66875
1 0.24625 0.4733333328125 0.24625 0.43166666718749996 0.1915625 0.43166666718749996 0.1915625 0.4733333328125 0.24625 0.4733333328125
1 0.2521875 0.5789583328125001 0.2521875 0.5214583328125 0.19640625 0.5214583328125 0.19640625 0.5789583328125001 0.2521875 0.5789583328125001
1 0.1290625 0.258125 0.1290625 0.196875 0.0165625 0.196875 0.0165625 0.258125 0.1290625 0.258125
1 0.47625 0.26187499999999997 0.47625 0.2525 0.445 0.2525 0.445 0.26187499999999997 0.47625 0.26187499999999997
1 0.4759375 0.3097916671875 0.4759375 0.299375 0.44437499999999996 0.299375 0.44437499999999996 0.3097916671875 0.4759375 0.3097916671875
2 0.7028125000000001 0.4879166671875 0.7028125000000001 0.21979166718749998 0.6028125 0.21979166718749998 0.6028125 0.4879166671875 0.7028125000000001 0.4879166671875
4 0.760625 0.39416666718750004 0.760625 0.7416666671875001 0.99515625 0.7416666671875001 0.99515625 0.39416666718750004 0.760625 0.39416666718750004
4 0.39609375 0.3672916671875 0.39609375 0.446875 0.48078125 0.446875 0.48078125 0.3672916671875 0.39609375 0.3672916671875
1 0.2546875 0.5022916671875 0.2546875 0.5395833328124999 0.2984375 0.5395833328124999 0.2984375 0.5022916671875 0.2546875 0.5022916671875
1 0.25359375 0.4797916671875 0.25359375 0.51875 0.29171874999999997 0.51875 0.29171874999999997 0.4797916671875 0.25359375 0.4797916671875
1 0.25578124999999996 0.45 0.25578124999999996 0.48125 0.29390625 0.48125 0.29390625 0.45 0.25578124999999996 0.45
1 0.258125 0.43208333281250005 0.258125 0.45437500000000003 0.29734375 0.45437500000000003 0.29734375 0.43208333281250005 0.258125 0.43208333281250005
1 0.2546875 0.40520833281249996 0.2546875 0.42458333281250005 0.29500000000000004 0.42458333281250005 0.29500000000000004 0.40520833281249996 0.2546875 0.40520833281249996
1 0.2546875 0.3827083328125 0.2546875 0.40062499999999995 0.29390625 0.40062499999999995 0.29390625 0.3827083328125 0.2546875 0.3827083328125
1 0.14937499999999998 0.3604166671875 0.14937499999999998 0.3783333328125 0.29390625 0.3783333328125 0.29390625 0.3604166671875 0.14937499999999998 0.3604166671875
1 0.14937499999999998 0.3320833328125 0.14937499999999998 0.3604166671875 0.29734375 0.3604166671875 0.29734375 0.3320833328125 0.14937499999999998 0.3320833328125
1 0.15171874999999999 0.3095833328125 0.15171874999999999 0.3320833328125 0.29734375 0.3320833328125 0.29734375 0.3095833328125 0.15171874999999999 0.3095833328125
1 0.15171874999999999 0.28125 0.15171874999999999 0.3095833328125 0.29609375 0.3095833328125 0.29609375 0.28125 0.15171874999999999 0.28125
1 0.2390625 0.2558333328125 0.2390625 0.28125 0.29609375 0.28125 0.29609375 0.2558333328125 0.2390625 0.2558333328125
1 0.14937499999999998 0.2289583328125 0.14937499999999998 0.2529166671875 0.30171875 0.2529166671875 0.30171875 0.2289583328125 0.14937499999999998 0.2289583328125