1 0.9979687500000001 0.75875 0.9979687500000001 0.6716666671875 0.843125 0.6716666671875 0.843125 0.75875 0.9979687500000001 0.75875
1 0.4565625 0.514375 0.4565625 0.3135416671875 0.0003125 0.3135416671875 0.0003125 0.514375 0.4565625 0.514375
1 0.45375 0.9974999999999999 0.45375 0.7852083328125 0.0046875 0.7852083328125 0.0046875 0.9974999999999999 0.45375 0.9974999999999999
1 0.51078125 0.74 0.51078125 0.834375 0.7490625 0.834375 0.7490625 0.74 0.51078125 0.74
1 0.51796875 0.6591666671875 0.51796875 0.7360416671875 0.7578125 0.7360416671875 0.7578125 0.6591666671875 0.51796875 0.6591666671875
1 0.51796875 0.5775 0.51796875 0.6591666671875 0.76890625 0.6591666671875 0.76890625 0.5775 0.51796875 0.5775
1 0.48046875 0.469375 0.48046875 0.5779166671875 0.76015625 0.5779166671875 0.76015625 0.469375 0.48046875 0.469375
1 0.48640625000000004 0.3633333328125 0.48640625000000004 0.5029166671875 0.77015625 0.5029166671875 0.77015625 0.3633333328125 0.48640625000000004 0.3633333328125
1 0.4925 0.2735416671875 0.4925 0.44125 0.7721875 0.44125 0.7721875 0.2735416671875 0.4925 0.2735416671875
1 0.4925 0.1835416671875 0.4925 0.3458333328125 0.77421875 0.3458333328125 0.77421875 0.1835416671875 0.4925 0.1835416671875
1 0.49453125 0.0910416671875 0.49453125 0.2654166671875 0.77125 0.2654166671875 0.77125 0.0910416671875 0.49453125 0.0910416671875
1 0.50859375 0.0010416671875 0.50859375 0.1729166671875 0.78125 0.1729166671875 0.78125 0.0010416671875 0.50859375 0.0010416671875