1 0 0.0927083328125 0.08890624999999999 0.0927083328125 0.08890624999999999 0.027500000000000004 0 0.027500000000000004 0 0.0927083328125
1 0.083125 0 0.083125 0.07958333281249999 0.305 0.07958333281249999 0.305 0 0.083125 0
1 0.29328125 0.2047916671875 0.29328125 0.11229166718750001 0.06453125 0.11229166718750001 0.06453125 0.2047916671875 0.29328125 0.2047916671875
1 0.06546874999999999 0.21125 0.06546874999999999 0.1539583328125 0.001875 0.1539583328125 0.001875 0.21125 0.06546874999999999 0.21125
1 0.26203125 0.39125 0.26203125 0.33125 0.04109375 0.33125 0.04109375 0.39125 0.26203125 0.39125
1 0.54734375 0.5097916671875 0.54734375 0.43937499999999996 0.2815625 0.43937499999999996 0.2815625 0.5097916671875 0.54734375 0.5097916671875
1 0.5376562500000001 0.6479166671875001 0.5376562500000001 0.575 0.28250000000000003 0.575 0.28250000000000003 0.6479166671875001 0.5376562500000001 0.6479166671875001
1 0.53078125 0.774375 0.53078125 0.711875 0.29125 0.711875 0.29125 0.774375 0.53078125 0.774375
1 0.791875 0.39895833281250004 0.791875 0.3325 0.57765625 0.3325 0.57765625 0.39895833281250004 0.791875 0.39895833281250004
1 0.9090624999999999 0.6727083328125001 0.9090624999999999 0.5958333328125 0.7859375 0.5958333328125 0.7859375 0.6727083328125001 0.9090624999999999 0.6727083328125001
1 0.9081250000000001 0.7208333328125 0.9081250000000001 0.650625 0.77609375 0.650625 0.77609375 0.7208333328125 0.9081250000000001 0.7208333328125
1 1 0.6895833328125 0.87984375 0.6895833328125 0.87984375 0.8004166671874999 1 0.8004166671874999 1 0.6895833328125
1 0.54640625 0.1891666671875 0.54640625 0.1160416671875 0.2990625 0.1160416671875 0.2990625 0.1891666671875 0.54640625 0.1891666671875
1 0.9207812499999999 0.2660416671875 0.9207812499999999 0.1891666671875 0.7996875 0.1891666671875 0.7996875 0.2660416671875 0.9207812499999999 0.2660416671875
1 0.5896874999999999 0.1497916671875 0.5896874999999999 0.2352083328125 0.79578125 0.2352083328125 0.79578125 0.1497916671875 0.5896874999999999 0.1497916671875
4 0.79578125 0.7554166671875 0.79578125 0.3635416671875 0.5403125 0.3635416671875 0.5403125 0.7554166671875 0.79578125 0.7554166671875
4 0.27296875 0.76625 0.27296875 0.346875 0.0365625 0.346875 0.0365625 0.76625 0.27296875 0.76625
4 0 0.7725 0.051875000000000004 0.7725 0.051875000000000004 0.3672916671875 0 0.3672916671875 0 0.7725
3 0.96796875 0.11750000000000001 0.96796875 0.04375 0.8909375 0.04375 0.8909375 0.11750000000000001 0.96796875 0.11750000000000001
3 0.9974999999999999 0.1029166671875 0.9974999999999999 0.030625000000000003 0.9609375 0.030625000000000003 0.9609375 0.1029166671875 0.9974999999999999 0.1029166671875
3 0.9974999999999999 0.15958333281249998 0.9974999999999999 0.105625 0.9796875 0.105625 0.9796875 0.15958333281249998 0.9974999999999999 0.15958333281249998
3 0.97875 0.17541666718749999 0.97875 0.10687500000000001 0.9076562499999999 0.10687500000000001 0.9076562499999999 0.17541666718749999 0.97875 0.17541666718749999
3 0.98078125 0.22916666718749998 0.98078125 0.1647916671875 0.9146875 0.1647916671875 0.9146875 0.22916666718749998 0.98078125 0.22916666718749998
3 0.98078125 0.28312499999999996 0.98078125 0.21749999999999997 0.915625 0.21749999999999997 0.915625 0.28312499999999996 0.98078125 0.28312499999999996
3 0.9965624999999999 0.2766666671875 0.9965624999999999 0.2160416671875 0.97578125 0.2160416671875 0.97578125 0.2766666671875 0.9965624999999999 0.2766666671875
3 0.98171875 0.33708333281249997 0.98171875 0.2754166671875 0.91765625 0.2754166671875 0.91765625 0.33708333281249997 0.98171875 0.33708333281249997
3 0.9974999999999999 0.3410416671875 0.9974999999999999 0.2791666671875 0.97875 0.2791666671875 0.97875 0.3410416671875 0.9974999999999999 0.3410416671875
3 0.9995312500000001 0.405625 0.9995312500000001 0.3477083328125 0.9846875 0.3477083328125 0.9846875 0.405625 0.9995312500000001 0.405625
3 0.9965624999999999 0.458125 0.9965624999999999 0.41208333281250004 0.98171875 0.41208333281250004 0.98171875 0.458125 0.9965624999999999 0.458125
3 0.9984375 0.533125 0.9984375 0.4620833328125 0.9796875 0.4620833328125 0.9796875 0.533125 0.9984375 0.533125
3 0.9984375 0.5977083328125 0.9984375 0.5227083328125001 0.97484375 0.5227083328125001 0.97484375 0.5977083328125 0.9984375 0.5977083328125
3 0.9995312500000001 0.756875 0.9995312500000001 0.5766666671875 0.9551562499999999 0.5766666671875 0.9551562499999999 0.756875 0.9995312500000001 0.756875
3 0.96390625 0.7254166671875 0.96390625 0.64375 0.896875 0.64375 0.896875 0.7254166671875 0.96390625 0.7254166671875
3 0.9028124999999999 0.6016666671875 0.9028124999999999 0.6870833328125 0.9698437500000001 0.6870833328125 0.9698437500000001 0.6016666671875 0.9028124999999999 0.6016666671875
3 0.976875 0.6291666671875 0.976875 0.5595833328125 0.9037499999999999 0.5595833328125 0.9037499999999999 0.6291666671875 0.976875 0.6291666671875
3 0.91171875 0.505625 0.91171875 0.5845833328125 0.9778125 0.5845833328125 0.9778125 0.505625 0.91171875 0.505625
3 0.9126562500000001 0.4464583328125 0.9126562500000001 0.5175 0.98171875 0.5175 0.98171875 0.4464583328125 0.9126562500000001 0.4464583328125
3 0.9146875 0.38708333281249996 0.9146875 0.45416666718750004 0.9896874999999999 0.45416666718750004 0.9896874999999999 0.38708333281249996 0.9146875 0.38708333281249996
3 0.9106249999999999 0.33708333281249997 0.9106249999999999 0.3897916671875 0.9896874999999999 0.3897916671875 0.9896874999999999 0.33708333281249997 0.9106249999999999 0.33708333281249997
1 0.594375 0.0939583328125 0.594375 0.1870833328125 0.79578125 0.1870833328125 0.79578125 0.0939583328125 0.594375 0.0939583328125
1 0.59203125 0.0395833328125 0.59203125 0.1375 0.7934375 0.1375 0.7934375 0.0395833328125 0.59203125 0.0395833328125
1 0.59671875 0.0070833328125 0.59671875 0.08937500000000001 0.79234375 0.08937500000000001 0.79234375 0.0070833328125 0.59671875 0.0070833328125
1 0.66296875 0.0054166671875 0.66296875 0.038125 0.79234375 0.038125 0.79234375 0.0054166671875 0.66296875 0.0054166671875