1 0.2365625 0.001875 0.2365625 0.07875 0.49609375 0.07875 0.49609375 0.001875 0.2365625 0.001875
1 0.260625 0.025 0.260625 0.1558333328125 0.5701562499999999 0.1558333328125 0.5701562499999999 0.025 0.260625 0.025
1 0.3875 0.10187500000000001 0.3875 0.2160416671875 0.6221875 0.2160416671875 0.6221875 0.10187500000000001 0.3875 0.10187500000000001
1 0.45968749999999997 0.200625 0.45968749999999997 0.27875 0.673125 0.27875 0.673125 0.200625 0.45968749999999997 0.200625
1 0.651875 0.246875 0.651875 0.3045833328125 0.6990624999999999 0.3045833328125 0.6990624999999999 0.246875 0.651875 0.246875
1 0.6903125 0.2891666671875 0.6903125 0.3302083328125 0.7173437500000001 0.3302083328125 0.7173437500000001 0.2891666671875 0.6903125 0.2891666671875
1 0.6321875 0.3375 0.6321875 0.3864583328125 0.765625 0.3864583328125 0.765625 0.3375 0.6321875 0.3375
2 0.98171875 0.6160416671875 0.98171875 0.4879166671875 0.92015625 0.4879166671875 0.92015625 0.6160416671875 0.98171875 0.6160416671875
2 0.89609375 0.5608333328125 0.89609375 0.4839583328125 0.8596875 0.4839583328125 0.8596875 0.5608333328125 0.89609375 0.5608333328125
3 0.2528125 0.21729166718749998 0.2528125 0.1135416671875 0.07484375 0.1135416671875 0.07484375 0.21729166718749998 0.2528125 0.21729166718749998
3 0.25484375 0.2635416671875 0.25484375 0.1816666671875 0.0728125 0.1816666671875 0.0728125 0.2635416671875 0.25484375 0.2635416671875
3 0.24874999999999997 0.301875 0.24874999999999997 0.23625 0.1034375 0.23625 0.1034375 0.301875 0.24874999999999997 0.301875
3 0.25078125 0.3508333328125 0.25078125 0.2854166671875 0.1075 0.2854166671875 0.1075 0.3508333328125 0.25078125 0.3508333328125
3 0.11171875 0.27458333281249997 0.11171875 0.1816666671875 0.01953125 0.1816666671875 0.01953125 0.27458333281249997 0.11171875 0.27458333281249997
3 0.11171875 0.32083333281250004 0.11171875 0.25 0.0134375 0.25 0.0134375 0.32083333281250004 0.11171875 0.32083333281250004
3 0.27749999999999997 0.631875 0.27749999999999997 0.416875 0.04546875 0.416875 0.04546875 0.631875 0.27749999999999997 0.631875
3 0.3490625 0.3891666671875 0.3490625 0.1627083328125 0.23859375 0.1627083328125 0.23859375 0.3891666671875 0.3490625 0.3891666671875
3 0.4096875 0.40437500000000004 0.4096875 0.35812499999999997 0.33468749999999997 0.35812499999999997 0.33468749999999997 0.40437500000000004 0.4096875 0.40437500000000004
3 0.45953125000000006 0.41916666718749995 0.45953125000000006 0.37 0.4125 0.37 0.4125 0.41916666718749995 0.45953125000000006 0.41916666718749995
3 0.5025000000000001 0.438125 0.5025000000000001 0.378125 0.4534375 0.378125 0.4534375 0.438125 0.5025000000000001 0.438125
3 0.5434375 0.4545833328125 0.5434375 0.38375 0.5025000000000001 0.38375 0.5025000000000001 0.4545833328125 0.5434375 0.4545833328125
3 0.5823437499999999 0.4683333328125 0.5823437499999999 0.33999999999999997 0.44921875 0.33999999999999997 0.44921875 0.4683333328125 0.5823437499999999 0.4683333328125
3 0.6028125 0.4683333328125 0.6028125 0.41645833281250005 0.5782812500000001 0.41645833281250005 0.5782812500000001 0.4683333328125 0.6028125 0.4683333328125
3 0.6314062500000001 0.49000000000000005 0.6314062500000001 0.4491666671875 0.60484375 0.4491666671875 0.60484375 0.49000000000000005 0.6314062500000001 0.49000000000000005
3 0.54515625 0.5620833328125 0.54515625 0.5297916671875 0.47125000000000006 0.5297916671875 0.47125000000000006 0.5620833328125 0.54515625 0.5620833328125
3 0.52390625 0.61125 0.52390625 0.5695833328125001 0.4528125 0.5695833328125001 0.4528125 0.61125 0.52390625 0.61125
3 0.45125000000000004 0.61125 0.45125000000000004 0.553125 0.34734375 0.553125 0.34734375 0.61125 0.45125000000000004 0.61125
3 0.57078125 0.6131249999999999 0.57078125 0.5791666671875 0.53671875 0.5791666671875 0.53671875 0.6131249999999999 0.57078125 0.6131249999999999
3 0.59484375 0.6131249999999999 0.59484375 0.5602083328125 0.55234375 0.5602083328125 0.55234375 0.6131249999999999 0.59484375 0.6131249999999999
3 0.630625 0.6147916671875 0.630625 0.5806250000000001 0.598125 0.5806250000000001 0.598125 0.6147916671875 0.630625 0.6147916671875
3 0.65234375 0.6160416671875 0.65234375 0.5700000000000001 0.6207812500000001 0.5700000000000001 0.6207812500000001 0.6160416671875 0.65234375 0.6160416671875
3 0.6721874999999999 0.608125 0.6721874999999999 0.5739583328125 0.65046875 0.5739583328125 0.65046875 0.608125 0.6721874999999999 0.608125
3 0.6909375 0.5818749999999999 0.6909375 0.5383333328125001 0.63171875 0.5383333328125001 0.63171875 0.5818749999999999 0.6909375 0.5818749999999999
3 0.691875 0.608125 0.691875 0.5779166671875 0.6721874999999999 0.5779166671875 0.6721874999999999 0.608125 0.691875 0.608125
3 0.67015625 0.5081249999999999 0.67015625 0.45958333281249997 0.621875 0.45958333281249997 0.621875 0.5081249999999999 0.67015625 0.5081249999999999
3 0.6889062499999999 0.4791666671875 0.6889062499999999 0.43979166718749996 0.6207812500000001 0.43979166718749996 0.6207812500000001 0.4791666671875 0.6889062499999999 0.4791666671875
3 0.6889062499999999 0.505625 0.6889062499999999 0.480625 0.6603125000000001 0.480625 0.6603125000000001 0.505625 0.6889062499999999 0.505625
3 0.7056250000000001 0.5147916671874999 0.7056250000000001 0.43187499999999995 0.686875 0.43187499999999995 0.686875 0.5147916671874999 0.7056250000000001 0.5147916671874999
3 0.73328125 0.49375 0.73328125 0.45562500000000006 0.7056250000000001 0.45562500000000006 0.7056250000000001 0.49375 0.73328125 0.49375
3 0.73140625 0.52125 0.73140625 0.49375 0.70375 0.49375 0.70375 0.52125 0.73140625 0.52125
3 0.74421875 0.6120833328125 0.74421875 0.57125 0.71359375 0.57125 0.71359375 0.6120833328125 0.74421875 0.6120833328125
3 0.5940624999999999 0.0533333328125 0.5940624999999999 0.0075 0.5265625 0.0075 0.5265625 0.0533333328125 0.5940624999999999 0.0533333328125
3 0.59296875 0.08333333281250001 0.59296875 0.0295833328125 0.53015625 0.0295833328125 0.53015625 0.08333333281250001 0.59296875 0.08333333281250001
3 0.5940624999999999 0.100625 0.5940624999999999 0.0595833328125 0.5348437500000001 0.0595833328125 0.5348437500000001 0.100625 0.5940624999999999 0.100625
3 0.588125 0.13708333281250001 0.588125 0.0895833328125 0.55140625 0.0895833328125 0.55140625 0.13708333281250001 0.588125 0.13708333281250001
3 0.6248437499999999 0.0816666671875 0.6248437499999999 0.024791667187499998 0.59890625 0.024791667187499998 0.59890625 0.0816666671875 0.6248437499999999 0.0816666671875
3 0.62609375 0.1070833328125 0.62609375 0.07229166718749999 0.59765625 0.07229166718749999 0.59765625 0.1070833328125 0.62609375 0.1070833328125
3 0.61890625 0.130625 0.61890625 0.0975 0.59640625 0.0975 0.59640625 0.130625 0.61890625 0.130625
3 0.6165625 0.16229166718750002 0.6165625 0.130625 0.59046875 0.130625 0.59046875 0.16229166718750002 0.6165625 0.16229166718750002
3 0.655625 0.1354166671875 0.655625 0.0816666671875 0.6129687500000001 0.0816666671875 0.6129687500000001 0.1354166671875 0.655625 0.1354166671875
3 0.6509375000000001 0.1764583328125 0.6509375000000001 0.12437499999999999 0.60359375 0.12437499999999999 0.60359375 0.1764583328125 0.6509375000000001 0.1764583328125
3 0.64625 0.2033333328125 0.64625 0.16375 0.61546875 0.16375 0.61546875 0.2033333328125 0.64625 0.2033333328125
3 0.66984375 0.1716666671875 0.66984375 0.1195833328125 0.6496875 0.1195833328125 0.6496875 0.1716666671875 0.66984375 0.1716666671875
3 0.66875 0.1985416671875 0.66875 0.1575 0.6485937500000001 0.1575 0.6485937500000001 0.1985416671875 0.66875 0.1985416671875
3 0.6628125 0.24125000000000002 0.6628125 0.20166666718749998 0.64625 0.20166666718749998 0.64625 0.24125000000000002 0.6628125 0.24125000000000002
3 0.69828125 0.2222916671875 0.69828125 0.1670833328125 0.67703125 0.1670833328125 0.67703125 0.2222916671875 0.69828125 0.2222916671875
3 0.69828125 0.23958333281250002 0.69828125 0.20166666718749998 0.6746875 0.20166666718749998 0.6746875 0.23958333281250002 0.69828125 0.23958333281250002
3 0.69234375 0.268125 0.69234375 0.23333333281250002 0.67578125 0.23333333281250002 0.67578125 0.268125 0.69234375 0.268125
1 0.735625 0.1608333328125 0.735625 0.20375000000000001 0.76078125 0.20375000000000001 0.76078125 0.1608333328125 0.735625 0.1608333328125