1 0.944375 0.468125 0.944375 0.3729166671875 0.76046875 0.3729166671875 0.76046875 0.468125 0.944375 0.468125
1 0.7009375 0 0.7009375 0.0614583328125 0.75171875 0.0614583328125 0.75171875 0 0.7009375 0
1 0.701875 0.10833333281249999 0.701875 0.027500000000000004 0.6696875 0.027500000000000004 0.6696875 0.10833333281249999 0.701875 0.10833333281249999
1 0.6696875 0.13708333281250001 0.6696875 0.071875 0.64515625 0.071875 0.64515625 0.13708333281250001 0.6696875 0.13708333281250001
1 0.64515625 0.164375 0.64515625 0.1147916671875 0.625625 0.1147916671875 0.625625 0.164375 0.64515625 0.164375
1 0.6246875000000001 0.1916666671875 0.6246875000000001 0.1422916671875 0.59828125 0.1422916671875 0.59828125 0.1916666671875 0.6246875000000001 0.1916666671875
1 0.0528125 0 0.0528125 0.0679166671875 0.1240625 0.0679166671875 0.1240625 0 0.0528125 0
1 0.18375 0.10833333281249999 0.18375 0.027500000000000004 0.12703124999999998 0.027500000000000004 0.12703124999999998 0.10833333281249999 0.18375 0.10833333281249999
1 0.21796875 0.14750000000000002 0.21796875 0.0927083328125 0.18078125 0.0927083328125 0.18078125 0.14750000000000002 0.21796875 0.14750000000000002
1 0.17203125 0.2920833328125 0.17203125 0.24 0.100625 0.24 0.100625 0.2920833328125 0.17203125 0.2920833328125
1 0.17203125 0.4889583328125 0.17203125 0.43541666718750005 0.1134375 0.43541666718750005 0.1134375 0.4889583328125 0.17203125 0.4889583328125
1 0.22578125 0.33645833281250004 0.22578125 0.29854166718749997 0.1828125 0.29854166718749997 0.1828125 0.33645833281250004 0.22578125 0.33645833281250004
1 0.22875 0.410625 0.22875 0.3702083328125 0.18578125 0.3702083328125 0.18578125 0.410625 0.22875 0.410625
1 0.6526562499999999 0.3964583328125 0.6526562499999999 0.40750000000000003 0.694375 0.40750000000000003 0.694375 0.3725 0.6559375000000001 0.3725 0.6559375000000001 0.3664583328125 0.6265625 0.3664583328125 0.6265625 0.3964583328125 0.6526562499999999 0.3964583328125
1 0.61875 0.3808333328125 0.61875 0.3597916671875 0.5875 0.3597916671875 0.5875 0.3808333328125 0.61875 0.3808333328125
1 0.11578124999999999 0.5127083328125 0.11578124999999999 0.45 0.038593749999999996 0.45 0.038593749999999996 0.5127083328125 0.11578124999999999 0.5127083328125
1 0.31671875 0.2477083328125 0.31671875 0.2125 0.284375 0.2125 0.284375 0.2477083328125 0.31671875 0.2477083328125
1 0.28250000000000003 0.0964583328125 0.28250000000000003 0.052500000000000005 0.24718749999999998 0.052500000000000005 0.24718749999999998 0.0964583328125 0.28250000000000003 0.0964583328125