1 0.6290625000000001 0.0006481484375 0.6290625000000001 0.1493518515625 0.7235416671875 0.1493518515625 0.7235416671875 0.0006481484375 0.6290625000000001 0.0006481484375
1 0.7257291671874999 0.003240740625 0.7257291671874999 0.0493518515625 0.7819791671874999 0.0493518515625 0.7819791671874999 0.003240740625 0.7257291671874999 0.003240740625
1 0.6442187500000001 0.194259259375 0.6442187500000001 0.0903703703125 0.5829166671875 0.0903703703125 0.5829166671875 0.194259259375 0.6442187500000001 0.194259259375
1 0.5872395828125 0.2570370375 0.5872395828125 0.1775925921875 0.5432812499999999 0.1775925921875 0.5432812499999999 0.2570370375 0.5872395828125 0.2570370375
1 0.5425520828125 0.2903703703125 0.5425520828125 0.2224074078125 0.5165625 0.2224074078125 0.5165625 0.2903703703125 0.5425520828125 0.2903703703125
1 0.5180208328125 0.30444444375 0.5180208328125 0.24037037031250003 0.4920833328125 0.24037037031250003 0.4920833328125 0.30444444375 0.5180208328125 0.30444444375
1 0.54109375 0.21342592656249998 0.54109375 0.14555555625 0.51296875 0.14555555625 0.51296875 0.21342592656249998 0.54109375 0.21342592656249998
1 0.5367708328125 0.0929629625 0.5367708328125 0.1813888890625 0.5865625 0.1813888890625 0.5865625 0.0929629625 0.5367708328125 0.0929629625
1 0.0002604171875 0.1596296296875 0.0002604171875 0.2365740734375 0.05 0.2365740734375 0.05 0.1596296296875 0.0002604171875 0.1596296296875
1 0.0384375 0.223703703125 0.0384375 0.2890740734375 0.09468750000000001 0.2890740734375 0.09468750000000001 0.223703703125 0.0384375 0.223703703125
1 0.0824479171875 0.2724074078125 0.0824479171875 0.30962962968749996 0.1271875 0.30962962968749996 0.1271875 0.2724074078125 0.0824479171875 0.2724074078125
1 0.1271875 0.2890740734375 0.1271875 0.3211111109375 0.14953125 0.3211111109375 0.14953125 0.2890740734375 0.1271875 0.2890740734375
1 0.0283854171875 0.058333332812500006 0.0283854171875 0.1211111109375 0.14375 0.1211111109375 0.14375 0.058333332812500006 0.0283854171875 0.058333332812500006
1 0.0038541671875000003 0.003240740625 0.0038541671875000003 0.0724074078125 0.11921875 0.0724074078125 0.11921875 0.003240740625 0.0038541671875000003 0.003240740625
1 0.063125 0.13333333281249998 0.063125 0.1803703703125 0.18031250000000001 0.1803703703125 0.18031250000000001 0.13333333281249998 0.063125 0.13333333281249998
1 0.10458333281250001 0.170740740625 0.10458333281250001 0.21027777812499998 0.1977083328125 0.21027777812499998 0.1977083328125 0.170740740625 0.10458333281250001 0.170740740625
1 0.16765625 0.19638888906250002 0.16765625 0.2273148140625 0.2133333328125 0.2273148140625 0.2133333328125 0.19638888906250002 0.16765625 0.19638888906250002
1 0.21031249999999999 0.22305555625 0.21031249999999999 0.24333333281249997 0.2199479171875 0.24333333281249997 0.2199479171875 0.22305555625 0.21031249999999999 0.22305555625
1 0.1727083328125 0.02398148125 0.1727083328125 0.057870370312499995 0.18984375 0.057870370312499995 0.18984375 0.02398148125 0.1727083328125 0.02398148125
1 0.1158854171875 0.3209259265625 0.1158854171875 0.3478703703125 0.18005208281250001 0.3478703703125 0.18005208281250001 0.3209259265625 0.1158854171875 0.3209259265625
1 0.1670833328125 0.333796296875 0.1670833328125 0.35425925937499997 0.1944791671875 0.35425925937499997 0.1944791671875 0.333796296875 0.1670833328125 0.333796296875
1 0.13968750000000002 0.25166666718749997 0.13968750000000002 0.28379629687499996 0.1952083328125 0.28379629687499996 0.1952083328125 0.25166666718749997 0.13968750000000002 0.25166666718749997
1 0.3173958328125 0.52851851875 0.3173958328125 0.5146296296874999 0.2533333328125 0.5146296296874999 0.2533333328125 0.52851851875 0.3173958328125 0.52851851875
1 0.31515624999999997 0.5640740734375 0.31515624999999997 0.5390740734375 0.260625 0.5390740734375 0.260625 0.5640740734375 0.31515624999999997 0.5640740734375
1 0.49343750000000003 0.3299074078125 0.49343750000000003 0.2765740734375 0.47437500000000005 0.2765740734375 0.47437500000000005 0.3299074078125 0.49343750000000003 0.3299074078125
1 0.47838541718750005 0.3406481484375 0.47838541718750005 0.3023148140625 0.46588541718750004 0.3023148140625 0.46588541718750004 0.3406481484375 0.47838541718750005 0.3406481484375
1 0.46739583281249997 0.3575925921875 0.46739583281249997 0.3148148140625 0.45536458281250003 0.3148148140625 0.45536458281250003 0.3575925921875 0.46739583281249997 0.3575925921875
1 0.4573958328125 0.36555555625 0.4573958328125 0.3308333328125 0.44484375 0.3308333328125 0.44484375 0.36555555625 0.4573958328125 0.36555555625
1 0.45432291718749995 0.1173148140625 0.45432291718749995 0.16351851875 0.49036458281249995 0.16351851875 0.49036458281249995 0.1173148140625 0.45432291718749995 0.1173148140625
1 0.44671874999999994 0.0072222218749999996 0.44671874999999994 0.0404629625 0.47578125 0.0404629625 0.47578125 0.0072222218749999996 0.44671874999999994 0.0072222218749999996
2 0.3586458328125 0.5199074078125 0.3586458328125 0.39935185156249997 0.3226041671875 0.39935185156249997 0.3226041671875 0.5199074078125 0.3586458328125 0.5199074078125
2 0.30890625 0.494259259375 0.30890625 0.40444444375 0.2800520828125 0.40444444375 0.2800520828125 0.494259259375 0.30890625 0.494259259375
3 0.8782291671875001 0.46314814843749996 0.8782291671875001 0.39342592656250003 0.7916145828125 0.39342592656250003 0.7916145828125 0.46314814843749996 0.8782291671875001 0.46314814843749996
3 0.8693229171875 0.5158333328125 0.8693229171875 0.46055555625 0.79015625 0.46055555625 0.79015625 0.5158333328125 0.8693229171875 0.5158333328125
3 0.8663541671875 0.5815740734375 0.8663541671875 0.5171296296875 0.79234375 0.5171296296875 0.79234375 0.5815740734375 0.8663541671875 0.5815740734375
3 0.9961458328124999 0.5917592593750001 0.9961458328124999 0.45305555625 0.8913020828124999 0.45305555625 0.8913020828124999 0.5917592593750001 0.9961458328124999 0.5917592593750001
3 0.945 0.8395370375000001 0.945 0.735 0.7761979171875 0.735 0.7761979171875 0.8395370375000001 0.945 0.8395370375000001
3 0.9334895828124999 0.9009259265624999 0.9334895828124999 0.807777778125 0.7748958328125 0.807777778125 0.7748958328125 0.9009259265624999 0.9334895828124999 0.9009259265624999
3 0.9986979171874999 0.99648148125 0.9986979171874999 0.8123148140625001 0.8605729171875 0.8123148140625001 0.8605729171875 0.99648148125 0.9986979171874999 0.99648148125
3 0.9040625 0.8577777781249999 0.9040625 0.6440740734375 0.7147916671875 0.6440740734375 0.7147916671875 0.8577777781249999 0.9040625 0.8577777781249999
3 0.7147916671875 0.7509259265625 0.7147916671875 0.6508333328125 0.6278125 0.6508333328125 0.6278125 0.7509259265625 0.7147916671875 0.7509259265625
3 0.7109375 0.6599074078125 0.7109375 0.5803703703124999 0.5881770828125 0.5803703703124999 0.5881770828125 0.6599074078125 0.7109375 0.6599074078125
3 0.6572395828125 0.7167592593750001 0.6572395828125 0.646296296875 0.5971354171875001 0.646296296875 0.5971354171875001 0.7167592593750001 0.6572395828125 0.7167592593750001
3 0.6022395828125 0.7668518515625 0.6022395828125 0.621296296875 0.5050520828125 0.621296296875 0.5050520828125 0.7668518515625 0.6022395828125 0.7668518515625
3 0.6393229171875 0.46212962968750004 0.6393229171875 0.42120370312500005 0.5971354171875001 0.42120370312500005 0.5971354171875001 0.46212962968750004 0.6393229171875 0.46212962968750004
3 0.6393229171875 0.48944444374999996 0.6393229171875 0.46212962968750004 0.5945833328125001 0.46212962968750004 0.5945833328125001 0.48944444374999996 0.6393229171875 0.48944444374999996
3 0.6367708328125 0.52351851875 0.6367708328125 0.48944444374999996 0.5971354171875001 0.48944444374999996 0.5971354171875001 0.52351851875 0.6367708328125 0.52351851875
3 0.66875 0.541759259375 0.66875 0.46898148125 0.6303645828125 0.46898148125 0.6303645828125 0.541759259375 0.66875 0.541759259375
3 0.7198958328125 0.49851851875 0.7198958328125 0.44398148125 0.6648958328125001 0.44398148125 0.6648958328125001 0.49851851875 0.7198958328125 0.49851851875
3 0.6994270828125 0.5303703703125 0.6994270828125 0.4916666671875 0.6738541671875 0.4916666671875 0.6738541671875 0.5303703703125 0.6994270828125 0.5303703703125
3 0.8017708328125 0.562222221875 0.8017708328125 0.48944444374999996 0.6981770828125 0.48944444374999996 0.6981770828125 0.562222221875 0.8017708328125 0.562222221875
3 0.8017708328125 0.49851851875 0.8017708328125 0.3825925921875 0.69046875 0.3825925921875 0.69046875 0.49851851875 0.8017708328125 0.49851851875
3 0.67 0.518703703125 0.67 0.42222222187499997 0.6298958328125 0.42222222187499997 0.6298958328125 0.518703703125 0.67 0.518703703125
3 0.5959895828125 0.47046296249999997 0.5959895828125 0.4375925921875 0.5676041671875 0.4375925921875 0.5676041671875 0.47046296249999997 0.5959895828125 0.47046296249999997
3 0.5873437499999999 0.5000925921875 0.5873437499999999 0.47268518593750003 0.5676041671875 0.47268518593750003 0.5676041671875 0.5000925921875 0.5873437499999999 0.5000925921875
3 0.5922916671875 0.5231481484375 0.5922916671875 0.5000925921875 0.5676041671875 0.5000925921875 0.5676041671875 0.5231481484375 0.5922916671875 0.5231481484375
3 0.575 0.5209259265624999 0.575 0.47592592656250005 0.5565104171875 0.47592592656250005 0.5565104171875 0.5209259265624999 0.575 0.5209259265624999
3 0.56453125 0.5198148140625001 0.56453125 0.47379629687499997 0.5361458328125 0.47379629687499997 0.5361458328125 0.5198148140625001 0.56453125 0.5198148140625001
3 0.5355208328125001 0.50555555625 0.5355208328125001 0.46824074062500004 0.4985416671875 0.46824074062500004 0.4985416671875 0.50555555625 0.5355208328125001 0.50555555625
3 0.56328125 0.6283333328125 0.56328125 0.5340740734375 0.5090104171875 0.5340740734375 0.5090104171875 0.6283333328125 0.56328125 0.6283333328125
3 0.5971875 0.6283333328125 0.5971875 0.5581481484374999 0.5336979171875 0.5581481484374999 0.5336979171875 0.6283333328125 0.5971875 0.6283333328125
3 0.4991145828125 0.593240740625 0.4991145828125 0.5483333328125 0.4726041671875 0.5483333328125 0.4726041671875 0.593240740625 0.4991145828125 0.593240740625
3 0.5157812500000001 0.5746296296875 0.5157812500000001 0.55055555625 0.5046875 0.55055555625 0.5046875 0.5746296296875 0.5157812500000001 0.5746296296875
3 0.5157812500000001 0.587777778125 0.5157812500000001 0.5746296296875 0.5022395828125 0.5746296296875 0.5022395828125 0.587777778125 0.5157812500000001 0.587777778125
3 0.51640625 0.6086111109375001 0.51640625 0.5900000000000001 0.5022395828125 0.5900000000000001 0.5022395828125 0.6086111109375001 0.51640625 0.6086111109375001
3 0.5663541671875 0.4770370375 0.5663541671875 0.4441666671875 0.5515625 0.4441666671875 0.5515625 0.4770370375 0.5663541671875 0.4770370375
3 0.5377604171875 0.13694444374999998 0.5377604171875 0.1040740734375 0.50078125 0.1040740734375 0.50078125 0.13694444374999998 0.5377604171875 0.13694444374999998
3 0.5300520828125 0.1625925921875 0.5300520828125 0.1324074078125 0.50078125 0.1324074078125 0.50078125 0.1625925921875 0.5300520828125 0.1625925921875
3 0.5208333328125 0.17629629687499998 0.5208333328125 0.1534259265625 0.5018229171875 0.1534259265625 0.5018229171875 0.17629629687499998 0.5208333328125 0.17629629687499998
3 0.5208333328125 0.20824074062500003 0.5208333328125 0.17444444374999998 0.49921875 0.17444444374999998 0.49921875 0.20824074062500003 0.5208333328125 0.20824074062500003
3 0.52390625 0.21648148125 0.52390625 0.19092592656250001 0.5028125 0.19092592656250001 0.5028125 0.21648148125 0.52390625 0.21648148125
3 0.52390625 0.2393518515625 0.52390625 0.21370370312500003 0.5013020828125 0.21370370312500003 0.5013020828125 0.2393518515625 0.52390625 0.2393518515625
3 0.5213541671875 0.26120370312499996 0.5213541671875 0.2320370375 0.50078125 0.2320370375 0.50078125 0.26120370312499996 0.5213541671875 0.26120370312499996
3 0.050677082812499996 0.539259259375 0.050677082812499996 0.4871296296875 0.02046875 0.4871296296875 0.02046875 0.539259259375 0.050677082812499996 0.539259259375
3 0.0240625 0.5471296296875 0.0240625 0.4176851859375 0.0009375 0.4176851859375 0.0009375 0.5471296296875 0.0240625 0.5471296296875
3 0.0755729171875 0.2313888890625 0.0755729171875 0.18555555625 0.037343749999999995 0.18555555625 0.037343749999999995 0.2313888890625 0.0755729171875 0.2313888890625
3 0.0382291671875 0.149259259375 0.0382291671875 0.1966666671875 0.07734375 0.1966666671875 0.07734375 0.149259259375 0.0382291671875 0.149259259375
3 0.0764583328125 0.15398148125 0.0764583328125 0.108240740625 0.0329166671875 0.108240740625 0.0329166671875 0.15398148125 0.0764583328125 0.15398148125
3 0.0977604171875 0.1745370375 0.0977604171875 0.1224074078125 0.07109375 0.1224074078125 0.07109375 0.1745370375 0.0977604171875 0.1745370375
3 0.0951041671875 0.2124074078125 0.0951041671875 0.1713888890625 0.06578125 0.1713888890625 0.06578125 0.2124074078125 0.0951041671875 0.2124074078125
3 0.096875 0.24870370312499998 0.096875 0.2061111109375 0.0640104171875 0.2061111109375 0.0640104171875 0.24870370312499998 0.096875 0.24870370312499998
3 0.0764583328125 0.6798148140625 0.0764583328125 0.640277778125 0.052447917187500005 0.640277778125 0.052447917187500005 0.6798148140625 0.0764583328125 0.6798148140625
3 0.0515625 0.698703703125 0.0515625 0.63398148125 0.0018229171874999998 0.63398148125 0.0018229171874999998 0.698703703125 0.0515625 0.698703703125
3 0.0302604171875 0.7098148140625 0.0302604171875 0.6608333328125 0.0018229171874999998 0.6608333328125 0.0018229171874999998 0.7098148140625 0.0302604171875 0.7098148140625
3 0.0906770828125 0.678240740625 0.0906770828125 0.6213888890625 0.0560416671875 0.6213888890625 0.0560416671875 0.678240740625 0.0906770828125 0.678240740625
3 0.1128645828125 0.66398148125 0.1128645828125 0.60555555625 0.0702083328125 0.60555555625 0.0702083328125 0.66398148125 0.1128645828125 0.66398148125
3 0.1270833328125 0.629259259375 0.1270833328125 0.5913888890625 0.10218750000000001 0.5913888890625 0.10218750000000001 0.629259259375 0.1270833328125 0.629259259375
3 0.1359375 0.5898148140624999 0.1359375 0.55194444375 0.0888541671875 0.55194444375 0.0888541671875 0.5898148140624999 0.1359375 0.5898148140624999
3 0.1368229171875 0.6150925921875 0.1368229171875 0.5898148140624999 0.1190625 0.5898148140624999 0.1190625 0.6150925921875 0.1368229171875 0.6150925921875
3 0.1492708328125 0.6213888890625 0.1492708328125 0.5835185187499999 0.1368229171875 0.5835185187499999 0.1368229171875 0.6213888890625 0.1492708328125 0.6213888890625
3 0.0027083328125 0.1326851859375 0.0027083328125 0.16555555625 0.01828125 0.16555555625 0.01828125 0.1326851859375 0.0027083328125 0.1326851859375
3 0.00125 0.10370370312499999 0.00125 0.139259259375 0.015312500000000001 0.139259259375 0.015312500000000001 0.10370370312499999 0.00125 0.10370370312499999
3 0.0027083328125 0.0761111109375 0.0027083328125 0.11027777812499999 0.013854167187499999 0.11027777812499999 0.013854167187499999 0.0761111109375 0.0027083328125 0.0761111109375
3 0.0005208328124999999 0.0195370375 0.0005208328124999999 0.0813888890625 0.0130729171875 0.0813888890625 0.0130729171875 0.0195370375 0.0005208328124999999 0.0195370375
3 0.0390104171875 0.0813888890625 0.0390104171875 0.0313888890625 0.015312500000000001 0.0313888890625 0.015312500000000001 0.0813888890625 0.0390104171875 0.0813888890625
3 0.0390104171875 0.1116666671875 0.0390104171875 0.06555555625000001 0.015312500000000001 0.06555555625000001 0.015312500000000001 0.1116666671875 0.0390104171875 0.1116666671875
3 0.0375 0.1326851859375 0.0375 0.0866666671875 0.014583332812499999 0.0866666671875 0.014583332812499999 0.1326851859375 0.0375 0.1326851859375
3 0.04046875 0.160277778125 0.04046875 0.11824074062500001 0.0116145828125 0.11824074062500001 0.0116145828125 0.160277778125 0.04046875 0.160277778125
3 0.0390104171875 0.1971296296875 0.0390104171875 0.1498148140625 0.0190104171875 0.1498148140625 0.0190104171875 0.1971296296875 0.0390104171875 0.1971296296875
3 0.11968749999999999 0.21296296250000002 0.11968749999999999 0.16425925937500002 0.0952604171875 0.16425925937500002 0.0952604171875 0.21296296250000002 0.11968749999999999 0.21296296250000002
3 0.1233854171875 0.24324074062499998 0.1233854171875 0.2024074078125 0.09895833281250001 0.2024074078125 0.09895833281250001 0.24324074062499998 0.1233854171875 0.24324074062499998
3 0.12484375 0.26694444375000004 0.12484375 0.2366666671875 0.105625 0.2366666671875 0.105625 0.26694444375000004 0.12484375 0.26694444375000004
3 0.1041145828125 0.2563888890625 0.1041145828125 0.21824074062499998 0.09229166718750001 0.21824074062499998 0.09229166718750001 0.2563888890625 0.1041145828125 0.2563888890625
3 0.1174479171875 0.5300925921874999 0.1174479171875 0.48398148125 0.07453125000000001 0.48398148125 0.07453125000000001 0.5300925921874999 0.1174479171875 0.5300925921874999
3 0.0796875 0.5313888890625 0.0796875 0.4813888890625 0.05010416718750001 0.4813888890625 0.05010416718750001 0.5313888890625 0.0796875 0.5313888890625
3 0.48515625 0.2640740734375 0.48515625 0.2448148140625 0.45942708281250005 0.2448148140625 0.45942708281250005 0.2640740734375 0.48515625 0.2640740734375
3 0.49234375 0.30333333281249997 0.49234375 0.2740740734375 0.4686979171875 0.2740740734375 0.4686979171875 0.30333333281249997 0.49234375 0.30333333281249997
3 0.5026041671875 0.20555555625 0.5026041671875 0.1891666671875 0.49031250000000004 0.1891666671875 0.49031250000000004 0.20555555625 0.5026041671875 0.20555555625
3 0.5026041671875 0.2256481484375 0.5026041671875 0.20370370312500002 0.4892708328125 0.20370370312500002 0.4892708328125 0.2256481484375 0.5026041671875 0.2256481484375
3 0.5021354171875 0.240277778125 0.5021354171875 0.2256481484375 0.4892708328125 0.2256481484375 0.4892708328125 0.240277778125 0.5021354171875 0.240277778125
3 0.5036458328125 0.2586111109375 0.5036458328125 0.2366666671875 0.49031250000000004 0.2366666671875 0.49031250000000004 0.2586111109375 0.5036458328125 0.2586111109375
3 0.50625 0.2731481484375 0.50625 0.2586111109375 0.49031250000000004 0.2586111109375 0.49031250000000004 0.2731481484375 0.50625 0.2731481484375
3 0.5328125 0.47648148125 0.5328125 0.4511111109375 0.49390625000000005 0.4511111109375 0.49390625000000005 0.47648148125 0.5328125 0.47648148125
3 0.5075000000000001 0.5 0.5075000000000001 0.48407407343750003 0.49390625000000005 0.48407407343750003 0.49390625000000005 0.5 0.5075000000000001 0.5
3 0.4967708328125 0.47083333281249995 0.4967708328125 0.44666666718750003 0.48890625 0.44666666718750003 0.48890625 0.47083333281249995 0.4967708328125 0.47083333281249995
3 0.48963541718750003 0.47138888906250004 0.48963541718750003 0.44157407343750005 0.48354166718749997 0.44157407343750005 0.48354166718749997 0.47138888906250004 0.48963541718750003 0.47138888906250004
3 0.4856770828125 0.47083333281249995 0.4856770828125 0.44601851875 0.4803645828125 0.44601851875 0.4803645828125 0.47083333281249995 0.4856770828125 0.47083333281249995
3 0.4892708328125 0.4924074078125 0.4892708328125 0.4733333328125 0.48463541718750003 0.4733333328125 0.48463541718750003 0.4924074078125 0.4892708328125 0.4924074078125
3 0.49536458281250006 0.4968518515625 0.49536458281250006 0.4746296296875 0.4881770828125 0.4746296296875 0.4881770828125 0.4968518515625 0.49536458281250006 0.4968518515625
3 0.46859375 0.536759259375 0.46859375 0.5151851859375001 0.445 0.5151851859375001 0.445 0.536759259375 0.46859375 0.536759259375
3 0.47536458281250005 0.5736111109375 0.47536458281250005 0.5500925921875 0.46677083281250004 0.5500925921875 0.46677083281250004 0.5736111109375 0.47536458281250005 0.5736111109375
3 0.48604166718749997 0.4968518515625 0.48604166718749997 0.4733333328125 0.48072916718750003 0.4733333328125 0.48072916718750003 0.4968518515625 0.48604166718749997 0.4968518515625
3 0.47890625 0.4911111109375 0.47890625 0.47398148124999995 0.4728645828125 0.47398148124999995 0.4728645828125 0.4911111109375 0.47890625 0.4911111109375
3 0.48072916718750003 0.4688888890625 0.48072916718750003 0.44351851875000003 0.4732291671875 0.44351851875000003 0.4732291671875 0.4688888890625 0.48072916718750003 0.4688888890625
3 0.1319270828125 0.4890740734375 0.1319270828125 0.4548148140625 0.0668229171875 0.4548148140625 0.0668229171875 0.4890740734375 0.1319270828125 0.4890740734375
3 0.1319270828125 0.5225925921875 0.1319270828125 0.4890740734375 0.11135416718749999 0.4890740734375 0.11135416718749999 0.5225925921875 0.1319270828125 0.5225925921875
3 0.145625 0.5210185187499999 0.145625 0.438796296875 0.0741145828125 0.438796296875 0.0741145828125 0.5210185187499999 0.145625 0.5210185187499999
3 0.1679166671875 0.4845370375 0.1679166671875 0.4548148140625 0.15078125 0.4548148140625 0.15078125 0.4845370375 0.1679166671875 0.4845370375
3 0.1679166671875 0.515740740625 0.1679166671875 0.4845370375 0.1525 0.4845370375 0.1525 0.515740740625 0.1679166671875 0.515740740625
3 0.1764583328125 0.5058333328125 0.1764583328125 0.48148148125 0.1666145828125 0.48148148125 0.1666145828125 0.5058333328125 0.1764583328125 0.5058333328125
3 0.18890625 0.48074074062500005 0.18890625 0.45712962968750004 0.1679166671875 0.45712962968750004 0.1679166671875 0.48074074062500005 0.18890625 0.48074074062500005
3 0.18890625 0.51194444375 0.18890625 0.48074074062500005 0.1721875 0.48074074062500005 0.1721875 0.51194444375 0.18890625 0.51194444375
3 0.1721354171875 0.6001851859375 0.1721354171875 0.5725925921874999 0.1558333328125 0.5725925921874999 0.1558333328125 0.6001851859375 0.1721354171875 0.6001851859375
3 0.1588020828125 0.6041666671875 0.1588020828125 0.57648148125 0.14625 0.57648148125 0.14625 0.6041666671875 0.1588020828125 0.6041666671875
3 0.1825 0.5883333328125 0.1825 0.5663888890625 0.15286458281249998 0.5663888890625 0.15286458281249998 0.5883333328125 0.1825 0.5883333328125
3 0.1911458328125 0.5423148140625 0.1911458328125 0.5160185187499999 0.1670833328125 0.5160185187499999 0.1670833328125 0.5423148140625 0.1911458328125 0.5423148140625
3 0.19177083281250001 0.564259259375 0.19177083281250001 0.5423148140625 0.1670833328125 0.5423148140625 0.1670833328125 0.564259259375 0.19177083281250001 0.564259259375
3 0.1911458328125 0.58398148125 0.1911458328125 0.5620370375 0.18062499999999998 0.5620370375 0.18062499999999998 0.58398148125 0.1911458328125 0.58398148125
3 0.20098958281249998 0.5774074078125 0.20098958281249998 0.5181481484375 0.1868229171875 0.5181481484375 0.1868229171875 0.5774074078125 0.20098958281249998 0.5774074078125
3 0.1868229171875 0.4809259265625 0.1868229171875 0.501759259375 0.1972916671875 0.501759259375 0.1991666671875 0.5010978828125 0.1991666671875 0.5061111109375 0.21208333281249997 0.5061111109375 0.21208333281249997 0.47101851874999995 0.1991666671875 0.47101851874999995 0.1991666671875 0.47603174687500005 0.1982291671875 0.47597222187500005 0.1991666671875 0.4810449734375 0.1868229171875 0.4809259265625
3 0.24723958281249997 0.4721296296875 0.24723958281249997 0.4578703703125 0.2231770828125 0.4578703703125 0.2231770828125 0.4721296296875 0.24723958281249997 0.4721296296875
3 0.24723958281249997 0.48962962968749996 0.24723958281249997 0.4721296296875 0.23984375 0.4721296296875 0.23984375 0.48962962968749996 0.24723958281249997 0.48962962968749996
3 0.471875 0.4900925921875 0.471875 0.46851851875 0.4659375 0.46851851875 0.4659375 0.4900925921875 0.471875 0.4900925921875
3 0.4649479171875 0.4865740734375 0.4649479171875 0.470277778125 0.4584895828125 0.470277778125 0.4584895828125 0.4865740734375 0.4649479171875 0.4865740734375
3 0.46218750000000003 0.481296296875 0.46218750000000003 0.4451851859375 0.44411458281250005 0.4451851859375 0.44411458281250005 0.481296296875 0.46218750000000003 0.481296296875
3 0.46244791718749995 0.55944444375 0.46244791718749995 0.5329629625 0.44614583281250003 0.5329629625 0.44614583281250003 0.55944444375 0.46244791718749995 0.55944444375