1 0.6599999999999999 0.8547916671875001 0.6599999999999999 0.6066666671875 0.33187500000000003 0.6066666671875 0.33187500000000003 0.8547916671875001 0.6599999999999999 0.8547916671875001
1 0.8178124999999999 0.746875 0.8178124999999999 0.5989583328125 0.65578125 0.5989583328125 0.65578125 0.746875 0.8178124999999999 0.746875
1 0.8875 0.7354166671875 0.8875 0.629375 0.8078125 0.629375 0.8078125 0.7354166671875 0.8875 0.7354166671875
1 0.35875 0.0097916671875 0.35875 0.1689583328125 0.67421875 0.1689583328125 0.67421875 0.0097916671875 0.35875 0.0097916671875
1 0.0035937499999999997 0.0039583328125 0.0035937499999999997 0.0835416671875 0.3459375 0.0835416671875 0.3459375 0.0039583328125 0.0035937499999999997 0.0039583328125
1 0.67 0.1025 0.67 0.2389583328125 0.82484375 0.2389583328125 0.82484375 0.1025 0.67 0.1025
1 0.82640625 0.093125 0.82640625 0.1897916671875 0.92015625 0.1897916671875 0.92015625 0.093125 0.82640625 0.093125
1 0.83203125 0.1972916671875 0.83203125 0.284375 0.91578125 0.284375 0.91578125 0.1972916671875 0.83203125 0.1972916671875
1 0.9125 0.258125 0.9125 0.311875 0.9634375000000001 0.311875 0.9634375000000001 0.258125 0.9125 0.258125
1 0.915 0.1627083328125 0.915 0.23500000000000001 0.96015625 0.23500000000000001 0.96015625 0.1627083328125 0.915 0.1627083328125
1 0.95609375 0.2789583328125 0.95609375 0.3327083328125 0.9865625 0.3327083328125 0.9865625 0.2789583328125 0.95609375 0.2789583328125
1 0.9996875 0.346875 0.9996875 0.3095833328125 0.9865625 0.3095833328125 0.9865625 0.346875 0.9996875 0.346875
1 0.9790625000000001 0.4685416671875 0.9790625000000001 0.4302083328125 0.88203125 0.4302083328125 0.88203125 0.4685416671875 0.9790625000000001 0.4685416671875
1 0.9734375 0.5125 0.9734375 0.553125 0.9971875000000001 0.553125 0.9971875000000001 0.5125 0.9734375 0.5125
1 0.9734375 0.4641666671875 0.9734375 0.5004166671875 0.9996875 0.5004166671875 0.9996875 0.4641666671875 0.9734375 0.4641666671875
1 0.9709375 0.623125 0.9709375 0.5629166671875 0.9331250000000001 0.5629166671875 0.9331250000000001 0.623125 0.9709375 0.623125
1 0.9371875 0.6627083328125 0.9371875 0.5858333328125 0.88203125 0.5858333328125 0.88203125 0.6627083328125 0.9371875 0.6627083328125
1 0.9285937499999999 0.027500000000000004 0.9285937499999999 0.114375 0.97 0.114375 0.97 0.027500000000000004 0.9285937499999999 0.027500000000000004
1 0.9984375 0.1729166671875 0.9984375 0.0939583328125 0.96640625 0.0939583328125 0.96640625 0.1729166671875 0.9984375 0.1729166671875
1 0.21578124999999998 0.263125 0.21578124999999998 0.2841666671875 0.28781249999999997 0.2841666671875 0.28781249999999997 0.263125 0.21578124999999998 0.263125
1 0.35984375 0.288125 0.35984375 0.263125 0.30062500000000003 0.263125 0.30062500000000003 0.288125 0.35984375 0.288125
1 0.42406249999999995 0.289375 0.42406249999999995 0.2670833328125 0.36671875 0.2670833328125 0.36671875 0.289375 0.42406249999999995 0.289375
1 0.48515625 0.2960416671875 0.48515625 0.27229166718750003 0.42796874999999995 0.27229166718750003 0.42796874999999995 0.2960416671875 0.48515625 0.2960416671875
1 0.22078125 0.3066666671875 0.22078125 0.32625000000000004 0.28484375 0.32625000000000004 0.28484375 0.3066666671875 0.22078125 0.3066666671875
1 0.1428125 0.2658333328125 0.1428125 0.2802083328125 0.20203125000000002 0.2802083328125 0.20203125000000002 0.2658333328125 0.1428125 0.2658333328125
1 0.07265625 0.26437499999999997 0.07265625 0.2841666671875 0.13390625 0.2841666671875 0.13390625 0.26437499999999997 0.07265625 0.26437499999999997
1 0.33359375 0.9422916671875001 0.33359375 0.8018750000000001 0.00203125 0.8018750000000001 0.00203125 0.9422916671875001 0.33359375 0.9422916671875001
1 0.43078125 0.45125000000000004 0.43078125 0.4022916671875 0.34078125 0.4022916671875 0.34078125 0.45125000000000004 0.43078125 0.45125000000000004