1 0 0 0 0.0939583328125 0.13 0.0939583328125 0.13 0 0 0
1 0.660625 0.5922916671875 0.660625 0.5677083328125 0.58703125 0.5677083328125 0.58703125 0.5922916671875 0.660625 0.5922916671875
1 0.78734375 0.6102083328125001 0.78734375 0.5883333328125 0.6703125 0.5883333328125 0.6703125 0.6102083328125001 0.78734375 0.6102083328125001
3 0.78515625 0.460625 0.78515625 0.4 0.65296875 0.4 0.65296875 0.460625 0.78515625 0.460625
3 0.78515625 0.5289583328125 0.78515625 0.460625 0.6756249999999999 0.460625 0.6756249999999999 0.5289583328125 0.78515625 0.5289583328125
3 0.6746875 0.5197916671875 0.6746875 0.44604166718749994 0.5325 0.44604166718749994 0.5325 0.5197916671875 0.6746875 0.5197916671875
3 0.6509375000000001 0.44729166718749996 0.6509375000000001 0.40520833281249996 0.5532812500000001 0.40520833281249996 0.5532812500000001 0.44729166718749996 0.6509375000000001 0.44729166718749996
3 0.86015625 0.47375 0.86015625 0.4183333328125 0.7970312500000001 0.4183333328125 0.7970312500000001 0.47375 0.86015625 0.47375
3 0.9145312499999999 0.5197916671875 0.9145312499999999 0.460625 0.844375 0.460625 0.844375 0.5197916671875 0.9145312499999999 0.5197916671875
3 0.99640625 0.5237499999999999 0.99640625 0.42104166718749997 0.8996875 0.42104166718749997 0.8996875 0.5237499999999999 0.99640625 0.5237499999999999
3 0.9746874999999999 0.6566666671875 0.9746874999999999 0.5789583328125001 0.84828125 0.5789583328125001 0.84828125 0.6566666671875 0.9746874999999999 0.6566666671875
3 0.9696875 0.713125 0.9696875 0.59875 0.81375 0.59875 0.81375 0.713125 0.9696875 0.713125
3 0.99640625 0.711875 0.99640625 0.588125 0.9707812499999999 0.588125 0.9707812499999999 0.711875 0.99640625 0.711875
3 0.60359375 0.67375 0.60359375 0.564375 0.5354687499999999 0.564375 0.5354687499999999 0.67375 0.60359375 0.67375
3 0.36375 0.57375 0.36375 0.536875 0.26015625 0.536875 0.26015625 0.57375 0.36375 0.57375
3 0.3628125 0.6170833328125 0.3628125 0.55125 0.26015625 0.55125 0.26015625 0.6170833328125 0.3628125 0.6170833328125
3 0.3628125 0.660625 0.3628125 0.5933333328125 0.26015625 0.5933333328125 0.26015625 0.660625 0.3628125 0.660625
3 0.28984375 0.4920833328125 0.28984375 0.4341666671875 0.14078125 0.4341666671875 0.14078125 0.4920833328125 0.28984375 0.4920833328125
3 0.29281250000000003 0.3947916671875 0.29281250000000003 0.43937499999999996 0.39249999999999996 0.43937499999999996 0.39249999999999996 0.3947916671875 0.29281250000000003 0.3947916671875
3 0.39265625000000004 0.39895833281250004 0.39265625000000004 0.438125 0.43499999999999994 0.438125 0.43499999999999994 0.39895833281250004 0.39265625000000004 0.39895833281250004
3 0.39828125000000003 0.5052083328125 0.39828125000000003 0.43937499999999996 0.30265624999999996 0.43937499999999996 0.30265624999999996 0.5052083328125 0.39828125000000003 0.5052083328125
3 0.125 0.4420833328125 0.125 0.3908333328125 0.0035937499999999997 0.3908333328125 0.0035937499999999997 0.4420833328125 0.125 0.4420833328125
3 0.12703124999999998 0.48166666718749995 0.12703124999999998 0.4408333328125 0.0026562499999999998 0.4408333328125 0.0026562499999999998 0.48166666718749995 0.12703124999999998 0.48166666718749995
3 0.12109375 0.6131249999999999 0.12109375 0.560625 0.07078124999999999 0.560625 0.07078124999999999 0.6131249999999999 0.12109375 0.6131249999999999
3 0.43609375000000006 0.6785416671875 0.43609375000000006 0.5947916671875 0.3621875 0.5947916671875 0.3621875 0.6785416671875 0.43609375000000006 0.6785416671875
3 0.5235937500000001 0.6068749999999999 0.5235937500000001 0.676875 0.538125 0.676875 0.538125 0.6068749999999999 0.5235937500000001 0.6068749999999999