1 0.4615625 0.2552083328125 0.4615625 0.1027083328125 0.075625 0.1027083328125 0.075625 0.2552083328125 0.4615625 0.2552083328125
1 0.718125 0.3027083328125 0.718125 0.17375000000000002 0.4615625 0.17375000000000002 0.4615625 0.3027083328125 0.718125 0.3027083328125
1 0.82265625 0.3408333328125 0.82265625 0.24874999999999997 0.71609375 0.24874999999999997 0.71609375 0.3408333328125 0.82265625 0.3408333328125
1 0.8759375 0.3591666671875 0.8759375 0.2908333328125 0.81875 0.2908333328125 0.81875 0.3591666671875 0.8759375 0.3591666671875
1 0.9115624999999999 0.37625000000000003 0.9115624999999999 0.31979166718749996 0.8800000000000001 0.31979166718749996 0.8800000000000001 0.37625000000000003 0.9115624999999999 0.37625000000000003
1 0.93421875 0.38687499999999997 0.93421875 0.3408333328125 0.9115624999999999 0.3408333328125 0.9115624999999999 0.38687499999999997 0.93421875 0.38687499999999997
1 0.95671875 0.3920833328125 0.95671875 0.35270833281249997 0.9331250000000001 0.35270833281249997 0.9331250000000001 0.3920833328125 0.95671875 0.3920833328125
1 0.67078125 0.8995833328125 0.67078125 0.7402083328125 0.43390625 0.7402083328125 0.43390625 0.8995833328125 0.67078125 0.8995833328125
4 0.43171875000000004 0.996875 0.43171875000000004 0.3708333328125 0.03265625 0.3708333328125 0.03265625 0.996875 0.43171875000000004 0.996875
4 0.12109375 0.9941666671875 0.12109375 0.39416666718750004 0.0009375 0.39416666718750004 0.0009375 0.9941666671875 0.12109375 0.9941666671875
4 0.80234375 0.7635416671875 0.80234375 0.38875000000000004 0.5346875 0.38875000000000004 0.5346875 0.7635416671875 0.80234375 0.7635416671875
4 0.87015625 0.703125 0.87015625 0.3904166671875 0.78171875 0.3904166671875 0.78171875 0.703125 0.87015625 0.703125
4 0.9067187499999999 0.6364583328125 0.9067187499999999 0.40458333281250003 0.85765625 0.40458333281250003 0.85765625 0.6364583328125 0.9067187499999999 0.6364583328125
4 0.9365625 0.5954166671875 0.9365625 0.40458333281250003 0.8875 0.40458333281250003 0.8875 0.5954166671875 0.9365625 0.5954166671875
4 0.953125 0.5714583328125 0.953125 0.41208333281250004 0.9223437499999999 0.41208333281250004 0.9223437499999999 0.5714583328125 0.953125 0.5714583328125
4 0.9724999999999999 0.5431250000000001 0.9724999999999999 0.4139583328125 0.945 0.4139583328125 0.945 0.5431250000000001 0.9724999999999999 0.5431250000000001