1 0.9998437499999999 0.7368518515625 0.9998437499999999 0.6136111109375 0.7420312499999999 0.6136111109375 0.7420312499999999 0.7368518515625 0.9998437499999999 0.7368518515625
1 1 0.26120370312499996 0.7886458328125 0.26120370312499996 0.7886458328125 0.3684259265625 1 0.3684259265625 1 0.26120370312499996
1 0.7731250000000001 0.3091666671875 0.7731250000000001 0.1974074078125 0.6909375 0.1974074078125 0.6909375 0.3091666671875 0.7731250000000001 0.3091666671875
1 0.6924479171875 0.3381481484375 0.6924479171875 0.276296296875 0.6398958328125001 0.276296296875 0.6398958328125001 0.3381481484375 0.6924479171875 0.3381481484375
1 0.7131770828125 0.225 0.7131770828125 0.144722221875 0.6443229171875 0.144722221875 0.6443229171875 0.225 0.7131770828125 0.225
1 0.0016666671875 0.33768518593749997 0.0016666671875 0.440277778125 0.1570833328125 0.440277778125 0.1570833328125 0.33768518593749997 0.0016666671875 0.33768518593749997
1 0.22901041718749998 0.4498148140625 0.22901041718749998 0.3581481484375 0.15088541718749998 0.3581481484375 0.15088541718749998 0.4498148140625 0.22901041718749998 0.4498148140625
1 0.2796354171875 0.4545370375 0.2796354171875 0.3818518515625 0.2325520828125 0.3818518515625 0.2325520828125 0.4545370375 0.2796354171875 0.4545370375
1 0.3125 0.4545370375 0.3125 0.3929629625 0.2822916671875 0.3929629625 0.2822916671875 0.4545370375 0.3125 0.4545370375
1 0.2822916671875 0.8398148140625 0.2822916671875 0.7261111109375 0.0238541671875 0.7261111109375 0.0238541671875 0.8398148140625 0.2822916671875 0.8398148140625
1 0.30859375 0.688796296875 0.30859375 0.627222221875 0.2575520828125 0.627222221875 0.2575520828125 0.688796296875 0.30859375 0.688796296875
1 0.3046875 0.726203703125 0.3046875 0.6563888890625 0.2646875 0.6563888890625 0.2646875 0.726203703125 0.3046875 0.726203703125
1 0.5337500000000001 0.48824074062499995 0.5337500000000001 0.46074074062500003 0.4530729171875 0.46074074062500003 0.4530729171875 0.48824074062499995 0.5337500000000001 0.48824074062499995
1 0.6747916671875 0.7184259265625 0.6747916671875 0.6395370375 0.6458333328125 0.6395370375 0.6458333328125 0.7184259265625 0.6747916671875 0.7184259265625
1 0.7543229171875 0.73898148125 0.7543229171875 0.6638888890625 0.6725 0.6638888890625 0.6725 0.73898148125 0.7543229171875 0.73898148125
1 0.7441145828125 0.7821296296875 0.7441145828125 0.700277778125 0.6776041671875 0.700277778125 0.6776041671875 0.7821296296875 0.7441145828125 0.7821296296875
1 0.89375 0.9958333328125001 0.89375 0.8003703703125 0.7338541671875001 0.8003703703125 0.7338541671875001 0.9958333328125001 0.89375 0.9958333328125001
1 0.2303125 0.0001851859375 0.2303125 0.09759259218750001 0.28359375 0.09759259218750001 0.28359375 0.0001851859375 0.2303125 0.0001851859375
1 0.18145833281249998 0.002777778125 0.18145833281249998 0.055462962500000004 0.2295833328125 0.055462962500000004 0.2295833328125 0.002777778125 0.18145833281249998 0.002777778125
1 0.2747395828125 0.0659259265625 0.2747395828125 0.15018518593750002 0.30874999999999997 0.15018518593750002 0.30874999999999997 0.0659259265625 0.2747395828125 0.0659259265625
1 0.3309895828125 0.1936111109375 0.3309895828125 0.11333333281249999 0.30578125 0.11333333281249999 0.30578125 0.1936111109375 0.3309895828125 0.1936111109375
2 0.24328124999999998 0.403240740625 0.24328124999999998 0.7557407406250001 0.3514583328125 0.7557407406250001 0.3514583328125 0.403240740625 0.24328124999999998 0.403240740625
2 0.3413541671875 0.43009259218749996 0.3413541671875 0.7070370375 0.3788541671875 0.7070370375 0.3788541671875 0.43009259218749996 0.3413541671875 0.43009259218749996
4 0.4488020828125 0.47759259218750005 0.4488020828125 0.646759259375 0.54109375 0.646759259375 0.54109375 0.47759259218750005 0.4488020828125 0.47759259218750005
4 0.2295833328125 0.203240740625 0.2295833328125 0.446759259375 0.34713541718749996 0.446759259375 0.34713541718749996 0.203240740625 0.2295833328125 0.203240740625
3 0.45109374999999996 0.6384259265625001 0.45109374999999996 0.57055555625 0.409375 0.57055555625 0.409375 0.6384259265625001 0.45109374999999996 0.6384259265625001