1 0.72984375 0.003125 0.72984375 0.1583333328125 0.9375 0.1583333328125 0.9375 0.003125 0.72984375 0.003125
3 0.6057812499999999 0.6158333328125 0.6057812499999999 0.4858333328125 0.37374999999999997 0.4858333328125 0.37374999999999997 0.6158333328125 0.6057812499999999 0.6158333328125
3 0.6174999999999999 0.7447916671875 0.6174999999999999 0.6158333328125 0.48515625 0.6158333328125 0.48515625 0.7447916671875 0.6174999999999999 0.7447916671875
3 0.68671875 0.72375 0.68671875 0.6104166671875 0.60359375 0.6104166671875 0.60359375 0.72375 0.68671875 0.72375
3 0.774375 0.7052083328125 0.774375 0.5960416671875 0.70625 0.5960416671875 0.70625 0.7052083328125 0.774375 0.7052083328125
3 0.38656250000000003 0.6012500000000001 0.38656250000000003 0.5027083328125 0.22078125 0.5027083328125 0.22078125 0.6012500000000001 0.38656250000000003 0.6012500000000001
3 0.505 0.775 0.505 0.5908333328125 0.2365625 0.5908333328125 0.2365625 0.775 0.505 0.775
3 0.3365625 0.8429166671875 0.3365625 0.583125 0.00203125 0.583125 0.00203125 0.8429166671875 0.3365625 0.8429166671875
3 0.0375 0.8539583328125 0.0375 0.7006249999999999 0.0034375000000000005 0.7006249999999999 0.0034375000000000005 0.8539583328125 0.0375 0.8539583328125
3 0.00390625 0.0043749999999999995 0.00390625 0.2477083328125 0.43375 0.2477083328125 0.43375 0.0043749999999999995 0.00390625 0.0043749999999999995
3 0.609375 0.2158333328125 0.609375 0.031666667187500004 0.37234375000000003 0.031666667187500004 0.37234375000000003 0.2158333328125 0.609375 0.2158333328125
3 0.6025 0.3295833328125 0.6025 0.1727083328125 0.39609375 0.1727083328125 0.39609375 0.3295833328125 0.6025 0.3295833328125
3 0.7184375000000001 0.3908333328125 0.7184375000000001 0.0704166671875 0.5923437500000001 0.0704166671875 0.5923437500000001 0.3908333328125 0.7184375000000001 0.3908333328125
3 0.8139062499999999 0.3385416671875 0.8139062499999999 0.2158333328125 0.71328125 0.2158333328125 0.71328125 0.3385416671875 0.8139062499999999 0.3385416671875
3 0.8071875000000001 0.41375 0.8071875000000001 0.318125 0.71328125 0.318125 0.71328125 0.41375 0.8071875000000001 0.41375
3 0.8592187499999999 0.44895833281249997 0.8592187499999999 0.3622916671875 0.79421875 0.3622916671875 0.79421875 0.44895833281249997 0.8592187499999999 0.44895833281249997
3 0.8995312500000001 0.4095833328125 0.8995312500000001 0.32437499999999997 0.78703125 0.32437499999999997 0.78703125 0.4095833328125 0.8995312500000001 0.4095833328125
3 0.89125 0.47104166718749996 0.89125 0.4047916671875 0.84859375 0.4047916671875 0.84859375 0.47104166718749996 0.89125 0.47104166718749996
3 0.91734375 0.480625 0.91734375 0.4175 0.89 0.4175 0.89 0.480625 0.91734375 0.480625
3 0.93625 0.48854166718750003 0.93625 0.44437499999999996 0.9160937499999999 0.44437499999999996 0.9160937499999999 0.48854166718750003 0.93625 0.48854166718750003
3 0.88890625 0.5627083328125 0.88890625 0.4995833328125 0.7621875 0.4995833328125 0.7621875 0.5627083328125 0.88890625 0.5627083328125
3 0.8853125000000001 0.61 0.8853125000000001 0.5627083328125 0.77515625 0.5627083328125 0.77515625 0.61 0.8853125000000001 0.61
3 0.8284375 0.6779166671875 0.8284375 0.61 0.75859375 0.61 0.75859375 0.6779166671875 0.8284375 0.6779166671875
3 0.8746875 0.6858333328125 0.8746875 0.6085416671874999 0.8296875 0.6085416671874999 0.8296875 0.6858333328125 0.8746875 0.6858333328125
3 0.9042187500000001 0.666875 0.9042187500000001 0.6179166671874999 0.8817187499999999 0.6179166671874999 0.8817187499999999 0.666875 0.9042187500000001 0.666875
3 0.903125 0.6085416671874999 0.903125 0.5675 0.8817187499999999 0.5675 0.8817187499999999 0.6085416671874999 0.903125 0.6085416671874999
3 0.9067187499999999 0.5454166671875 0.9067187499999999 0.51375 0.8793749999999999 0.51375 0.8793749999999999 0.5454166671875 0.9067187499999999 0.5454166671875
3 0.93390625 0.6747916671875 0.93390625 0.54375 0.89 0.54375 0.89 0.6747916671875 0.93390625 0.6747916671875
3 0.9659375000000001 0.6637500000000001 0.9659375000000001 0.6054166671875 0.92796875 0.6054166671875 0.92796875 0.6637500000000001 0.9659375000000001 0.6637500000000001
3 0.98125 0.5075000000000001 0.98125 0.43166666718749996 0.93390625 0.43166666718749996 0.93390625 0.5075000000000001 0.98125 0.5075000000000001