1 0.6793750000000001 0 0.6793750000000001 0.104375 0.78296875 0.104375 0.78296875 0 0.6793750000000001 0
1 0.168125 0.48375 0.168125 0.4264583328125 0.09375 0.4264583328125 0.09375 0.48375 0.168125 0.48375
1 0.32359375 0.410625 0.32359375 0.3845833328125 0.230625 0.3845833328125 0.230625 0.410625 0.32359375 0.410625
1 0.40765624999999994 0.409375 0.40765624999999994 0.3885416671875 0.32359375 0.3885416671875 0.32359375 0.409375 0.40765624999999994 0.409375
1 0.49265625 0.409375 0.49265625 0.3845833328125 0.40953125 0.3845833328125 0.40953125 0.409375 0.49265625 0.409375
1 0.16609374999999998 0.195625 0.16609374999999998 0.14875 0.1290625 0.14875 0.1290625 0.195625 0.16609374999999998 0.195625
1 0.625625 0.2464583328125 0.625625 0.1904166671875 0.58546875 0.1904166671875 0.58546875 0.2464583328125 0.625625 0.2464583328125
1 0.5884375000000001 0.256875 0.5884375000000001 0.2164583328125 0.56703125 0.2164583328125 0.56703125 0.256875 0.5884375000000001 0.256875
1 0.67453125 0.4185416671875 0.67453125 0.36124999999999996 0.6079687500000001 0.36124999999999996 0.6079687500000001 0.4185416671875 0.67453125 0.4185416671875
1 0.60609375 0.4002083328125 0.60609375 0.3545833328125 0.58546875 0.3545833328125 0.58546875 0.4002083328125 0.60609375 0.4002083328125
1 1 0.5470833328125 0.8589062500000001 0.5470833328125 0.8589062500000001 0.6941666671875 1 0.6941666671875 1 0.5470833328125
1 1 0.2427083328125 0.7564062500000001 0.2427083328125 0.7564062500000001 0.3329166671875 1 0.3329166671875 1 0.2427083328125
1 0.8706250000000001 0.6025 0.8706250000000001 0.49812500000000004 0.7534375 0.49812500000000004 0.7534375 0.6025 0.8706250000000001 0.6025
1 0.75828125 0.538125 0.75828125 0.4658333328125 0.6790625 0.4658333328125 0.6790625 0.538125 0.75828125 0.538125
1 0.1653125 0.0775 0.1653125 0.018125 0.11984375 0.018125 0.11984375 0.0775 0.1653125 0.0775
4 0.6125 0.003125 0.6125 0.2160416671875 0.69421875 0.2160416671875 0.69421875 0.003125 0.6125 0.003125