1 0 0.9633333328125 0.3111979171875 0.9633333328125 0.3111979171875 0.7925925921875 0 0.7925925921875 0 0.9633333328125
1 0 0.7209259265625 0.3133854171875 0.7209259265625 0.3133854171875 0.589259259375 0 0.589259259375 0 0.7209259265625
1 0.3119270828125 0.5540740734375 0.3119270828125 0.45370370312499997 0.0516666671875 0.45370370312499997 0.0516666671875 0.5540740734375 0.3119270828125 0.5540740734375
4 0.6096354171875 0.6212037031250001 0.6096354171875 0.4609259265625 0.53203125 0.4609259265625 0.53203125 0.6212037031250001 0.6096354171875 0.6212037031250001
4 0.5259375000000001 0.3890740734375 0.5259375000000001 0.46342592656250003 0.6002604171875 0.46342592656250003 0.6002604171875 0.3890740734375 0.5259375000000001 0.3890740734375
4 0.6882291671874999 0.6993518515625 0.6882291671874999 0.48361111093750003 0.6414583328125001 0.48361111093750003 0.6414583328125001 0.6993518515625 0.6882291671874999 0.6993518515625
4 0.6464583328125 0.6551851859375 0.6464583328125 0.5490740734374999 0.6241666671874999 0.5490740734374999 0.6241666671874999 0.6551851859375 0.6464583328125 0.6551851859375
4 0.6271354171875 0.384722221875 0.6271354171875 0.46787037031249995 0.6509375000000001 0.46787037031249995 0.6509375000000001 0.384722221875 0.6271354171875 0.384722221875
4 0.6481250000000001 0.28296296249999997 0.6481250000000001 0.4699074078125 0.8379687499999999 0.4699074078125 0.8379687499999999 0.28296296249999997 0.6481250000000001 0.28296296249999997
4 0.6478125 0.1609259265625 0.6478125 0.27444444375 0.8336979171875001 0.27444444375 0.8336979171875001 0.1609259265625 0.6478125 0.1609259265625
4 0.9456770828125001 0.2724074078125 0.9456770828125001 0.1788888890625 0.8324479171875 0.1788888890625 0.8324479171875 0.2724074078125 0.9456770828125001 0.2724074078125
4 0.9997395828125001 0.9942592593749999 0.9997395828125001 0.546759259375 0.8706770828125 0.546759259375 0.8706770828125 0.9942592593749999 0.9997395828125001 0.9942592593749999
4 0.8706770828125 0.23009259218749997 0.8706770828125 0.5429629625 0.9997395828125001 0.5429629625 0.9997395828125001 0.23009259218749997 0.8706770828125 0.23009259218749997