1 0.9071875 0.21000000000000002 0.9071875 0.18125 0.79578125 0.18125 0.79578125 0.21000000000000002 0.9071875 0.21000000000000002
1 0.16421875 1 0.16421875 0.8264583328124999 0 0.8264583328124999 0 1 0.16421875 1
1 0 0.6947916671875001 0.078125 0.6947916671875001 0.078125 0.48375 0 0.48375 0 0.6947916671875001
2 0.034687499999999996 0.0083333328125 0.034687499999999996 0.6185416671875 0.1759375 0.6185416671875 0.1759375 0.0083333328125 0.034687499999999996 0.0083333328125
4 0.8182812500000001 0.446875 0.8182812500000001 0.2660416671875 0.6990624999999999 0.2660416671875 0.6990624999999999 0.446875 0.8182812500000001 0.446875
4 0.67890625 0.196875 0.67890625 0.2814583328125 0.7826562499999999 0.2814583328125 0.7826562499999999 0.196875 0.67890625 0.196875
4 0.914375 0.3120833328125 0.914375 0.2058333328125 0.85671875 0.2058333328125 0.85671875 0.3120833328125 0.914375 0.3120833328125
4 0.9096875000000001 0.4225 0.9096875000000001 0.3070833328125 0.85390625 0.3070833328125 0.85390625 0.4225 0.9096875000000001 0.4225
4 0.8990625 0.5302083328125 0.8990625 0.403125 0.851875 0.403125 0.851875 0.5302083328125 0.8990625 0.5302083328125
4 0.8903125 0.3379166671875 0.8903125 0.6135416671875 0.985625 0.6135416671875 0.985625 0.3379166671875 0.8903125 0.3379166671875
4 0.8990625 0.07875 0.8990625 0.34541666718749997 0.9884375000000001 0.34541666718749997 0.9884375000000001 0.07875 0.8990625 0.07875
4 0.9028124999999999 0.003125 0.9028124999999999 0.0954166671875 0.9990625 0.0954166671875 0.9990625 0.003125 0.9028124999999999 0.003125