1 0.2921875 0.40416666718750005 0.2921875 0.31101851875 0.2619791671875 0.31101851875 0.2619791671875 0.40416666718750005 0.2921875 0.40416666718750005
1 0.38984375 0.4325925921875 0.38984375 0.31898148125 0.29041666718750003 0.31898148125 0.29041666718750003 0.4325925921875 0.38984375 0.4325925921875
1 0.1829166671875 0.5541666671875001 0.1829166671875 0.4768518515625 0.0772395828125 0.4768518515625 0.0772395828125 0.5541666671875001 0.1829166671875 0.5541666671875001
1 0.0772395828125 0.565277778125 0.0772395828125 0.48472222187499997 0.0026562499999999998 0.48472222187499997 0.0026562499999999998 0.565277778125 0.0772395828125 0.565277778125
1 0.34796875 0.7598148140625 0.34796875 0.5722222218749999 0.28291666718749997 0.5722222218749999 0.28291666718749997 0.7598148140625 0.34796875 0.7598148140625
1 0.6111979171875 0.9947222218749999 0.6111979171875 0.6725925921875 0.3436979171875 0.6725925921875 0.3436979171875 0.9947222218749999 0.6111979171875 0.9947222218749999
1 0.48328125 0.9947222218749999 0.48328125 0.841296296875 0.3501041671875 0.841296296875 0.3501041671875 0.9947222218749999 0.48328125 0.9947222218749999
1 0.3596875 0.8697222218749999 0.3596875 0.7181481484375001 0.3042708328125 0.7181481484375001 0.3042708328125 0.8697222218749999 0.3596875 0.8697222218749999
1 0.2372916671875 0.5012037031250001 0.2372916671875 0.45851851874999994 0.20645833281249998 0.45851851874999994 0.20645833281249998 0.5012037031250001 0.2372916671875 0.5012037031250001
1 0.15734375 0.4658333328125 0.15734375 0.49472222187500003 0.2061458328125 0.49472222187500003 0.2061458328125 0.4658333328125 0.15734375 0.4658333328125
1 0.2809375 0.3828703703125 0.2809375 0.348703703125 0.18692708281249998 0.348703703125 0.18692708281249998 0.3828703703125 0.2809375 0.3828703703125
4 0.34713541718749996 0.004444443750000001 0.34713541718749996 0.5416666671875 0.6391666671875 0.5416666671875 0.6391666671875 0.004444443750000001 0.34713541718749996 0.004444443750000001