1 0.65890625 0.0470833328125 0.65890625 0.0014583328125 0.6157812500000001 0.0014583328125 0.6157812500000001 0.0470833328125 0.65890625 0.0470833328125
1 0.61484375 0.07958333281249999 0.61484375 0.013125000000000001 0.5806250000000001 0.013125000000000001 0.5806250000000001 0.07958333281249999 0.61484375 0.07958333281249999
1 0.57875 0.1147916671875 0.57875 0.0679166671875 0.5532812500000001 0.0679166671875 0.5532812500000001 0.1147916671875 0.57875 0.1147916671875
1 0.5503125 0.1408333328125 0.5503125 0.10187500000000001 0.53171875 0.10187500000000001 0.53171875 0.1408333328125 0.5503125 0.1408333328125
1 0.05171875 0.0627083328125 0.05171875 0.013125000000000001 0.017499999999999998 0.013125000000000001 0.017499999999999998 0.0627083328125 0.05171875 0.0627083328125
3 0.9985937500000001 0.24333333281249997 0.9985937500000001 0.1354166671875 0.8393750000000001 0.1354166671875 0.8393750000000001 0.24333333281249997 0.9985937500000001 0.24333333281249997
3 0.95015625 0.47458333281250004 0.95015625 0.38166666718750003 0.86359375 0.38166666718750003 0.86359375 0.47458333281250004 0.95015625 0.47458333281250004
3 0.9956250000000001 0.4916666671875 0.9956250000000001 0.396875 0.9487500000000001 0.396875 0.9487500000000001 0.4916666671875 0.9956250000000001 0.4916666671875
3 0.88203125 0.46125 0.88203125 0.4025 0.83515625 0.4025 0.83515625 0.46125 0.88203125 0.46125
3 0.8578125 0.4689583328125 0.8578125 0.395 0.7498437499999999 0.395 0.7498437499999999 0.4689583328125 0.8578125 0.4689583328125
3 0.8393750000000001 0.27375 0.8393750000000001 0.20354166718750002 0.735625 0.20354166718750002 0.735625 0.27375 0.8393750000000001 0.27375
3 0.7540625000000001 0.268125 0.7540625000000001 0.20354166718750002 0.7071875000000001 0.20354166718750002 0.7071875000000001 0.268125 0.7540625000000001 0.268125
3 0.7384375000000001 0.27375 0.7384375000000001 0.15437499999999998 0.66890625 0.15437499999999998 0.66890625 0.27375 0.7384375000000001 0.27375
3 0.67875 0.28125 0.67875 0.22833333281249998 0.6475 0.22833333281249998 0.6475 0.28125 0.67875 0.28125
3 0.75984375 0.43479166718749995 0.75984375 0.3872916671875 0.704375 0.3872916671875 0.704375 0.43479166718749995 0.75984375 0.43479166718749995
3 0.71578125 0.40062499999999995 0.71578125 0.3533333328125 0.6503125 0.3533333328125 0.6503125 0.40062499999999995 0.71578125 0.40062499999999995
3 0 0.5195833328125 0.0834375 0.5195833328125 0.0834375 0.39125 0 0.39125 0 0.5195833328125
3 0.6051562500000001 0.4166666671875 0.6051562500000001 0.3233333328125 0.5493750000000001 0.3233333328125 0.5493750000000001 0.4166666671875 0.6051562500000001 0.4166666671875
3 0.6584375 0.42125 0.6584375 0.36770833281250004 0.6075 0.36770833281250004 0.6075 0.42125 0.6584375 0.42125