1 0.8318749999999999 0.6022916671874999 0.8318749999999999 0.5085416671874999 0.7096875 0.5085416671874999 0.7096875 0.6022916671874999 0.8318749999999999 0.6022916671874999
1 0.74296875 0.1616666671875 0.74296875 0.09520833281249999 0.6325000000000001 0.09520833281249999 0.6325000000000001 0.1616666671875 0.74296875 0.1616666671875
1 0.825 0.1983333328125 0.825 0.13708333281250001 0.74296875 0.13708333281250001 0.74296875 0.1983333328125 0.825 0.1983333328125
1 0.8964062500000001 0.2308333328125 0.8964062500000001 0.1775 0.82890625 0.1775 0.82890625 0.2308333328125 0.8964062500000001 0.2308333328125
1 0.8973437499999999 0.105625 0.8973437499999999 0.0458333328125 0.8231249999999999 0.0458333328125 0.8231249999999999 0.105625 0.8973437499999999 0.105625
1 0.7321875 0.3077083328125 0.7321875 0.25166666718749997 0.6196875000000001 0.25166666718749997 0.6196875000000001 0.3077083328125 0.7321875 0.3077083328125
1 0.8201562499999999 0.33645833281250004 0.8201562499999999 0.2752083328125 0.73125 0.2752083328125 0.73125 0.33645833281250004 0.8201562499999999 0.33645833281250004
1 0.8856249999999999 0.3572916671875 0.8856249999999999 0.30520833281250004 0.818125 0.30520833281250004 0.818125 0.3572916671875 0.8856249999999999 0.3572916671875
1 0.5845312500000001 0.5254166671875 0.5845312500000001 0.42895833281250006 0.41734375 0.42895833281250006 0.41734375 0.5254166671875 0.5845312500000001 0.5254166671875
1 0.7106250000000001 0.48624999999999996 0.7106250000000001 0.440625 0.6001562500000001 0.440625 0.6001562500000001 0.48624999999999996 0.7106250000000001 0.48624999999999996
1 0.8660937499999999 0.5033333328125 0.8660937499999999 0.471875 0.8025 0.471875 0.8025 0.5033333328125 0.8660937499999999 0.5033333328125
1 0.27859375000000003 0.3025 0.27859375000000003 0.2791666671875 0.215 0.2791666671875 0.215 0.3025 0.27859375000000003 0.3025
1 0.3525 0.21812499999999999 0.3525 0.21187499999999998 0.3309375 0.21187499999999998 0.3309375 0.21812499999999999 0.3525 0.21812499999999999
2 0.9425000000000001 0.6247916671875 0.9425000000000001 0.3258333328125 0.829375 0.3258333328125 0.829375 0.6247916671875 0.9425000000000001 0.6247916671875
2 0.3134375 0.3620833328125 0.3134375 0.2635416671875 0.27984375 0.2635416671875 0.27984375 0.3620833328125 0.3134375 0.3620833328125