1 0.975625 0.20916666718750002 0.975625 0.17625 0.8878125000000001 0.17625 0.8878125000000001 0.20916666718750002 0.975625 0.20916666718750002
1 0.97953125 0.2658333328125 0.97953125 0.2316666671875 0.89578125 0.2316666671875 0.89578125 0.2658333328125 0.97953125 0.2658333328125
1 0.89765625 0.2552083328125 0.89765625 0.2289583328125 0.8178124999999999 0.2289583328125 0.8178124999999999 0.2552083328125 0.89765625 0.2552083328125
1 0.8207812499999999 0.26437499999999997 0.8207812499999999 0.22770833281249997 0.7428125 0.22770833281249997 0.7428125 0.26437499999999997 0.8207812499999999 0.26437499999999997
1 0.83359375 0.21187499999999998 0.83359375 0.18020833281249998 0.750625 0.18020833281249998 0.750625 0.21187499999999998 0.83359375 0.21187499999999998
1 0.73390625 0.21437499999999998 0.73390625 0.1960416671875 0.66484375 0.1960416671875 0.66484375 0.21437499999999998 0.73390625 0.21437499999999998
1 0.73390625 0.2658333328125 0.73390625 0.23291666718749998 0.67078125 0.23291666718749998 0.67078125 0.2658333328125 0.73390625 0.2658333328125
1 0.6678124999999999 0.2658333328125 0.6678124999999999 0.23562500000000003 0.6253124999999999 0.23562500000000003 0.6253124999999999 0.2658333328125 0.6678124999999999 0.2658333328125
1 0.6884375 0.18937500000000002 0.6884375 0.16312500000000002 0.6134375000000001 0.16312500000000002 0.6134375000000001 0.18937500000000002 0.6884375 0.18937500000000002
1 0.6678124999999999 0.22374999999999998 0.6678124999999999 0.20270833281249998 0.6342187499999999 0.20270833281249998 0.6342187499999999 0.22374999999999998 0.6678124999999999 0.22374999999999998
1 0.6134375000000001 0.1960416671875 0.6134375000000001 0.1670833328125 0.5582812500000001 0.1670833328125 0.5582812500000001 0.1960416671875 0.6134375000000001 0.1960416671875
1 0.6115625 0.2316666671875 0.6115625 0.2039583328125 0.56015625 0.2039583328125 0.56015625 0.2316666671875 0.6115625 0.2316666671875
1 0.6659375 0.1214583328125 0.6659375 0.09875 0.62765625 0.09875 0.62765625 0.1214583328125 0.6659375 0.1214583328125
1 0.72703125 0.11395833281250001 0.72703125 0.08541666718749999 0.6659375 0.08541666718749999 0.6659375 0.11395833281250001 0.72703125 0.11395833281250001
1 0.7228125000000001 0.0835416671875 0.7228125000000001 0.0533333328125 0.663125 0.0533333328125 0.663125 0.0835416671875 0.7228125000000001 0.0835416671875
1 0.61046875 0.049375 0.61046875 0.0627083328125 0.663125 0.0627083328125 0.663125 0.049375 0.61046875 0.049375
1 0.81796875 0.1102083328125 0.81796875 0.0704166671875 0.7284375 0.0704166671875 0.7284375 0.1102083328125 0.81796875 0.1102083328125
1 0.87625 0.09875 0.87625 0.060833332812499995 0.8081250000000001 0.060833332812499995 0.8081250000000001 0.09875 0.87625 0.09875
1 0.9629687499999999 0.09125 0.9629687499999999 0.0627083328125 0.8790625000000001 0.0627083328125 0.8790625000000001 0.09125 0.9629687499999999 0.09125
1 0.5662499999999999 0.3252083328125 0.5662499999999999 0.3027083328125 0.49921875 0.3027083328125 0.49921875 0.3252083328125 0.5662499999999999 0.3252083328125
1 0.4528125 0.3002083328125 0.4528125 0.32375 0.49921875 0.32375 0.49921875 0.3002083328125 0.4528125 0.3002083328125
1 0.41921875000000003 0.0197916671875 0.41921875000000003 0.10458333281250001 0.5818749999999999 0.10458333281250001 0.5818749999999999 0.0197916671875 0.41921875000000003 0.0197916671875
2 0.9759375 0.5864583328124999 0.9759375 0.21729166718749998 0.8692187499999999 0.21729166718749998 0.8692187499999999 0.5864583328124999 0.9759375 0.5864583328124999
4 0.90859375 0.9981249999999999 0.90859375 0.3429166671875 0.29031250000000003 0.3429166671875 0.29031250000000003 0.9981249999999999 0.90859375 0.9981249999999999
2 0 0.5493750000000001 0.02890625 0.5493750000000001 0.02890625 0.2095833328125 0 0.2095833328125 0 0.5493750000000001
3 0.4615625 0.35125 0.4615625 0.2972916671875 0.36578125 0.2972916671875 0.36578125 0.35125 0.4615625 0.35125