1 0.7316666671875 0.31055555625000003 0.7316666671875 0.42629629687500004 0.87375 0.42629629687500004 0.87375 0.31055555625000003 0.7316666671875 0.31055555625000003
1 0.7346354171875 0.4421296296875 0.7346354171875 0.3591666671875 0.6561458328125 0.3591666671875 0.6561458328125 0.4421296296875 0.7346354171875 0.4421296296875
1 0.6554166671874999 0.45 0.6554166671874999 0.38416666718750003 0.6258333328125001 0.38416666718750003 0.6258333328125001 0.45 0.6554166671874999 0.45
1 0.6251041671875 0.4434259265625 0.6251041671875 0.39601851875 0.59546875 0.39601851875 0.59546875 0.4434259265625 0.6251041671875 0.4434259265625
1 0.596875 0.4451851859375 0.596875 0.40518518593749997 0.5722395828125 0.40518518593749997 0.5722395828125 0.4451851859375 0.596875 0.4451851859375
1 0.5726041671875 0.44962962968750003 0.5726041671875 0.41472222187499996 0.5636458328125 0.41472222187499996 0.5636458328125 0.44962962968750003 0.5726041671875 0.44962962968750003
1 0.5615104171875 0.4471296296875 0.5615104171875 0.4166666671875 0.5440625 0.4166666671875 0.5440625 0.4471296296875 0.5615104171875 0.4471296296875
1 0.3144270828125 0.6798148140625 0.3144270828125 0.6279629625 0.28531249999999997 0.6279629625 0.28531249999999997 0.6798148140625 0.3144270828125 0.6798148140625
1 0.32687499999999997 0.643240740625 0.32687499999999997 0.6066666671875 0.3122916671875 0.6066666671875 0.3122916671875 0.643240740625 0.32687499999999997 0.643240740625
1 0.3469791671875 0.625740740625 0.3469791671875 0.5944444437499999 0.32473958281250004 0.5944444437499999 0.32473958281250004 0.625740740625 0.3469791671875 0.625740740625
1 0.36671875 0.593703703125 0.36671875 0.5731481484375001 0.35640625 0.5731481484375001 0.35640625 0.593703703125 0.36671875 0.593703703125
1 0.2998958328125 0.3241666671875 0.2998958328125 0.36296296250000004 0.3178645828125 0.36296296250000004 0.3178645828125 0.3241666671875 0.2998958328125 0.3241666671875
1 0.2793229171875 0.309722221875 0.2793229171875 0.3515740734375 0.2990104171875 0.3515740734375 0.2990104171875 0.309722221875 0.2793229171875 0.309722221875
1 0.2403645828125 0.27694444375 0.2403645828125 0.32648148125 0.27848958281249997 0.32648148125 0.27848958281249997 0.27694444375 0.2403645828125 0.27694444375
1 0.1950520828125 0.24907407343750002 0.1950520828125 0.2998148140625 0.2390625 0.2998148140625 0.2390625 0.24907407343750002 0.1950520828125 0.24907407343750002
1 0.33046875 0.35296296250000003 0.33046875 0.3859259265625 0.3452604171875 0.3859259265625 0.3452604171875 0.35296296250000003 0.33046875 0.35296296250000003
1 0.6302083328125 0.7266666671875 0.6302083328125 0.8332407406250001 0.6864583328125 0.8332407406250001 0.6864583328125 0.7266666671875 0.6302083328125 0.7266666671875
1 0.7227604171875 0.76351851875 0.7227604171875 0.6648148140625 0.6776041671875 0.6648148140625 0.6776041671875 0.76351851875 0.7227604171875 0.76351851875
4 0.8793229171875 0.99805555625 0.8793229171875 0.5057407406250001 0.7055208328125 0.5057407406250001 0.7055208328125 0.99805555625 0.8793229171875 0.99805555625
4 0.6442187500000001 0.7673148140625 0.6442187500000001 0.48527777812500006 0.5988020828125 0.48527777812500006 0.5988020828125 0.7673148140625 0.6442187500000001 0.7673148140625
4 0.6054166671875 0.7048148140625 0.6054166671875 0.482222221875 0.5803645828125 0.482222221875 0.5803645828125 0.7048148140625 0.6054166671875 0.7048148140625
4 0.5854166671875001 0.6620370375 0.5854166671875001 0.477777778125 0.5713541671875 0.477777778125 0.5713541671875 0.6620370375 0.5854166671875001 0.6620370375
4 0.5708854171875 0.6433333328125 0.5708854171875 0.4750925921875 0.55234375 0.4750925921875 0.55234375 0.6433333328125 0.5708854171875 0.6433333328125
4 0.5533333328125 0.611296296875 0.5533333328125 0.4715740734375 0.5438541671875 0.4715740734375 0.5438541671875 0.611296296875 0.5533333328125 0.611296296875
4 0.5458333328125 0.5935185187500001 0.5458333328125 0.46796296249999997 0.5333333328125 0.46796296249999997 0.5333333328125 0.5935185187500001 0.5458333328125 0.5935185187500001
4 0.5328125 0.5863888890625 0.5328125 0.4733333328125 0.5217708328125 0.4733333328125 0.5217708328125 0.5863888890625 0.5328125 0.5863888890625
4 0.5217708328125 0.5784259265625 0.5217708328125 0.4688888890625 0.5163020828125 0.4688888890625 0.5163020828125 0.5784259265625 0.5217708328125 0.5784259265625
4 0.3560416671875 0.607777778125 0.3560416671875 0.4733333328125 0.33947916718750004 0.4733333328125 0.33947916718750004 0.607777778125 0.3560416671875 0.607777778125
4 0.28140624999999997 0.7671296296875 0.28140624999999997 0.4928703703125 0.2403645828125 0.4928703703125 0.2403645828125 0.7671296296875 0.28140624999999997 0.7671296296875
4 0.26338541718749997 0.8392592593750001 0.26338541718749997 0.5026851859375 0.19578125 0.5026851859375 0.19578125 0.8392592593750001 0.26338541718749997 0.8392592593750001
4 0.2140104171875 0.9279629625 0.2140104171875 0.509259259375 0.10687500000000001 0.509259259375 0.10687500000000001 0.9279629625 0.2140104171875 0.9279629625
4 0.1105729171875 0.998796296875 0.1105729171875 0.5336111109375 0.0034375000000000005 0.5336111109375 0.0034375000000000005 0.998796296875 0.1105729171875 0.998796296875
4 0.2202604171875 0.0019444437500000002 0.2202604171875 0.06398148125 0.2713541671875 0.06398148125 0.2713541671875 0.0019444437500000002 0.2202604171875 0.0019444437500000002
3 0.05421875 0.43398148125 0.05421875 0.25398148125 0.0030729171875 0.25398148125 0.0030729171875 0.43398148125 0.05421875 0.43398148125
3 0.1096354171875 0.43777777812499996 0.1096354171875 0.27101851875 0.05208333281250001 0.27101851875 0.05208333281250001 0.43777777812499996 0.1096354171875 0.43777777812499996
3 0.30354166718750003 0.4481481484375 0.30354166718750003 0.3875925921875 0.2791145828125 0.3875925921875 0.2791145828125 0.4481481484375 0.30354166718750003 0.4481481484375
3 0.3086979171875 0.45342592656249997 0.3086979171875 0.3915740734375 0.30354166718750003 0.3915740734375 0.30354166718750003 0.45342592656249997 0.3086979171875 0.45342592656249997
3 0.33239583281249996 0.45083333281250004 0.33239583281249996 0.39555555625 0.3183333328125 0.39555555625 0.3183333328125 0.45083333281250004 0.33239583281249996 0.45083333281250004
3 0.36203124999999997 0.4574074078125 0.36203124999999997 0.40870370312500004 0.3508854171875 0.40870370312500004 0.3508854171875 0.4574074078125 0.36203124999999997 0.4574074078125
1 0.8835416671875 0.2518518515625 0.8835416671875 0.3983333328125 0.99609375 0.3983333328125 0.99609375 0.2518518515625 0.8835416671875 0.2518518515625
1 0.1924479171875 0.269722221875 0.1924479171875 0.17046296249999998 0.11374999999999999 0.17046296249999998 0.11374999999999999 0.269722221875 0.1924479171875 0.269722221875
1 0.33255208281250004 0.1950925921875 0.33255208281250004 0.1454629625 0.3174479171875 0.1454629625 0.3174479171875 0.1950925921875 0.33255208281250004 0.1950925921875
1 0.35359375000000004 0.241296296875 0.35359375000000004 0.2075925921875 0.3431770828125 0.2075925921875 0.3431770828125 0.241296296875 0.35359375000000004 0.241296296875
1 0.42848958281250005 0.5175 0.42848958281250005 0.5070370375000001 0.40703125 0.5070370375000001 0.40703125 0.5175 0.42848958281250005 0.5175
1 0.4566145828125 0.5148148140625 0.4566145828125 0.5048148140625 0.43052083281250003 0.5048148140625 0.43052083281250003 0.5148148140625 0.4566145828125 0.5148148140625
1 0.4844270828125 0.5143518515625 0.4844270828125 0.5020370375 0.4571354171875 0.5020370375 0.4571354171875 0.5143518515625 0.4844270828125 0.5143518515625