2 0.9285937499999999 0.9099999999999999 0.9285937499999999 0.5945833328125001 0.8465624999999999 0.5945833328125001 0.8465624999999999 0.9099999999999999 0.9285937499999999 0.9099999999999999
1 0.8618750000000001 0.7354166671875 0.8618750000000001 0.7677083328125 0.93046875 0.7677083328125 0.93046875 0.7354166671875 0.8618750000000001 0.7354166671875
1 0.93828125 0.7224999999999999 0.93828125 0.583125 0.915 0.583125 0.915 0.7224999999999999 0.93828125 0.7224999999999999
4 0.8759375 0.67125 0.8759375 0.40833333281249995 0.6153125 0.40833333281249995 0.6153125 0.67125 0.8759375 0.67125
4 0.62984375 0.9108333328124999 0.62984375 0.6660416671875 0.55765625 0.6660416671875 0.55765625 0.9108333328124999 0.62984375 0.9108333328124999
4 0.8721875000000001 0.9416666671874999 0.8721875000000001 0.6775 0.626875 0.6775 0.626875 0.9416666671874999 0.8721875000000001 0.9416666671874999
4 0.49421875000000004 0.9954166671875001 0.49421875000000004 0.803125 0.12890625 0.803125 0.12890625 0.9954166671875001 0.49421875000000004 0.9954166671875001
4 0.57890625 0.9929166671875 0.57890625 0.798125 0.25187499999999996 0.798125 0.25187499999999996 0.9929166671875 0.57890625 0.9929166671875
4 0.57890625 0.8135416671875 0.57890625 0.6685416671875 0.26734375 0.6685416671875 0.26734375 0.8135416671875 0.57890625 0.8135416671875
4 0.5759375 0.6827083328125 0.5759375 0.5339583328125 0.26437499999999997 0.5339583328125 0.26437499999999997 0.6827083328125 0.5759375 0.6827083328125
4 0.5740624999999999 0.5545833328125 0.5740624999999999 0.3929166671875 0.25765625000000003 0.3929166671875 0.25765625000000003 0.5545833328125 0.5740624999999999 0.5545833328125
4 0.575 0.42374999999999996 0.575 0.2595833328125 0.26921875 0.2595833328125 0.26921875 0.42374999999999996 0.575 0.42374999999999996
4 0.575 0.31083333281250003 0.575 0.12375 0.273125 0.12375 0.273125 0.31083333281250003 0.575 0.31083333281250003
4 0.28078125 0.45583333281250005 0.28078125 0.350625 0.10968750000000001 0.350625 0.10968750000000001 0.45583333281250005 0.28078125 0.45583333281250005
4 0.28359375 0.67625 0.28359375 0.4441666671875 0.076875 0.4441666671875 0.076875 0.67625 0.28359375 0.67625
4 0.3778125 0.8018750000000001 0.3778125 0.6827083328125 0.22312500000000002 0.6827083328125 0.22312500000000002 0.8018750000000001 0.3778125 0.8018750000000001
4 0.9995312500000001 0.6216666671875 0.9995312500000001 0.5170833328125 0.9301562499999999 0.5170833328125 0.9301562499999999 0.6216666671875 0.9995312500000001 0.6216666671875
4 0.9962500000000001 0.7262500000000001 0.9962500000000001 0.62625 0.9390625 0.62625 0.9390625 0.7262500000000001 0.9962500000000001 0.7262500000000001