1 0.17234375 0.18895833281250002 0.17234375 0.1185416671875 0.0071874999999999994 0.1185416671875 0.0071874999999999994 0.18895833281250002 0.17234375 0.18895833281250002
1 0.17140625 0.629375 0.17140625 0.5329166671875 0.00140625 0.5329166671875 0.00140625 0.629375 0.17140625 0.629375
1 0.17828125 0.7414583328125001 0.17828125 0.6385416671875 0.01796875 0.6385416671875 0.01796875 0.7414583328125001 0.17828125 0.7414583328125001
1 0.371875 0.596875 0.371875 0.52 0.25359375 0.52 0.25359375 0.596875 0.371875 0.596875
1 0.4403125 0.5564583328125 0.4403125 0.5029166671875 0.36296875 0.5029166671875 0.36296875 0.5564583328125 0.4403125 0.5564583328125
1 0.510625 0.5133333328125 0.510625 0.476875 0.45984375 0.476875 0.45984375 0.5133333328125 0.510625 0.5133333328125
1 0.40406250000000005 0.24874999999999997 0.40406250000000005 0.1979166671875 0.3103125 0.1979166671875 0.3103125 0.24874999999999997 0.40406250000000005 0.24874999999999997
1 0.403125 0.1758333328125 0.403125 0.1158333328125 0.3121875 0.1158333328125 0.3121875 0.1758333328125 0.403125 0.1758333328125
1 0.46281249999999996 0.27229166718750003 0.46281249999999996 0.22020833281250002 0.40109374999999997 0.22020833281250002 0.40109374999999997 0.27229166718750003 0.46281249999999996 0.27229166718750003
1 0.51359375 0.2658333328125 0.51359375 0.230625 0.46281249999999996 0.230625 0.46281249999999996 0.2658333328125 0.51359375 0.2658333328125
1 0.51265625 0.290625 0.51265625 0.2554166671875 0.46375 0.2554166671875 0.46375 0.290625 0.51265625 0.290625
1 0.46953125 0.0689583328125 0.46953125 0.0064583328125 0.40406250000000005 0.0064583328125 0.40406250000000005 0.0689583328125 0.46953125 0.0689583328125
1 1 0.4110416671875 0.9706250000000001 0.4110416671875 0.9706250000000001 0.4441666671875 1 0.4441666671875 1 0.4110416671875
1 1 0.46979166718750004 0.97390625 0.46979166718750004 0.97390625 0.5037499999999999 1 0.5037499999999999 1 0.46979166718750004
1 0.9671875 0.573125 0.9671875 0.5383333328125001 0.940625 0.5383333328125001 0.940625 0.573125 0.9671875 0.573125
1 0.994375 0.6018749999999999 0.994375 0.5595833328125 0.96609375 0.5595833328125 0.96609375 0.6018749999999999 0.994375 0.6018749999999999
1 0.71375 0.434375 0.71375 0.41770833281249997 0.671875 0.41770833281249997 0.671875 0.434375 0.71375 0.434375
1 0.7159375 0.456875 0.7159375 0.4410416671875 0.6725 0.4410416671875 0.6725 0.456875 0.7159375 0.456875
1 1 0.3120833328125 0.9734375 0.3120833328125 0.9734375 0.3445833328125 1 0.3445833328125 1 0.3120833328125
1 0.9728125000000001 0.350625 0.9728125000000001 0.3204166671875 0.9434374999999999 0.3204166671875 0.9434374999999999 0.350625 0.9728125000000001 0.350625
1 1 0.2510416671875 0.97109375 0.2510416671875 0.97109375 0.2858333328125 1 0.2858333328125 1 0.2510416671875
1 0.5428124999999999 0.3022916671875 0.5428124999999999 0.27291666718749996 0.5134375 0.27291666718749996 0.5134375 0.3022916671875 0.5428124999999999 0.3022916671875
2 0.87015625 0.4904166671875 0.87015625 0.37124999999999997 0.835625 0.37124999999999997 0.835625 0.4904166671875 0.87015625 0.4904166671875
4 0.9259375000000001 0.48520833281250003 0.9259375000000001 0.39416666718750004 0.8596875 0.39416666718750004 0.8596875 0.48520833281250003 0.9259375000000001 0.48520833281250003
4 0.54140625 0.4916666671875 0.54140625 0.3352083328125 0.45859375 0.3352083328125 0.45859375 0.4916666671875 0.54140625 0.4916666671875
4 0.173125 0.003125 0.173125 0.24937499999999999 0.339375 0.24937499999999999 0.339375 0.003125 0.173125 0.003125
1 0.26703125 0.33625 0.26703125 0.36104166718749997 0.406875 0.36104166718749997 0.406875 0.33625 0.26703125 0.33625