1 0.9432812500000001 0.375625 0.9432812500000001 0.224375 0.6520312500000001 0.224375 0.6520312500000001 0.375625 0.9432812500000001 0.375625
1 0.5650000000000001 0.7522916671875 0.5650000000000001 0.6154166671875 0.31078125 0.6154166671875 0.31078125 0.7522916671875 0.5650000000000001 0.7522916671875
1 0.8739062499999999 0.835625 0.8739062499999999 0.7170833328125 0.6118750000000001 0.7170833328125 0.6118750000000001 0.835625 0.8739062499999999 0.835625
1 1 0.7664583328125001 0.8739062499999999 0.7664583328125001 0.8739062499999999 0.8487500000000001 1 0.8487500000000001 1 0.7664583328125001
1 0.145625 0.45375 0.145625 0.4029166671875 0.04984375 0.4029166671875 0.04984375 0.45375 0.145625 0.45375
2 0.36734374999999997 0.6660416671875 0.36734374999999997 0.1583333328125 0.135625 0.1583333328125 0.135625 0.6660416671875 0.36734374999999997 0.6660416671875
3 0.7903125 0.1058333328125 0.7903125 0.017291667187500002 0.6846875 0.017291667187500002 0.6846875 0.1058333328125 0.7903125 0.1058333328125
3 0.8846875000000001 0.1275 0.8846875000000001 0.0339583328125 0.7865624999999999 0.0339583328125 0.7865624999999999 0.1275 0.8846875000000001 0.1275
3 1 0.046875 0.8846875000000001 0.046875 0.8846875000000001 0.17875000000000002 1 0.17875000000000002 1 0.046875
3 0.6028125 0.2929166671875 0.6028125 0.22374999999999998 0.48359375 0.22374999999999998 0.48359375 0.2929166671875 0.6028125 0.2929166671875
3 1 0.2954166671875 0.9356249999999999 0.2954166671875 0.9356249999999999 0.398125 1 0.398125 1 0.2954166671875
3 0.18937500000000002 0.2545833328125 0.18937500000000002 0.20833333281250002 0.12890625 0.20833333281250002 0.12890625 0.2545833328125 0.18937500000000002 0.2545833328125