1 0.6095312500000001 0.9408333328125 0.6095312500000001 0.725 0.2 0.725 0.2 0.9408333328125 0.6095312500000001 0.9408333328125
1 0.54140625 0.20916666718750002 0.54140625 0.311875 0.7378125 0.311875 0.7378125 0.20916666718750002 0.54140625 0.20916666718750002
1 0.59703125 0.017708332812499998 0.59703125 0.138125 0.73390625 0.138125 0.73390625 0.017708332812499998 0.59703125 0.017708332812499998
1 0.42843749999999997 0.0079166671875 0.42843749999999997 0.056874999999999995 0.5896874999999999 0.056874999999999995 0.5896874999999999 0.0079166671875 0.42843749999999997 0.0079166671875
1 0.81859375 0.515 0.81859375 0.5543750000000001 0.9296875 0.5543750000000001 0.9296875 0.515 0.81859375 0.515
1 0.8975 0.5291666671875 0.8975 0.5795833328125 0.99375 0.5795833328125 0.99375 0.5291666671875 0.8975 0.5291666671875
1 0.83671875 0.5358333328125 0.83671875 0.49416666718749996 0.73640625 0.49416666718749996 0.73640625 0.5358333328125 0.83671875 0.5358333328125
1 0.9996875 0.588125 0.9996875 0.5389583328125 0.9875 0.5389583328125 0.9875 0.588125 0.9996875 0.588125
1 0.23859375 0.49812500000000004 0.23859375 0.4516666671875 0.19765625 0.4516666671875 0.19765625 0.49812500000000004 0.23859375 0.49812500000000004
2 0.8884375 0.5595833328125 0.8884375 0.348125 0.8201562499999999 0.348125 0.8201562499999999 0.5595833328125 0.8884375 0.5595833328125
4 0.5903125 0.6212500000000001 0.5903125 0.3570833328125 0.4346875 0.3570833328125 0.4346875 0.6212500000000001 0.5903125 0.6212500000000001
3 0.51484375 0.5341666671875 0.51484375 0.46979166718750004 0.39640624999999996 0.46979166718750004 0.39640624999999996 0.5341666671875 0.51484375 0.5341666671875
3 0.51375 0.586875 0.51375 0.5289583328125 0.4378125 0.5289583328125 0.4378125 0.586875 0.51375 0.586875
3 0.43484375000000003 0.538125 0.43484375000000003 0.46708333281250003 0.31546875 0.46708333281250003 0.31546875 0.538125 0.43484375000000003 0.538125
3 0.436875 0.6 0.436875 0.5341666671875 0.3125 0.5341666671875 0.3125 0.6 0.436875 0.6
3 0.3559375 0.5697916671875001 0.3559375 0.4920833328125 0.27703125 0.4920833328125 0.27703125 0.5697916671875001 0.3559375 0.5697916671875001
3 0.40718750000000004 0.40791666718749997 0.40718750000000004 0.361875 0.29078125 0.361875 0.29078125 0.40791666718749997 0.40718750000000004 0.40791666718749997
3 0.1615625 0.57625 0.1615625 0.4960416671875 0.05890625000000001 0.4960416671875 0.05890625000000001 0.57625 0.1615625 0.57625
3 0.1615625 0.6420833328125 0.1615625 0.57625 0.08249999999999999 0.57625 0.08249999999999999 0.6420833328125 0.1615625 0.6420833328125
3 0.2246875 0.5 0.2246875 0.4683333328125 0.12593749999999998 0.4683333328125 0.12593749999999998 0.5 0.2246875 0.5
3 0.2503125 0.5683333328125 0.2503125 0.4947916671875 0.17828125 0.4947916671875 0.17828125 0.5683333328125 0.2503125 0.5683333328125
3 0.244375 0.6316666671875 0.244375 0.5722916671875 0.174375 0.5722916671875 0.174375 0.6316666671875 0.244375 0.6316666671875
3 0.12890625 0.4329166671875 0.12890625 0.364375 0.05796875 0.364375 0.05796875 0.4329166671875 0.12890625 0.4329166671875
3 0.26125 0.4170833328125 0.26125 0.31437499999999996 0.150625 0.31437499999999996 0.150625 0.4170833328125 0.26125 0.4170833328125