1 1 0.0810416671875 0.94140625 0.0810416671875 0.94140625 0.1395833328125 1 0.1395833328125 1 0.0810416671875
1 0.94140625 0.1579166671875 0.94140625 0.0979166671875 0.8631249999999999 0.0979166671875 0.8631249999999999 0.1579166671875 0.94140625 0.1579166671875
1 0.8582812499999999 0.1735416671875 0.8582812499999999 0.12 0.79578125 0.12 0.79578125 0.1735416671875 0.8582812499999999 0.1735416671875
1 0.7946875 0.1879166671875 0.7946875 0.1435416671875 0.75265625 0.1435416671875 0.75265625 0.1879166671875 0.7946875 0.1879166671875
1 0.75171875 0.2008333328125 0.75171875 0.164375 0.71953125 0.164375 0.71953125 0.2008333328125 0.75171875 0.2008333328125
1 0.71953125 0.20875 0.71953125 0.18395833281250001 0.69703125 0.18395833281250001 0.69703125 0.20875 0.71953125 0.20875
1 0.72046875 0.1695833328125 0.72046875 0.1447916671875 0.6959375 0.1447916671875 0.6959375 0.1695833328125 0.72046875 0.1695833328125
1 0.7262500000000001 0.1304166671875 0.7262500000000001 0.1070833328125 0.69984375 0.1070833328125 0.69984375 0.1304166671875 0.7262500000000001 0.1304166671875
1 0.6950000000000001 0.2216666671875 0.6950000000000001 0.195625 0.67453125 0.195625 0.67453125 0.2216666671875 0.6950000000000001 0.2216666671875
1 0.67453125 0.226875 0.67453125 0.21125 0.656875 0.21125 0.656875 0.226875 0.67453125 0.226875
1 0.65390625 0.23479166718750002 0.65390625 0.2152083328125 0.6421875 0.2152083328125 0.6421875 0.23479166718750002 0.65390625 0.23479166718750002
1 0.6421875 0.2372916671875 0.6421875 0.22291666718749997 0.6275000000000001 0.22291666718749997 0.6275000000000001 0.2372916671875 0.6421875 0.2372916671875
1 0.76046875 0.051041667187499994 0.76046875 0.0014583328125 0.7253125 0.0014583328125 0.7253125 0.051041667187499994 0.76046875 0.051041667187499994
1 0.724375 0.07958333281249999 0.724375 0.0470833328125 0.69984375 0.0470833328125 0.69984375 0.07958333281249999 0.724375 0.07958333281249999
1 0.7028125000000001 0.0966666671875 0.7028125000000001 0.0652083328125 0.68421875 0.0652083328125 0.68421875 0.0966666671875 0.7028125000000001 0.0966666671875
1 0.6793750000000001 0.1160416671875 0.6793750000000001 0.0914583328125 0.6637500000000001 0.0914583328125 0.6637500000000001 0.1160416671875 0.6793750000000001 0.1160416671875
1 0.213125 0 0.213125 0.053541667187499996 0.26203125 0.053541667187499996 0.26203125 0 0.213125 0
1 0.30015625 0.09 0.30015625 0.027500000000000004 0.26203125 0.027500000000000004 0.26203125 0.09 0.30015625 0.09
1 0.32359375 0.1160416671875 0.32359375 0.0666666671875 0.30015625 0.0666666671875 0.30015625 0.1160416671875 0.32359375 0.1160416671875
1 0.34500000000000003 0.1395833328125 0.34500000000000003 0.0966666671875 0.32359375 0.0966666671875 0.32359375 0.1395833328125 0.34500000000000003 0.1395833328125
1 0.36265625 0.1539583328125 0.36265625 0.1227083328125 0.34609375 0.1227083328125 0.34609375 0.1539583328125 0.36265625 0.1539583328125
1 0.3821875 0.1579166671875 0.3821875 0.1279166671875 0.36359375 0.1279166671875 0.36359375 0.1579166671875 0.3821875 0.1579166671875
3 0.99546875 0.6472916671875 0.99546875 0.5552083328124999 0.92734375 0.5552083328124999 0.92734375 0.6472916671875 0.99546875 0.6472916671875
3 0.999375 0.67625 0.999375 0.6027083328125 0.9785937499999999 0.6027083328125 0.9785937499999999 0.67625 0.999375 0.67625
3 0.93328125 0.6118750000000001 0.93328125 0.5393749999999999 0.90359375 0.5393749999999999 0.90359375 0.6118750000000001 0.93328125 0.6118750000000001
3 0.9243750000000001 0.57625 0.9243750000000001 0.5183333328125 0.84734375 0.5183333328125 0.84734375 0.57625 0.9243750000000001 0.57625
3 0.999375 0.47104166718749996 0.999375 0.38687499999999997 0.9253125000000001 0.38687499999999997 0.9253125000000001 0.47104166718749996 0.999375 0.47104166718749996
3 0.9243750000000001 0.42895833281250006 0.9243750000000001 0.3670833328125 0.849375 0.3670833328125 0.849375 0.42895833281250006 0.9243750000000001 0.42895833281250006
3 0.85625 0.39875 0.85625 0.35270833281249997 0.81578125 0.35270833281249997 0.81578125 0.39875 0.85625 0.39875
3 0.87203125 0.3908333328125 0.87203125 0.2947916671875 0.79109375 0.2947916671875 0.79109375 0.3908333328125 0.87203125 0.3908333328125
3 0.7990625 0.38416666718750003 0.7990625 0.338125 0.75859375 0.338125 0.75859375 0.38416666718750003 0.7990625 0.38416666718750003
3 0.88578125 0.5289583328125 0.88578125 0.47104166718749996 0.8059375 0.47104166718749996 0.8059375 0.5289583328125 0.88578125 0.5289583328125
3 0.8196875 0.5118750000000001 0.8196875 0.46708333281250003 0.78125 0.46708333281250003 0.78125 0.5118750000000001 0.8196875 0.5118750000000001
3 0.81671875 0.46708333281250003 0.81671875 0.4408333328125 0.77234375 0.4408333328125 0.77234375 0.46708333281250003 0.81671875 0.46708333281250003
3 0.7732812499999999 0.460625 0.7732812499999999 0.42104166718749997 0.72 0.42104166718749997 0.72 0.460625 0.7732812499999999 0.460625
3 0.33921875 0.47625 0.33921875 0.3722916671875 0.26015625 0.3722916671875 0.26015625 0.47625 0.33921875 0.47625
3 0.19609375 0.49083333281249997 0.19609375 0.339375 0.0865625 0.339375 0.0865625 0.49083333281249997 0.19609375 0.49083333281249997
3 0.11609375 0.4591666671875 0.11609375 0.3829166671875 0.0075 0.3829166671875 0.0075 0.4591666671875 0.11609375 0.4591666671875
3 0.118125 0.4933333328125 0.118125 0.4447916671875 0.039218750000000004 0.4447916671875 0.039218750000000004 0.4933333328125 0.118125 0.4933333328125
3 0.12 0.5289583328125 0.12 0.4777083328125 0.05796875 0.4777083328125 0.05796875 0.5289583328125 0.12 0.5289583328125
3 0.043125000000000004 0.5722916671875 0.043125000000000004 0.49083333281249997 0.0017187500000000002 0.49083333281249997 0.0017187500000000002 0.5722916671875 0.043125000000000004 0.5722916671875
3 0.0017187500000000002 0.263125 0.0017187500000000002 0.3329166671875 0.0371875 0.3329166671875 0.0371875 0.263125 0.0017187500000000002 0.263125
3 0.15359375 0.31979166718749996 0.15359375 0.2460416671875 0.04109375 0.2460416671875 0.04109375 0.31979166718749996 0.15359375 0.31979166718749996
3 0.22078125 0.3183333328125 0.22078125 0.25666666718750003 0.15562499999999999 0.25666666718750003 0.15562499999999999 0.3183333328125 0.22078125 0.3183333328125
3 0.2425 0.32375 0.2425 0.25916666718750003 0.21671875 0.25916666718750003 0.21671875 0.32375 0.2425 0.32375
3 0.27 0.2683333328125 0.27 0.2289583328125 0.206875 0.2289583328125 0.206875 0.2683333328125 0.27 0.2683333328125
3 0.27 0.2908333328125 0.27 0.2670833328125 0.22953125000000002 0.2670833328125 0.22953125000000002 0.2908333328125 0.27 0.2908333328125
3 0.2621875 0.31437499999999996 0.2621875 0.285625 0.23453125 0.285625 0.23453125 0.31437499999999996 0.2621875 0.31437499999999996
3 0.30656249999999996 0.2579166671875 0.30656249999999996 0.2341666671875 0.2759375 0.2341666671875 0.2759375 0.2579166671875 0.30656249999999996 0.2579166671875
3 0.30656249999999996 0.275 0.30656249999999996 0.2579166671875 0.2759375 0.2579166671875 0.2759375 0.275 0.30656249999999996 0.275
3 0.30171875 0.2960416671875 0.30171875 0.275 0.2759375 0.275 0.2759375 0.2960416671875 0.30171875 0.2960416671875
3 0.24546874999999999 0.4408333328125 0.24546874999999999 0.388125 0.21671875 0.388125 0.21671875 0.4408333328125 0.24546874999999999 0.4408333328125
3 0.22562500000000002 0.4591666671875 0.22562500000000002 0.3552083328125 0.18328125 0.3552083328125 0.18328125 0.4591666671875 0.22562500000000002 0.4591666671875
3 0.39140625 0.2972916671875 0.39140625 0.24479166718749998 0.34500000000000003 0.24479166718749998 0.34500000000000003 0.2972916671875 0.39140625 0.2972916671875