1 0.9442187499999999 0.0929629625 0.9442187499999999 0.173703703125 0.996875 0.173703703125 0.996875 0.0929629625 0.9442187499999999 0.0929629625
1 0.9413541671875001 0.2288888890625 0.9413541671875001 0.144259259375 0.8678125 0.144259259375 0.8678125 0.2288888890625 0.9413541671875001 0.2288888890625
1 0.8692187499999999 0.2673148140625 0.8692187499999999 0.2006481484375 0.8165625000000001 0.2006481484375 0.8165625000000001 0.2673148140625 0.8692187499999999 0.2673148140625
1 0.81875 0.2686111109375 0.81875 0.212222221875 0.7293229171875 0.212222221875 0.7293229171875 0.2686111109375 0.81875 0.2686111109375
1 0.7307812499999999 0.287777778125 0.7307812499999999 0.2429629625 0.7084374999999999 0.2429629625 0.7084374999999999 0.287777778125 0.7307812499999999 0.287777778125
1 0.8057812500000001 0.3186111109375 0.8057812500000001 0.2711111109375 0.7293229171875 0.2711111109375 0.7293229171875 0.3186111109375 0.8057812500000001 0.3186111109375
1 0.7329166671875 0.3390740734375 0.7329166671875 0.29555555624999996 0.7091145828125 0.29555555624999996 0.7091145828125 0.3390740734375 0.7329166671875 0.3390740734375
1 0.70265625 0.35444444375 0.70265625 0.3326851859375 0.67453125 0.3326851859375 0.67453125 0.35444444375 0.70265625 0.35444444375
1 0.725 0.0313888890625 0.725 0.15064814843750002 0.7855729171875 0.15064814843750002 0.7855729171875 0.0313888890625 0.725 0.0313888890625
1 0.78125 0.0006481484375 0.78125 0.0506481484375 0.8605729171875 0.0506481484375 0.8605729171875 0.0006481484375 0.78125 0.0006481484375
1 0.09109375 0.1493518515625 0.09109375 0.23398148124999998 0.3485416671875 0.23398148124999998 0.3485416671875 0.1493518515625 0.09109375 0.1493518515625
1 0.2209375 0.18657407343750002 0.2209375 0.2673148140625 0.3788541671875 0.2673148140625 0.3788541671875 0.18657407343750002 0.2209375 0.18657407343750002
1 0.228125 0.0429629625 0.228125 0.126296296875 0.3788541671875 0.126296296875 0.3788541671875 0.0429629625 0.228125 0.0429629625
1 0.5503645828125 0.5593518515625 0.5503645828125 0.5341666671875 0.4603125 0.5341666671875 0.4603125 0.5593518515625 0.5503645828125 0.5593518515625
1 0.5498958328125 0.6025 0.5498958328125 0.5813888890625 0.48557291718749995 0.5813888890625 0.48557291718749995 0.6025 0.5498958328125 0.6025
2 0.5815104171875001 0.5096296296875 0.5815104171875001 0.3788888890625 0.5309895828125 0.3788888890625 0.5309895828125 0.5096296296875 0.5815104171875001 0.5096296296875
2 0.52453125 0.496759259375 0.52453125 0.3813888890625 0.4891666671875 0.3813888890625 0.4891666671875 0.496759259375 0.52453125 0.496759259375
3 0.9181770828125 0.5091666671875 0.9181770828125 0.47101851874999995 0.8685937499999999 0.47101851874999995 0.8685937499999999 0.5091666671875 0.9181770828125 0.5091666671875
3 0.99546875 0.6418518515625 0.99546875 0.5631481484374999 0.8878125000000001 0.5631481484374999 0.8878125000000001 0.6418518515625 0.99546875 0.6418518515625
3 0.9947395828125 0.6958333328124999 0.9947395828125 0.6210185187499999 0.8996875 0.6210185187499999 0.8996875 0.6958333328124999 0.9947395828125 0.6958333328124999
3 0.9078125 0.6724074078125 0.9078125 0.6158333328125 0.8693229171875 0.6158333328125 0.8693229171875 0.6724074078125 0.9078125 0.6724074078125
3 0.8745312500000001 0.655277778125 0.8745312500000001 0.6025925921875 0.8582291671875 0.6025925921875 0.8582291671875 0.655277778125 0.8745312500000001 0.655277778125
3 0.8848437499999999 0.61055555625 0.8848437499999999 0.56055555625 0.8352604171875001 0.56055555625 0.8352604171875001 0.61055555625 0.8848437499999999 0.61055555625
3 0.86265625 0.6421296296875 0.86265625 0.5934259265625 0.8352604171875001 0.5934259265625 0.8352604171875001 0.6421296296875 0.86265625 0.6421296296875
3 0.9152083328125 0.47101851874999995 0.9152083328125 0.419722221875 0.8234375 0.419722221875 0.8234375 0.47101851874999995 0.9152083328125 0.47101851874999995
3 0.8856249999999999 0.505277778125 0.8856249999999999 0.4658333328125 0.8285937499999999 0.4658333328125 0.8285937499999999 0.505277778125 0.8856249999999999 0.505277778125
3 0.83234375 0.4974074078125 0.83234375 0.46055555625 0.79234375 0.46055555625 0.79234375 0.4974074078125 0.83234375 0.4974074078125
3 0.8441666671875 0.37898148125 0.8441666671875 0.344722221875 0.8056770828125 0.344722221875 0.8056770828125 0.37898148125 0.8441666671875 0.37898148125
3 0.8411979171875 0.623703703125 0.8411979171875 0.569722221875 0.8071354171875 0.569722221875 0.8071354171875 0.623703703125 0.8411979171875 0.623703703125
3 0.8019791671875 0.61444444375 0.8019791671875 0.5618518515625001 0.78421875 0.5618518515625001 0.78421875 0.61444444375 0.8019791671875 0.61444444375
3 0.7879166671875 0.6 0.7879166671875 0.5684259265625 0.7671875 0.5684259265625 0.7671875 0.6 0.7879166671875 0.6
3 0.7967708328125 0.6158333328125 0.7967708328125 0.5591666671875 0.7486979171875 0.5591666671875 0.7486979171875 0.6158333328125 0.7967708328125 0.6158333328125
3 0.7731250000000001 0.555277778125 0.7731250000000001 0.5224074078125 0.7286979171875 0.5224074078125 0.7286979171875 0.555277778125 0.7731250000000001 0.555277778125
3 0.7494270828125 0.5868518515625001 0.7494270828125 0.55398148125 0.7279687499999999 0.55398148125 0.7279687499999999 0.5868518515625001 0.7494270828125 0.5868518515625001
3 0.7731250000000001 0.5078703703125 0.7731250000000001 0.41185185156250004 0.7316666671875 0.41185185156250004 0.7316666671875 0.5078703703125 0.7731250000000001 0.5078703703125
3 0.7731250000000001 0.4974074078125 0.7731250000000001 0.4591666671875 0.7627604171875 0.4591666671875 0.7627604171875 0.4974074078125 0.7731250000000001 0.4974074078125
3 0.7849479171875 0.4881481484375 0.7849479171875 0.4671296296875 0.7716145828125 0.4671296296875 0.7716145828125 0.4881481484375 0.7849479171875 0.4881481484375
3 0.3097916671875 0.5224074078125 0.3097916671875 0.44472222187500005 0.25796874999999997 0.44472222187500005 0.25796874999999997 0.5224074078125 0.3097916671875 0.5224074078125
3 0.24463541718749998 0.65 0.24463541718749998 0.3868518515625 0.0485416671875 0.3868518515625 0.0485416671875 0.65 0.24463541718749998 0.65
3 0.1656770828125 0.581296296875 0.1656770828125 0.44259259218749997 0.00453125 0.44259259218749997 0.00453125 0.581296296875 0.1656770828125 0.581296296875
3 0.17333333281250002 0.672222221875 0.17333333281250002 0.5586111109375 0.0556770828125 0.5586111109375 0.0556770828125 0.672222221875 0.17333333281250002 0.672222221875
3 0.053125 0.7245370375 0.053125 0.5631481484374999 0.0006770828125000001 0.5631481484374999 0.0006770828125000001 0.7245370375 0.053125 0.7245370375
3 0.19125 0.9223148140624999 0.19125 0.7518518515625 0.0096354171875 0.7518518515625 0.0096354171875 0.9223148140624999 0.19125 0.9223148140624999
3 0.1938020828125 0.99055555625 0.1938020828125 0.863240740625 0.12984374999999998 0.863240740625 0.12984374999999998 0.99055555625 0.1938020828125 0.99055555625
3 0.1323958328125 0.9996296296875 0.1323958328125 0.917777778125 0.0032291671874999997 0.917777778125 0.0032291671874999997 0.9996296296875 0.1323958328125 0.9996296296875
3 0.2436979171875 0.9450925921875 0.2436979171875 0.7723148140625 0.1682291671875 0.7723148140625 0.1682291671875 0.9450925921875 0.2436979171875 0.9450925921875
3 0.2935416671875 0.8359259265625001 0.2935416671875 0.7313888890625 0.1784375 0.7313888890625 0.1784375 0.8359259265625001 0.2935416671875 0.8359259265625001
3 0.3204166671875 0.7768518515625 0.3204166671875 0.6904629625 0.23859375 0.6904629625 0.23859375 0.7768518515625 0.3204166671875 0.7768518515625
3 0.3483333328125 0.7461111109375 0.3483333328125 0.672222221875 0.2347395828125 0.672222221875 0.2347395828125 0.7461111109375 0.3483333328125 0.7461111109375
3 0.30890625 0.597222221875 0.30890625 0.5039814812500001 0.2347395828125 0.5039814812500001 0.2347395828125 0.597222221875 0.30890625 0.597222221875
3 0.36161458281250003 0.6261111109375 0.36161458281250003 0.5772222218749999 0.2905729171875 0.5772222218749999 0.2905729171875 0.6261111109375 0.36161458281250003 0.6261111109375
3 0.3633854171875 0.6576851859375 0.3633854171875 0.6166666671875001 0.28703124999999996 0.6166666671875001 0.28703124999999996 0.6576851859375 0.3633854171875 0.6576851859375
3 0.36609375 0.727222221875 0.36609375 0.6545370375 0.28703124999999996 0.6545370375 0.28703124999999996 0.727222221875 0.36609375 0.727222221875
3 0.38114583281250003 0.6798148140625 0.38114583281250003 0.558240740625 0.37140625 0.558240740625 0.37140625 0.6798148140625 0.38114583281250003 0.6798148140625
3 0.3696354171875 0.6056481484375 0.3696354171875 0.5629629625 0.3554166671875 0.5629629625 0.3554166671875 0.6056481484375 0.3696354171875 0.6056481484375
3 0.3722916671875 0.6561111109375 0.3722916671875 0.5961111109375 0.3625 0.5961111109375 0.3625 0.6561111109375 0.3722916671875 0.6561111109375
3 0.3403125 0.569259259375 0.3403125 0.5045370375 0.3056770828125 0.5045370375 0.3056770828125 0.569259259375 0.3403125 0.569259259375
3 0.36161458281250003 0.5013888890625 0.36161458281250003 0.44925925937500005 0.30302083281250003 0.44925925937500005 0.30302083281250003 0.5013888890625 0.36161458281250003 0.5013888890625
3 0.3633854171875 0.548796296875 0.3633854171875 0.49351851875 0.33765625 0.49351851875 0.33765625 0.548796296875 0.3633854171875 0.548796296875
3 0.4078125 0.5309259265625 0.4078125 0.479259259375 0.3833854171875 0.479259259375 0.3833854171875 0.5309259265625 0.4078125 0.5309259265625
3 0.379375 0.5345370375 0.379375 0.48564814843750004 0.3625 0.48564814843750004 0.3625 0.5345370375 0.379375 0.5345370375
3 0.7327083328125 0.5663888890625 0.7327083328125 0.50194444375 0.7157291671875 0.50194444375 0.7157291671875 0.5663888890625 0.7327083328125 0.5663888890625
3 0.7196354171875 0.47694444375 0.7196354171875 0.45722222187500006 0.7030208328125 0.45722222187500006 0.7030208328125 0.47694444375 0.7196354171875 0.47694444375
3 0.7067187500000001 0.4593518515625 0.7067187500000001 0.4341666671875 0.6906770828125001 0.4341666671875 0.6906770828125001 0.4593518515625 0.7067187500000001 0.4593518515625
3 0.7073437499999999 0.4791666671875 0.7073437499999999 0.4561111109375 0.6900520828125 0.4561111109375 0.6900520828125 0.4791666671875 0.7073437499999999 0.4791666671875
3 0.7147395828125 0.5251851859375 0.7147395828125 0.503240740625 0.6998958328125 0.503240740625 0.6998958328125 0.5251851859375 0.7147395828125 0.5251851859375
3 0.7122395828125 0.5591666671875 0.7122395828125 0.5306481484375001 0.6998958328125 0.5306481484375001 0.6998958328125 0.5591666671875 0.7122395828125 0.5591666671875
3 0.7030208328125 0.5274074078125001 0.7030208328125 0.5054629625 0.6919270828124999 0.5054629625 0.6919270828124999 0.5274074078125001 0.7030208328125 0.5274074078125001
3 0.7005208328125 0.55148148125 0.7005208328125 0.5274074078125001 0.6919270828124999 0.5274074078125001 0.6919270828124999 0.55148148125 0.7005208328125 0.55148148125
3 0.40265625 0.6436111109375 0.40265625 0.6008333328125001 0.3896875 0.6008333328125001 0.3896875 0.6436111109375 0.40265625 0.6436111109375
3 0.9851041671875 0.003703703125 0.9851041671875 0.028703703125 0.9991666671875 0.028703703125 0.9991666671875 0.003703703125 0.9851041671875 0.003703703125
3 0.984375 0.031296296875000004 0.984375 0.06555555625000001 0.9991666671875 0.06555555625000001 0.9991666671875 0.031296296875000004 0.984375 0.031296296875000004
3 0.9977083328124999 0.0971296296875 0.9977083328124999 0.05898148125 0.9880729171875 0.05898148125 0.9880729171875 0.0971296296875 0.9977083328124999 0.0971296296875
3 0.98953125 0.1234259265625 0.98953125 0.0721296296875 0.93921875 0.0721296296875 0.93921875 0.1234259265625 0.98953125 0.1234259265625
3 0.9444270828124999 0.05101851875 0.9444270828124999 0.10101851875000001 0.9806770828125 0.10101851875000001 0.9806770828125 0.05101851875 0.9444270828124999 0.05101851875
3 0.9436458328124999 0.024722221875 0.9436458328124999 0.0721296296875 0.9799479171875 0.0721296296875 0.9799479171875 0.024722221875 0.9436458328124999 0.024722221875
3 0.9473437499999999 0.005 0.9473437499999999 0.0458333328125 0.9799479171875 0.0458333328125 0.9799479171875 0.005 0.9473437499999999 0.005
3 0.9932291671875 0.5247222218750001 0.9932291671875 0.45759259218750004 0.9510416671874999 0.45759259218750004 0.9510416671874999 0.5247222218750001 0.9932291671875 0.5247222218750001
3 0.9991666671875 0.53398148125 0.9991666671875 0.4681481484375 0.99546875 0.4681481484375 0.99546875 0.53398148125 0.9991666671875 0.53398148125