1 0.9002604171874999 0.6365740734374999 0.9002604171874999 0.5762962968750001 0.6925520828125 0.5762962968750001 0.6925520828125 0.6365740734374999 0.9002604171874999 0.6365740734374999
1 0.903125 0.7300925921875 0.903125 0.6596296296874999 0.6889583328125 0.6596296296874999 0.6889583328125 0.7300925921875 0.903125 0.7300925921875
1 0.36515624999999996 0.19037037031249998 0.36515624999999996 0.076296296875 0.190625 0.076296296875 0.190625 0.19037037031249998 0.36515624999999996 0.19037037031249998
1 0.4170833328125 0.276296296875 0.4170833328125 0.19037037031249998 0.2396875 0.19037037031249998 0.2396875 0.276296296875 0.4170833328125 0.276296296875
1 0.44447916718749997 0.294259259375 0.44447916718749997 0.24805555625000003 0.42067708281250005 0.24805555625000003 0.42067708281250005 0.294259259375 0.44447916718749997 0.294259259375
1 0.4184895828125 0.1813888890625 0.4184895828125 0.114722221875 0.3565104171875 0.114722221875 0.3565104171875 0.1813888890625 0.4184895828125 0.1813888890625
1 0.44375 0.2224074078125 0.44375 0.1724074078125 0.4184895828125 0.1724074078125 0.4184895828125 0.2224074078125 0.44375 0.2224074078125
1 0.9983333328124999 0.235277778125 0.9983333328124999 0.162222221875 0.9363020828125 0.162222221875 0.9363020828125 0.235277778125 0.9983333328124999 0.235277778125
1 0.9377604171874999 0.2711111109375 0.9377604171874999 0.20574074062499997 0.8742708328125 0.20574074062499997 0.8742708328125 0.2711111109375 0.9377604171874999 0.2711111109375
1 0.87859375 0.29675925937500003 0.87859375 0.244259259375 0.8324479171875 0.244259259375 0.8324479171875 0.29675925937500003 0.87859375 0.29675925937500003
1 0.8360416671875001 0.314722221875 0.8360416671875001 0.273703703125 0.79640625 0.273703703125 0.79640625 0.314722221875 0.8360416671875001 0.314722221875
1 0.7828125 0.3238888890625 0.7828125 0.2909259265625 0.7372395828125 0.2909259265625 0.7372395828125 0.3238888890625 0.7828125 0.3238888890625
1 0.73671875 0.3451851859375 0.73671875 0.308703703125 0.7181770828125 0.308703703125 0.7181770828125 0.3451851859375 0.73671875 0.3451851859375
1 0.7938020828125001 0.25259259218749996 0.7938020828125001 0.22148148124999997 0.7382291671875 0.22148148124999997 0.7382291671875 0.25259259218749996 0.7938020828125001 0.25259259218749996
1 0.7357291671875 0.194722221875 0.7357291671875 0.15379629687500002 0.7186979171875 0.15379629687500002 0.7186979171875 0.194722221875 0.7357291671875 0.194722221875
1 0.7527604171875 0.16898148125 0.7527604171875 0.1306481484375 0.7342187499999999 0.1306481484375 0.7342187499999999 0.16898148125 0.7527604171875 0.16898148125
1 0.7788020828125 0.1315740734375 0.7788020828125 0.07898148125 0.7552604171875 0.07898148125 0.7552604171875 0.1315740734375 0.7788020828125 0.1315740734375
1 0.8038020828124999 0.1034259265625 0.8038020828124999 0.0433333328125 0.78 0.0433333328125 0.78 0.1034259265625 0.8038020828124999 0.1034259265625
1 0.8050520828125001 0.004722221875 0.8050520828125001 0.06629629687500001 0.8409375000000001 0.06629629687500001 0.8409375000000001 0.004722221875 0.8050520828125001 0.004722221875
3 0.9914583328125 0.66398148125 0.9914583328125 0.54398148125 0.9044270828125001 0.54398148125 0.9044270828125001 0.66398148125 0.9914583328125 0.66398148125
3 0.9994270828125 0.6875925921875 0.9994270828125 0.6244444437500001 0.9372916671875 0.6244444437500001 0.9372916671875 0.6875925921875 0.9994270828125 0.6875925921875
3 0.9994270828125 0.7034259265625 0.9994270828125 0.651296296875 0.978125 0.651296296875 0.978125 0.7034259265625 0.9994270828125 0.7034259265625
3 0.9994270828125 0.531296296875 0.9994270828125 0.42083333281249996 0.9763541671875 0.42083333281249996 0.9763541671875 0.531296296875 0.9994270828125 0.531296296875
3 0.98078125 0.4665740734375 0.98078125 0.4175925921875 0.9328125 0.4175925921875 0.9328125 0.4665740734375 0.98078125 0.4665740734375
3 0.9843229171875001 0.5218518515625 0.9843229171875001 0.4618518515625 0.9283854171874999 0.4618518515625 0.9283854171874999 0.5218518515625 0.9843229171875001 0.5218518515625
3 0.046458332812499996 0.6039814812500001 0.046458332812499996 0.44129629687499994 0.0127083328125 0.44129629687499994 0.0127083328125 0.6039814812500001 0.046458332812499996 0.6039814812500001
3 0.0429166671875 0.7224074078125 0.0429166671875 0.5818518515625 0.0109375 0.5818518515625 0.0109375 0.7224074078125 0.0429166671875 0.7224074078125
3 0.1805729171875 0.6591666671875 0.1805729171875 0.5487037031249999 0.0429166671875 0.5487037031249999 0.0429166671875 0.6591666671875 0.1805729171875 0.6591666671875
3 0.1388020828125 0.9228703703125 0.1388020828125 0.7081481484375 0.0118229171875 0.7081481484375 0.0118229171875 0.9228703703125 0.1388020828125 0.9228703703125
3 0.14328125 0.9971296296875 0.14328125 0.8108333328124999 0.0127083328125 0.8108333328124999 0.0127083328125 0.9971296296875 0.14328125 0.9971296296875
3 0.14505208281249998 0.99555555625 0.14505208281249998 0.9118518515625 0.0713020828125 0.9118518515625 0.0713020828125 0.99555555625 0.14505208281249998 0.99555555625
3 0.22052083281249998 0.8218518515625 0.22052083281249998 0.6560185187500001 0.13614583281249998 0.6560185187500001 0.13614583281249998 0.8218518515625 0.22052083281249998 0.8218518515625
3 0.2178645828125 0.9165740734375 0.2178645828125 0.7602777781250001 0.14328125 0.7602777781250001 0.14328125 0.9165740734375 0.2178645828125 0.9165740734375
3 0.22140624999999997 0.9987037031250001 0.22140624999999997 0.83444444375 0.1503645828125 0.83444444375 0.1503645828125 0.9987037031250001 0.22140624999999997 0.9987037031250001
3 0.2809375 0.8865740734375 0.2809375 0.7855555562500001 0.22052083281249998 0.7855555562500001 0.22052083281249998 0.8865740734375 0.2809375 0.8865740734375
3 0.3075520828125 0.8091666671875 0.3075520828125 0.7018518515625 0.22942708281250002 0.7018518515625 0.22942708281250002 0.8091666671875 0.3075520828125 0.8091666671875
3 0.33953125 0.7602777781250001 0.33953125 0.69555555625 0.3013541671875 0.69555555625 0.3013541671875 0.7602777781250001 0.33953125 0.7602777781250001
3 0.3164583328125 0.5691666671875 0.3164583328125 0.4034259265625 0.16369791718749999 0.4034259265625 0.16369791718749999 0.5691666671875 0.3164583328125 0.5691666671875
3 0.3723958328125 0.4934259265625 0.3723958328125 0.43342592656249995 0.3164583328125 0.43342592656249995 0.3164583328125 0.4934259265625 0.3723958328125 0.4934259265625
3 0.3741666671875 0.53444444375 0.3741666671875 0.4808333328125 0.3182291671875 0.4808333328125 0.3182291671875 0.53444444375 0.3741666671875 0.53444444375
3 0.39729166718750003 0.531296296875 0.39729166718750003 0.469722221875 0.37328125 0.469722221875 0.37328125 0.531296296875 0.39729166718750003 0.531296296875
3 0.36171875 0.6828703703125 0.36171875 0.6181481484375 0.2649479171875 0.6181481484375 0.2649479171875 0.6828703703125 0.36171875 0.6828703703125
3 0.3599479171875 0.7318518515625 0.3599479171875 0.6781481484375 0.33421875 0.6781481484375 0.33421875 0.7318518515625 0.3599479171875 0.7318518515625
3 0.3857291671875 0.6481481484375 0.3857291671875 0.589722221875 0.36265625 0.589722221875 0.36265625 0.6481481484375 0.3857291671875 0.6481481484375
3 0.38395833281249997 0.700277778125 0.38395833281249997 0.638703703125 0.36171875 0.638703703125 0.36171875 0.700277778125 0.38395833281249997 0.700277778125
3 0.43015625 0.6434259265625 0.43015625 0.5408333328125 0.3519791671875 0.5408333328125 0.3519791671875 0.6434259265625 0.43015625 0.6434259265625
3 0.4336979171875 0.44601851875 0.4336979171875 0.4175925921875 0.39546875 0.4175925921875 0.39546875 0.44601851875 0.4336979171875 0.44601851875
3 0.4345833328125 0.50444444375 0.4345833328125 0.44601851875 0.3910416671875 0.44601851875 0.3910416671875 0.50444444375 0.4345833328125 0.50444444375
3 0.45145833281250003 0.5865740734375 0.45145833281250003 0.5424074078125 0.43015625 0.5424074078125 0.43015625 0.5865740734375 0.45145833281250003 0.5865740734375
3 0.4488020828125 0.6181481484375 0.4488020828125 0.5881481484375 0.42921875 0.5881481484375 0.42921875 0.6181481484375 0.4488020828125 0.6181481484375
3 0.9275 0.5075925921875 0.9275 0.47601851875 0.8884375 0.47601851875 0.8884375 0.5075925921875 0.9275 0.5075925921875
3 0.8564583328125 0.4871296296875 0.8564583328125 0.45555555625000005 0.8076041671875 0.45555555625000005 0.8076041671875 0.4871296296875 0.8564583328125 0.4871296296875
3 0.53046875 0.5375925921875 0.53046875 0.488703703125 0.5109375 0.488703703125 0.5109375 0.5375925921875 0.53046875 0.5375925921875