1 0.7040625 0.3808333328125 0.7040625 0.30129629687500004 0.4653125 0.30129629687500004 0.4653125 0.3808333328125 0.7040625 0.3808333328125
1 0.48020833281249997 0.3713888890625 0.48020833281249997 0.3145370375 0.41734375 0.3145370375 0.41734375 0.3713888890625 0.48020833281249997 0.3713888890625
1 0.56140625 0.189722221875 0.56140625 0.0874074078125 0.48213541718749997 0.0874074078125 0.48213541718749997 0.189722221875 0.56140625 0.189722221875
1 0.48343749999999996 0.23296296249999998 0.48343749999999996 0.1375 0.4181770828125 0.1375 0.4181770828125 0.23296296249999998 0.48343749999999996 0.23296296249999998
1 0.40796875000000005 0.20564814843749998 0.40796875000000005 0.1306481484375 0.3440104171875 0.1306481484375 0.3440104171875 0.20564814843749998 0.40796875000000005 0.20564814843749998
1 0.3465625 0.2238888890625 0.3465625 0.169259259375 0.32484375 0.169259259375 0.32484375 0.2238888890625 0.3465625 0.2238888890625
1 0.32484375 0.23296296249999998 0.32484375 0.1784259265625 0.3005208328125 0.1784259265625 0.3005208328125 0.23296296249999998 0.32484375 0.23296296249999998
1 0.3030729171875 0.23296296249999998 0.3030729171875 0.1851851859375 0.2788020828125 0.1851851859375 0.2788020828125 0.23296296249999998 0.3030729171875 0.23296296249999998
1 0.41692708281249996 0.40574074062500004 0.41692708281249996 0.3625925921875 0.2992708328125 0.3625925921875 0.2992708328125 0.40574074062500004 0.41692708281249996 0.40574074062500004
1 0.40921874999999996 0.46944444374999994 0.40921874999999996 0.42398148124999996 0.3018229171875 0.42398148124999996 0.3018229171875 0.46944444374999994 0.40921874999999996 0.46944444374999994
1 0.3030729171875 0.39444444375 0.3030729171875 0.360277778125 0.2800520828125 0.360277778125 0.2800520828125 0.39444444375 0.3030729171875 0.39444444375
1 0.3018229171875 0.45351851875 0.3018229171875 0.4149074078125 0.28390624999999997 0.4149074078125 0.28390624999999997 0.45351851875 0.3018229171875 0.45351851875
1 0.3196875 0.100740740625 0.3196875 0.028703703125 0.28984375 0.028703703125 0.28984375 0.100740740625 0.3196875 0.100740740625
1 0.3133333328125 0.00601851875 0.3133333328125 0.0703703703125 0.3847395828125 0.0703703703125 0.3847395828125 0.00601851875 0.3133333328125 0.00601851875
1 0.3580729171875 0.14805555625 0.3580729171875 0.0874074078125 0.3218229171875 0.0874074078125 0.3218229171875 0.14805555625 0.3580729171875 0.14805555625
1 0.3218229171875 0.1688888890625 0.3218229171875 0.10453703750000001 0.2983854171875 0.10453703750000001 0.2983854171875 0.1688888890625 0.3218229171875 0.1688888890625
1 0.29625 0.180277778125 0.29625 0.13101851874999998 0.27177083281250003 0.13101851874999998 0.27177083281250003 0.180277778125 0.29625 0.180277778125
1 0.47640625 0.1158333328125 0.47640625 0.0154629625 0.4060416671875 0.0154629625 0.4060416671875 0.1158333328125 0.47640625 0.1158333328125
1 0.4774479171875 0.000277778125 0.4774479171875 0.0590740734375 0.55953125 0.0590740734375 0.55953125 0.000277778125 0.4774479171875 0.000277778125
1 0.5541666671875001 0.02305555625 0.5541666671875001 0.15944444375 0.7375 0.15944444375 0.7375 0.02305555625 0.5541666671875001 0.02305555625
1 0.7613541671874999 0.0040740734375 0.7613541671874999 0.0813888890625 0.9596354171874999 0.0813888890625 0.9596354171874999 0.0040740734375 0.7613541671874999 0.0040740734375
2 0.5375 0.7442592593749999 0.5375 0.24555555624999997 0.3990625 0.24555555624999997 0.3990625 0.7442592593749999 0.5375 0.7442592593749999
4 0.7415625 0.7493518515625001 0.7415625 0.34555555625 0.4610416671875 0.34555555625 0.4610416671875 0.7493518515625001 0.7415625 0.7493518515625001
4 0.46755208281250005 0.5813888890625 0.46755208281250005 0.335277778125 0.40843749999999995 0.335277778125 0.40843749999999995 0.5813888890625 0.46755208281250005 0.5813888890625
3 0.0855208328125 0.25259259218749996 0.0855208328125 0.21444444375 0.05145833281249999 0.21444444375 0.05145833281249999 0.25259259218749996 0.0855208328125 0.25259259218749996