1 0.58015625 0.5277083328125001 0.58015625 0.4064583328125 0.22921874999999997 0.4064583328125 0.22921874999999997 0.5277083328125001 0.58015625 0.5277083328125001
1 0.563125 0.8858333328124999 0.563125 0.7570833328125001 0.26749999999999996 0.7570833328125001 0.26749999999999996 0.8858333328124999 0.563125 0.8858333328124999
1 0.7321875 0.8270833328125 0.7321875 0.7191666671875 0.5545312499999999 0.7191666671875 0.5545312499999999 0.8270833328125 0.7321875 0.8270833328125
1 0.8928125 0.7418750000000001 0.8928125 0.6697916671875 0.770625 0.6697916671875 0.770625 0.7418750000000001 0.8928125 0.7418750000000001
1 0.26749999999999996 0.9672916671875 0.26749999999999996 0.80625 0.0032812500000000003 0.80625 0.0032812500000000003 0.9672916671875 0.26749999999999996 0.9672916671875
1 0.6128125 0.17916666718750002 0.6128125 0.0010416671875 0.33578125000000003 0.0010416671875 0.33578125000000003 0.17916666718750002 0.6128125 0.17916666718750002
1 0.76484375 0.2814583328125 0.76484375 0.1110416671875 0.6171875 0.1110416671875 0.6171875 0.2814583328125 0.76484375 0.2814583328125
1 0.8657812500000001 0.2852083328125 0.8657812500000001 0.1583333328125 0.7692187500000001 0.1583333328125 0.7692187500000001 0.2852083328125 0.8657812500000001 0.2852083328125
1 0.8573437500000001 0.34208333281250003 0.8573437500000001 0.2227083328125 0.7692187500000001 0.2227083328125 0.7692187500000001 0.34208333281250003 0.8573437500000001 0.34208333281250003
1 0.92125 0.32875 0.92125 0.2472916671875 0.8671875 0.2472916671875 0.8671875 0.32875 0.92125 0.32875
1 0.9198437500000001 0.385625 0.9198437500000001 0.2814583328125 0.86015625 0.2814583328125 0.86015625 0.385625 0.9198437500000001 0.385625
1 0.9709375 0.4122916671875 0.9709375 0.325 0.92125 0.325 0.92125 0.4122916671875 0.9709375 0.4122916671875
4 0.9949999999999999 0.701875 0.9949999999999999 0.4560416671875 0.8856249999999999 0.4560416671875 0.8856249999999999 0.701875 0.9949999999999999 0.701875
1 0.00609375 0.28875 0.00609375 0.3320833328125 0.08671875 0.3320833328125 0.08671875 0.28875 0.00609375 0.28875