1 0.9903645828125001 0.15444444375 0.9903645828125001 0.1993518515625 0.9990625 0.1993518515625 0.9990625 0.15444444375 0.9903645828125001 0.15444444375
1 0.9925520828125001 0.235277778125 0.9925520828125001 0.1699074078125 0.9528645828125001 0.1699074078125 0.9528645828125001 0.235277778125 0.9925520828125001 0.235277778125
1 0.9514583328124999 0.26342592656249997 0.9514583328124999 0.20444444375 0.9276562500000001 0.20444444375 0.9276562500000001 0.26342592656249997 0.9514583328124999 0.26342592656249997
1 0.9247395828125 0.285277778125 0.9247395828125 0.23777777812499998 0.903125 0.23777777812499998 0.903125 0.285277778125 0.9247395828125 0.285277778125
1 0.8988020828125001 0.303240740625 0.8988020828125001 0.2570370375 0.88796875 0.2570370375 0.88796875 0.303240740625 0.8988020828125001 0.303240740625
1 0.9528645828125001 0.18777777812500002 0.9528645828125001 0.13398148125 0.9023958328124999 0.13398148125 0.9023958328124999 0.18777777812500002 0.9528645828125001 0.18777777812500002
1 0.45026041718750004 0.1826851859375 0.45026041718750004 0.26601851875000004 0.4928125 0.26601851875000004 0.4928125 0.1826851859375 0.45026041718750004 0.1826851859375
1 0.39109375 0.1288888890625 0.39109375 0.2365740734375 0.44734375000000004 0.2365740734375 0.44734375000000004 0.1288888890625 0.39109375 0.1288888890625
1 0.31609375 0.060925926562499996 0.31609375 0.19037037031249998 0.39109375 0.19037037031249998 0.39109375 0.060925926562499996 0.31609375 0.060925926562499996
1 0.17906249999999999 0.004444443750000001 0.17906249999999999 0.137777778125 0.3103125 0.137777778125 0.3103125 0.004444443750000001 0.17906249999999999 0.004444443750000001
1 0.1761979171875 0.045555556250000004 0.1761979171875 0.0006481484375 0.11781250000000001 0.0006481484375 0.11781250000000001 0.045555556250000004 0.1761979171875 0.045555556250000004
1 0.49135416718749997 0.19805555625 0.49135416718749997 0.262222221875 0.5295833328125 0.262222221875 0.5295833328125 0.19805555625 0.49135416718749997 0.19805555625
1 0.5591145828124999 0.29555555624999996 0.5591145828124999 0.246759259375 0.5252604171875 0.246759259375 0.5252604171875 0.29555555624999996 0.5591145828124999 0.29555555624999996
1 0.5821875000000001 0.305740740625 0.5821875000000001 0.2596296296875 0.5591145828124999 0.2596296296875 0.5591145828124999 0.305740740625 0.5821875000000001 0.305740740625
3 0.4215625 0.9131481484374999 0.4215625 0.6841666671875 0.2905208328125 0.6841666671875 0.2905208328125 0.9131481484374999 0.4215625 0.9131481484374999
3 0.2350520828125 0.91055555625 0.2350520828125 0.7710185187499999 0.1625 0.7710185187499999 0.1625 0.91055555625 0.2350520828125 0.91055555625
3 0.1610416671875 0.9906481484375 0.1610416671875 0.7368518515625 0.0475 0.7368518515625 0.0475 0.9906481484375 0.1610416671875 0.9906481484375
3 0.0517708328125 0.9961111109375 0.0517708328125 0.7518518515625 0.0046875 0.7518518515625 0.0046875 0.9961111109375 0.0517708328125 0.9961111109375
3 0.1603645828125 0.6538888890625 0.1603645828125 0.5065740734374999 0.0056770828124999995 0.5065740734374999 0.0056770828124999995 0.6538888890625 0.1603645828125 0.6538888890625
3 0.24651041718750002 0.609259259375 0.24651041718750002 0.5024074078125 0.1569791671875 0.5024074078125 0.1569791671875 0.609259259375 0.24651041718750002 0.609259259375
3 0.3015104171875 0.493240740625 0.3015104171875 0.43185185156249994 0.17359375 0.43185185156249994 0.17359375 0.493240740625 0.3015104171875 0.493240740625
3 0.3015104171875 0.5433333328125001 0.3015104171875 0.493240740625 0.23885416718750002 0.493240740625 0.23885416718750002 0.5433333328125001 0.3015104171875 0.5433333328125001
3 0.2989583328125 0.59101851875 0.2989583328125 0.54101851875 0.23885416718750002 0.54101851875 0.23885416718750002 0.59101851875 0.2989583328125 0.59101851875
3 0.3884895828125 0.46370370312500003 0.3884895828125 0.42055555624999996 0.31171875 0.42055555624999996 0.31171875 0.46370370312500003 0.3884895828125 0.46370370312500003
3 0.3884895828125 0.497777778125 0.3884895828125 0.46370370312500003 0.3155729171875 0.46370370312500003 0.3155729171875 0.497777778125 0.3884895828125 0.497777778125
3 0.3871875 0.5500925921875 0.3871875 0.497777778125 0.3155729171875 0.497777778125 0.3155729171875 0.5500925921875 0.3871875 0.5500925921875
3 0.4141145828125 0.5329629625 0.4141145828125 0.47138888906250004 0.38125 0.47138888906250004 0.38125 0.5329629625 0.4141145828125 0.5329629625
3 0.45765625 0.5329629625 0.45765625 0.4824074078125 0.4247916671875 0.4824074078125 0.4247916671875 0.5329629625 0.45765625 0.5329629625
3 0.4886979171875 0.45870370312500003 0.4886979171875 0.43342592656249995 0.41234374999999995 0.43342592656249995 0.41234374999999995 0.45870370312500003 0.4886979171875 0.45870370312500003
3 0.48963541718750003 0.48555555625 0.48963541718750003 0.45870370312500003 0.42744791718749997 0.45870370312500003 0.42744791718749997 0.48555555625 0.48963541718750003 0.48555555625
3 0.49052083281250003 0.5076851859375 0.49052083281250003 0.48555555625 0.42744791718749997 0.48555555625 0.42744791718749997 0.5076851859375 0.49052083281250003 0.5076851859375
3 0.5127083328125 0.4934259265625 0.5127083328125 0.45398148125000004 0.4922916671875 0.45398148125000004 0.4922916671875 0.4934259265625 0.5127083328125 0.4934259265625
3 0.5269270828125 0.49657407343750004 0.5269270828125 0.44925925937500005 0.5100520828125 0.44925925937500005 0.5100520828125 0.49657407343750004 0.5269270828125 0.49657407343750004
3 0.5464583328125 0.4871296296875 0.5464583328125 0.45398148125000004 0.5269270828125 0.45398148125000004 0.5269270828125 0.4871296296875 0.5464583328125 0.4871296296875
3 0.5615625 0.48555555625 0.5615625 0.44925925937500005 0.5366666671875 0.44925925937500005 0.5366666671875 0.48555555625 0.5615625 0.48555555625
3 0.5748958328125 0.45083333281250004 0.5748958328125 0.42240740781249997 0.5206770828125 0.42240740781249997 0.5206770828125 0.45083333281250004 0.5748958328125 0.45083333281250004
3 0.5740104171875 0.4808333328125 0.5740104171875 0.45083333281250004 0.5571354171875 0.45083333281250004 0.5571354171875 0.4808333328125 0.5740104171875 0.4808333328125
3 0.5793229171875 0.4761111109375 0.5793229171875 0.4176851859375 0.56421875 0.4176851859375 0.56421875 0.4761111109375 0.5793229171875 0.4761111109375
3 0.5704166671875 0.578703703125 0.5704166671875 0.5298148140625 0.53578125 0.5298148140625 0.53578125 0.578703703125 0.5704166671875 0.578703703125
3 0.5180208328125 0.6213888890625 0.5180208328125 0.5802777781249999 0.49760416718749995 0.5802777781249999 0.49760416718749995 0.6213888890625 0.5180208328125 0.6213888890625
3 0.49671875 0.6102777781250001 0.49671875 0.5739814812499999 0.4727604171875 0.5739814812499999 0.4727604171875 0.6102777781250001 0.49671875 0.6102777781250001
3 0.49671875 0.640277778125 0.49671875 0.60555555625 0.47630208281249997 0.60555555625 0.47630208281249997 0.640277778125 0.49671875 0.640277778125
3 0.47895833281250005 0.6134259265625001 0.47895833281250005 0.5676851859375 0.3821354171875 0.5676851859375 0.3821354171875 0.6134259265625001 0.47895833281250005 0.6134259265625001
3 0.47984375 0.6545370375 0.47984375 0.6039814812500001 0.4425520828125 0.6039814812500001 0.4425520828125 0.6545370375 0.47984375 0.6545370375
3 0.44166666718750003 0.6845370375 0.44166666718750003 0.618240740625 0.39546875 0.618240740625 0.39546875 0.6845370375 0.44166666718750003 0.6845370375
3 0.4016666671875 0.6718518515625 0.4016666671875 0.60555555625 0.2711458328125 0.60555555625 0.2711458328125 0.6718518515625 0.4016666671875 0.6718518515625
3 0.9905729171875001 0.49972222187500004 0.9905729171875001 0.46027777812500004 0.9470833328125 0.46027777812500004 0.9470833328125 0.49972222187500004 0.9905729171875001 0.49972222187500004
3 0.9253125000000001 0.589259259375 0.9253125000000001 0.5511111109375 0.90015625 0.5511111109375 0.90015625 0.589259259375 0.9253125000000001 0.589259259375
3 0.9993229171875001 0.6615740734375 0.9993229171875001 0.5431481484375 0.99046875 0.5431481484375 0.99046875 0.6615740734375 0.9993229171875001 0.6615740734375
3 0.9578645828125 0.5445370375 0.9578645828125 0.5168518515625 0.94234375 0.5168518515625 0.94234375 0.5445370375 0.9578645828125 0.5445370375
3 0.9933854171875 0.5563888890625 0.9933854171875 0.5234259265625 0.9571354171875001 0.5234259265625 0.9571354171875001 0.5563888890625 0.9933854171875 0.5563888890625
3 0.9548958328125 0.4418518515625 0.9548958328125 0.41027777812500005 0.8949479171875 0.41027777812500005 0.8949479171875 0.4418518515625 0.9548958328125 0.4418518515625
3 0.9748958328124999 0.49314814843750004 0.9748958328124999 0.45240740781250005 0.9282812500000001 0.45240740781250005 0.9282812500000001 0.49314814843750004 0.9748958328124999 0.49314814843750004
3 0.9134895828125 0.478703703125 0.9134895828125 0.4458333328125 0.8934895828125 0.4458333328125 0.8934895828125 0.478703703125 0.9134895828125 0.478703703125
3 0.9245833328125 0.48 0.9245833328125 0.45499999999999996 0.9068229171875 0.45499999999999996 0.9068229171875 0.48 0.9245833328125 0.48
3 0.9068229171875 0.578703703125 0.9068229171875 0.5418518515625 0.8890625 0.5418518515625 0.8890625 0.578703703125 0.9068229171875 0.578703703125
3 0.8920312499999999 0.5629629625 0.8920312499999999 0.5365740734375 0.8816666671875 0.5365740734375 0.8816666671875 0.5629629625 0.8920312499999999 0.5629629625
3 0.88015625 0.5576851859375 0.88015625 0.5418518515625 0.8690625000000001 0.5418518515625 0.8690625000000001 0.5576851859375 0.88015625 0.5576851859375
3 0.3813020828125 0.00398148125 0.3813020828125 0.0561111109375 0.47369791718750004 0.0561111109375 0.47369791718750004 0.00398148125 0.3813020828125 0.00398148125
3 0.4728125 0.0861111109375 0.4728125 0.040277778125000004 0.38484375000000004 0.040277778125000004 0.38484375000000004 0.0861111109375 0.4728125 0.0861111109375
3 0.4728125 0.135 0.4728125 0.075 0.41953125 0.075 0.41953125 0.135 0.4728125 0.135
3 0.48520833281250003 0.139722221875 0.48520833281250003 0.0876851859375 0.47015624999999994 0.0876851859375 0.47015624999999994 0.139722221875 0.48520833281250003 0.139722221875
3 0.47015624999999994 0.1713888890625 0.47015624999999994 0.1161111109375 0.4221875 0.1161111109375 0.4221875 0.1713888890625 0.47015624999999994 0.1713888890625
3 0.49057291718749996 0.1824074078125 0.49057291718749996 0.1381481484375 0.47015624999999994 0.1381481484375 0.47015624999999994 0.1824074078125 0.49057291718749996 0.1824074078125
3 0.4879166671875 0.2171296296875 0.4879166671875 0.1776851859375 0.47015624999999994 0.1776851859375 0.47015624999999994 0.2171296296875 0.4879166671875 0.2171296296875
3 0.47458333281250004 0.1981481484375 0.47458333281250004 0.15870370312499998 0.4488020828125 0.15870370312499998 0.4488020828125 0.1981481484375 0.47458333281250004 0.1981481484375
3 0.3884375 0.0781481484375 0.3884375 0.010277778125000001 0.3369270828125 0.010277778125000001 0.3369270828125 0.0781481484375 0.3884375 0.0781481484375
1 0.5823958328125001 0.5659259265625 0.5823958328125001 0.59194444375 0.6057291671875 0.59194444375 0.6057291671875 0.5659259265625 0.5823958328125001 0.5659259265625
3 0.5786979171875 0.5545370375 0.5786979171875 0.5756481484375 0.6020833328124999 0.5756481484375 0.6020833328124999 0.5545370375 0.5786979171875 0.5545370375
3 0.5805729171875 0.5341666671875 0.5805729171875 0.5545370375 0.6006770828125 0.5545370375 0.6006770828125 0.5341666671875 0.5805729171875 0.5341666671875
3 0.5791666671875 0.51055555625 0.5791666671875 0.531759259375 0.6011458328125 0.531759259375 0.6011458328125 0.51055555625 0.5791666671875 0.51055555625
3 0.5814583328125 0.4950925921875 0.5814583328125 0.51055555625 0.6020833328124999 0.51055555625 0.6020833328124999 0.4950925921875 0.5814583328125 0.4950925921875