1 0.37734375 0.1135416671875 0.37734375 0.0495833328125 0.244375 0.0495833328125 0.244375 0.1135416671875 0.37734375 0.1135416671875
1 0.2384375 0 0.2384375 0.044375 0.34015625 0.044375 0.34015625 0 0.2384375 0
1 0.24625 0.1383333328125 0.24625 0.0847916671875 0.2209375 0.0847916671875 0.2209375 0.1383333328125 0.24625 0.1383333328125
1 0.21109375 0.1775 0.21109375 0.1435416671875 0.18375 0.1435416671875 0.18375 0.1775 0.21109375 0.1775
1 0.11046875 0.41333333281250006 0.11046875 0.3964583328125 0.0625 0.3964583328125 0.0625 0.41333333281250006 0.11046875 0.41333333281250006
1 0.0625 0.4158333328125 0.0625 0.4002083328125 0.01859375 0.4002083328125 0.01859375 0.4158333328125 0.0625 0.4158333328125
1 0.060625 0.3625 0.060625 0.34562499999999996 0.013593749999999998 0.34562499999999996 0.013593749999999998 0.3625 0.060625 0.3625
3 0.99828125 0.57625 0.99828125 0.4091666671875 0.8324999999999999 0.4091666671875 0.8324999999999999 0.57625 0.99828125 0.57625
3 0.8217187499999999 0.5039583328125 0.8217187499999999 0.4 0.59578125 0.4 0.59578125 0.5039583328125 0.8217187499999999 0.5039583328125
3 0.60359375 0.4 0.60359375 0.3341666671875 0.43578124999999995 0.3341666671875 0.43578124999999995 0.4 0.60359375 0.4
3 0.60359375 0.47375 0.60359375 0.39729166718750003 0.45562500000000006 0.39729166718750003 0.45562500000000006 0.47375 0.60359375 0.47375
3 0.4615625 0.4591666671875 0.4615625 0.39875 0.41703124999999996 0.39875 0.41703124999999996 0.4591666671875 0.4615625 0.4591666671875
3 0.43390625 0.40125 0.43390625 0.35270833281249997 0.37078125 0.35270833281249997 0.37078125 0.40125 0.43390625 0.40125
3 0.42000000000000004 0.4579166671875 0.42000000000000004 0.40125 0.3746875 0.40125 0.3746875 0.4579166671875 0.42000000000000004 0.4579166671875
3 0.37859375 0.436875 0.37859375 0.40125 0.33125 0.40125 0.33125 0.436875 0.37859375 0.436875
3 0.33421875 0.436875 0.33421875 0.3920833328125 0.31046874999999996 0.3920833328125 0.31046874999999996 0.436875 0.33421875 0.436875
3 0.36671875 0.2972916671875 0.36671875 0.2408333328125 0.32625000000000004 0.2408333328125 0.32625000000000004 0.2972916671875 0.36671875 0.2972916671875
3 0.48218750000000005 0.23291666718749998 0.48218750000000005 0.1829166671875 0.35984375 0.1829166671875 0.35984375 0.23291666718749998 0.48218750000000005 0.23291666718749998
3 0.4684375 0.27229166718750003 0.4684375 0.2289583328125 0.4190625 0.2289583328125 0.4190625 0.27229166718750003 0.4684375 0.27229166718750003
3 0.42109375 0.288125 0.42109375 0.23020833281250003 0.35890625 0.23020833281250003 0.35890625 0.288125 0.42109375 0.288125
3 0.57703125 0.24479166718749998 0.57703125 0.1539583328125 0.52265625 0.1539583328125 0.52265625 0.24479166718749998 0.57703125 0.24479166718749998
3 0.6509375000000001 0.2210416671875 0.6509375000000001 0.12625 0.57203125 0.12625 0.57203125 0.2210416671875 0.6509375000000001 0.2210416671875
3 0.73703125 0.12645833281250002 0.73703125 0.017291667187500002 0.6482812499999999 0.017291667187500002 0.6482812499999999 0.12645833281250002 0.73703125 0.12645833281250002
3 0.73703125 0.2060416671875 0.73703125 0.12645833281250002 0.6482812499999999 0.12645833281250002 0.6482812499999999 0.2060416671875 0.73703125 0.2060416671875
3 0.72171875 0.0014583328125 0.72171875 0.11750000000000001 0.8171875 0.11750000000000001 0.8171875 0.0014583328125 0.72171875 0.0014583328125
3 0.8189062500000001 0.19479166718750002 0.8189062500000001 0.0925 0.7353125 0.0925 0.7353125 0.19479166718750002 0.8189062500000001 0.19479166718750002
3 0.9262499999999999 0.1810416671875 0.9262499999999999 0.058333332812500006 0.81546875 0.058333332812500006 0.81546875 0.1810416671875 0.9262499999999999 0.1810416671875
3 0.81375 0.0014583328125 0.81375 0.096875 0.9178124999999999 0.096875 0.9178124999999999 0.0014583328125 0.81375 0.0014583328125
3 0.9178124999999999 0.0083333328125 0.9178124999999999 0.05375 0.9996875 0.05375 0.9996875 0.0083333328125 0.9178124999999999 0.0083333328125
3 0.9996875 0.160625 0.9996875 0.028749999999999998 0.9296875 0.028749999999999998 0.9296875 0.160625 0.9996875 0.160625
3 0.32640625 0.31124999999999997 0.32640625 0.271875 0.296875 0.271875 0.296875 0.31124999999999997 0.32640625 0.31124999999999997
3 0.30625 0.31604166718750004 0.30625 0.2797916671875 0.27671875 0.2797916671875 0.27671875 0.31604166718750004 0.30625 0.31604166718750004
3 0.3228125 0.3177083328125 0.3228125 0.2260416671875 0.25656249999999997 0.2260416671875 0.25656249999999997 0.3177083328125 0.3228125 0.3177083328125
3 0.3703125 0.134375 0.3703125 0.0870833328125 0.32875 0.0870833328125 0.32875 0.134375 0.3703125 0.134375
3 0.31328125 0.4297916671875 0.31328125 0.40520833281249996 0.296875 0.40520833281249996 0.296875 0.4297916671875 0.31328125 0.4297916671875
3 0.31265624999999997 0.4270833328125 0.31265624999999997 0.39416666718750004 0.2796875 0.39416666718750004 0.2796875 0.4270833328125 0.31265624999999997 0.4270833328125
3 0.27828125 0.4225 0.27828125 0.3952083328125 0.246875 0.3952083328125 0.246875 0.4225 0.27828125 0.4225
3 0.33109375 0.390625 0.33109375 0.3641666671875 0.24890625000000002 0.3641666671875 0.24890625000000002 0.390625 0.33109375 0.390625
3 0.25234375 0.43166666718749996 0.25234375 0.3458333328125 0.22765624999999998 0.3458333328125 0.22765624999999998 0.43166666718749996 0.25234375 0.43166666718749996
3 0.24125000000000002 0.3339583328125 0.24125000000000002 0.3064583328125 0.21671875 0.3064583328125 0.21671875 0.3339583328125 0.24125000000000002 0.3339583328125
3 0.22484375 0.3110416671875 0.22484375 0.27999999999999997 0.20296875 0.27999999999999997 0.20296875 0.3110416671875 0.22484375 0.3110416671875
3 0.2228125 0.33125 0.2228125 0.3102083328125 0.20296875 0.3102083328125 0.20296875 0.33125 0.2228125 0.33125
3 0.23171875000000003 0.39416666718750004 0.23171875000000003 0.36583333281249997 0.21390625000000002 0.36583333281249997 0.21390625000000002 0.39416666718750004 0.23171875000000003 0.39416666718750004
3 0.2296875 0.4225 0.2296875 0.3933333328125 0.2090625 0.3933333328125 0.2090625 0.4225 0.2296875 0.4225