1 0 0.984375 0.14390624999999999 0.984375 0.14390624999999999 0.8772916671875001 0 0.8772916671875001 0 0.984375
2 0.35578125 0.77625 0.35578125 0.6558333328125 0.27109375 0.6558333328125 0.27109375 0.77625 0.35578125 0.77625
4 0.3990625 0.0045833328125 0.3990625 0.1454166671875 0.66640625 0.1454166671875 0.66640625 0.0045833328125 0.3990625 0.0045833328125
4 0.66921875 0.299375 0.66921875 0.1160416671875 0.39515625 0.1160416671875 0.39515625 0.299375 0.66921875 0.299375
4 0.6740625 0.5070833328125001 0.6740625 0.3095833328125 0.39140625 0.3095833328125 0.39140625 0.5070833328125001 0.6740625 0.5070833328125001
4 0.689375 0.7172916671875 0.689375 0.500625 0.3903125 0.500625 0.3903125 0.7172916671875 0.689375 0.7172916671875
4 0.69234375 0.9160416671875 0.69234375 0.7120833328125 0.39140625 0.7120833328125 0.39140625 0.9160416671875 0.69234375 0.9160416671875
4 0.68265625 0.996875 0.68265625 0.8941666671874999 0.40484375000000006 0.8941666671874999 0.40484375000000006 0.996875 0.68265625 0.996875
4 0.39421875 0.996875 0.39421875 0.7904166671875 0.1134375 0.7904166671875 0.1134375 0.996875 0.39421875 0.996875
4 1 0.001875 0.7134375000000001 0.001875 0.7134375000000001 0.7364583328125 1 0.7364583328125 1 0.001875
4 0.99609375 0.999375 0.99609375 0.7160416671875 0.71828125 0.7160416671875 0.71828125 0.999375 0.99609375 0.999375
4 0.764375 0.67375 0.764375 0.5506249999999999 0.58265625 0.5506249999999999 0.58265625 0.67375 0.764375 0.67375
4 0.7576562499999999 0.9583333328125001 0.7576562499999999 0.7620833328125001 0.60765625 0.7620833328125001 0.60765625 0.9583333328125001 0.7576562499999999 0.9583333328125001