1 1 0.5997916671875 0.90625 0.5997916671875 0.90625 0.6635416671875001 1 0.6635416671875001 1 0.5997916671875
1 0.441875 0.318125 0.441875 0.30125 0.41546874999999994 0.30125 0.41546874999999994 0.318125 0.441875 0.318125
1 0.41156249999999994 0.33125 0.41156249999999994 0.3064583328125 0.388125 0.3064583328125 0.388125 0.33125 0.41156249999999994 0.33125
1 0.38703125 0.3325 0.38703125 0.31416666718749997 0.3578125 0.31416666718749997 0.3578125 0.3325 0.38703125 0.3325
1 0.6803125 0.7247916671875 0.6803125 0.5579166671875 0.32937500000000003 0.5579166671875 0.32937500000000003 0.7247916671875 0.6803125 0.7247916671875
1 0.6559375000000001 1 0.6559375000000001 0.8435416671875 0.33828125 0.8435416671875 0.33828125 1 0.6559375000000001 1
1 0 0.63625 0.3196875 0.63625 0.3196875 0.48375 0 0.48375 0 0.63625
1 0.33921875 1 0.33921875 0.9360416671875 0 0.9360416671875 0 1 0.33921875 1
1 0.7095312500000001 0.6933333328125 0.7095312500000001 0.8143750000000001 0.86296875 0.8143750000000001 0.86296875 0.6933333328125 0.7095312500000001 0.6933333328125
1 0.72171875 0.6427083328125 0.72171875 0.7591666671875 0.87078125 0.7591666671875 0.87078125 0.6427083328125 0.72171875 0.6427083328125
1 0.68921875 0.5889583328125 0.68921875 0.6889583328125 0.871875 0.6889583328125 0.871875 0.5889583328125 0.68921875 0.5889583328125
1 0.68703125 0.5366666671875 0.68703125 0.6158333328125 0.87859375 0.6158333328125 0.87859375 0.5366666671875 0.68703125 0.5366666671875
1 0.6915625000000001 0.4783333328125 0.6915625000000001 0.5589583328125001 0.8920312499999999 0.5589583328125001 0.8920312499999999 0.4783333328125 0.6915625000000001 0.4783333328125
1 0.5246875 0.3872916671875 0.5246875 0.4783333328125 0.8920312499999999 0.4783333328125 0.8920312499999999 0.3872916671875 0.5246875 0.3872916671875
1 0.52015625 0.3289583328125 0.52015625 0.4170833328125 0.881875 0.4170833328125 0.881875 0.3289583328125 0.52015625 0.3289583328125
1 0.51453125 0.2633333328125 0.51453125 0.346875 0.8807812500000001 0.346875 0.8807812500000001 0.2633333328125 0.51453125 0.2633333328125
1 0.51015625 0.1902083328125 0.51015625 0.28125 0.8842187499999999 0.28125 0.8842187499999999 0.1902083328125 0.51015625 0.1902083328125
1 0.7071875000000001 0.1079166671875 0.7071875000000001 0.2170833328125 0.87859375 0.2170833328125 0.87859375 0.1079166671875 0.7071875000000001 0.1079166671875
1 0.7095312500000001 0.031875 0.7095312500000001 0.1616666671875 0.8796875 0.1616666671875 0.8796875 0.031875 0.7095312500000001 0.031875