1 0.351875 0.003125 0.351875 0.125 0.6346875 0.125 0.6346875 0.003125 0.351875 0.003125
1 0.45484375000000005 0.075 0.45484375000000005 0.18145833281249998 0.6846875 0.18145833281249998 0.6846875 0.075 0.45484375000000005 0.075
1 0.714375 0.67625 0.714375 0.6275000000000001 0.64609375 0.6275000000000001 0.64609375 0.67625 0.714375 0.67625
3 0.70828125 0.5066666671875 0.70828125 0.47895833281250005 0.6371875 0.47895833281250005 0.6371875 0.5066666671875 0.70828125 0.5066666671875
3 0.70921875 0.5329166671875 0.70921875 0.5079166671875 0.6509375000000001 0.5079166671875 0.6509375000000001 0.5329166671875 0.70921875 0.5329166671875
3 0.70421875 0.57375 0.70421875 0.5329166671875 0.6509375000000001 0.5329166671875 0.6509375000000001 0.57375 0.70421875 0.57375
3 0.70421875 0.6079166671875 0.70421875 0.57375 0.6509375000000001 0.57375 0.6509375000000001 0.6079166671875 0.70421875 0.6079166671875
3 0.70234375 0.6447916671875 0.70234375 0.6079166671875 0.6509375000000001 0.6079166671875 0.6509375000000001 0.6447916671875 0.70234375 0.6447916671875
3 0.61546875 0.5816666671874999 0.61546875 0.5460416671874999 0.5325 0.5460416671874999 0.5325 0.5816666671874999 0.61546875 0.5816666671874999
3 0.62328125 0.6158333328125 0.62328125 0.586875 0.59578125 0.586875 0.59578125 0.6158333328125 0.62328125 0.6158333328125
3 0.5946875 0.6170833328125 0.5946875 0.5816666671874999 0.5759375 0.5816666671874999 0.5759375 0.6170833328125 0.5946875 0.6170833328125
3 0.5759375 0.6170833328125 0.5759375 0.5816666671874999 0.5434375 0.5816666671874999 0.5434375 0.6170833328125 0.5759375 0.6170833328125
3 0.5482812499999999 0.6277083328125 0.5482812499999999 0.560625 0.44375 0.560625 0.44375 0.6277083328125 0.5482812499999999 0.6277083328125
3 0.425 0.65125 0.425 0.55125 0.3175 0.55125 0.3175 0.65125 0.425 0.65125
3 0.28875 0.6 0.28875 0.5237499999999999 0.193125 0.5237499999999999 0.193125 0.6 0.28875 0.6
3 0.28484375 0.661875 0.28484375 0.6 0.193125 0.6 0.193125 0.661875 0.28484375 0.661875
3 0.19 0.688125 0.19 0.4470833328125 0.0017187500000000002 0.4470833328125 0.0017187500000000002 0.688125 0.19 0.688125
3 0.26125 0.5289583328125 0.26125 0.46312499999999995 0.18125 0.46312499999999995 0.18125 0.5289583328125 0.26125 0.5289583328125
3 0.31546875 0.2 0.31546875 0.1185416671875 0.0321875 0.1185416671875 0.0321875 0.2 0.31546875 0.2
3 0.305625 0.2579166671875 0.305625 0.17250000000000001 0.09343749999999999 0.17250000000000001 0.09343749999999999 0.2579166671875 0.305625 0.2579166671875
3 0.30859375 0.3329166671875 0.30859375 0.236875 0.14171875 0.236875 0.14171875 0.3329166671875 0.30859375 0.3329166671875
3 0.05500000000000001 0.22374999999999998 0.05500000000000001 0.1145833328125 0.0026562499999999998 0.1145833328125 0.0026562499999999998 0.22374999999999998 0.05500000000000001 0.22374999999999998
3 0.42703125000000003 0.3697916671875 0.42703125000000003 0.234375 0.29671875000000003 0.234375 0.29671875000000003 0.3697916671875 0.42703125000000003 0.3697916671875
3 0.4921875 0.4 0.4921875 0.28291666718749997 0.42109375 0.28291666718749997 0.42109375 0.4 0.4921875 0.4
3 0.54640625 0.41187500000000005 0.54640625 0.325 0.48125 0.325 0.48125 0.41187500000000005 0.54640625 0.41187500000000005
3 0.5928125 0.43833333281250003 0.5928125 0.3579166671875 0.5384375 0.3579166671875 0.5384375 0.43833333281250003 0.5928125 0.43833333281250003
3 0.64015625 0.40541666718749997 0.64015625 0.3304166671875 0.5454687500000001 0.3304166671875 0.5454687500000001 0.40541666718749997 0.64015625 0.40541666718749997
3 0.6342187499999999 0.45 0.6342187499999999 0.3947916671875 0.59671875 0.3947916671875 0.59671875 0.45 0.6342187499999999 0.45
3 0.6639062499999999 0.47104166718749996 0.6639062499999999 0.34750000000000003 0.63515625 0.34750000000000003 0.63515625 0.47104166718749996 0.6639062499999999 0.47104166718749996
3 0.6342187499999999 0.3039583328125 0.6342187499999999 0.2383333328125 0.59578125 0.2383333328125 0.59578125 0.3039583328125 0.6342187499999999 0.3039583328125
3 0.46703124999999995 0.526875 0.46703124999999995 0.5608333328125 0.5340625 0.5608333328125 0.5340625 0.526875 0.46703124999999995 0.526875
3 0.45499999999999996 0.4954166671875 0.45499999999999996 0.5277083328125001 0.5346875 0.5277083328125001 0.5346875 0.4954166671875 0.45499999999999996 0.4954166671875
3 0.61953125 0.5716666671875 0.61953125 0.6077083328125 0.64890625 0.6077083328125 0.64890625 0.5716666671875 0.61953125 0.5716666671875