1 0.4653125 0.2760416671875 0.4653125 0.0964583328125 0.09015625000000001 0.0964583328125 0.09015625000000001 0.2760416671875 0.4653125 0.2760416671875
1 0.66984375 0.3125 0.66984375 0.166875 0.4653125 0.166875 0.4653125 0.3125 0.66984375 0.3125
1 0.7892187500000001 0.35104166718749996 0.7892187500000001 0.22833333281249998 0.6715625000000001 0.22833333281249998 0.6715625000000001 0.35104166718749996 0.7892187500000001 0.35104166718749996
1 0.84203125 0.37374999999999997 0.84203125 0.2875 0.78578125 0.2875 0.78578125 0.37374999999999997 0.84203125 0.37374999999999997
1 0.88984375 0.3852083328125 0.88984375 0.32145833281249997 0.84375 0.32145833281249997 0.84375 0.3852083328125 0.88984375 0.3852083328125
1 0.9151562500000001 0.38687499999999997 0.9151562500000001 0.3429166671875 0.88890625 0.3429166671875 0.88890625 0.38687499999999997 0.9151562500000001 0.38687499999999997
4 0.45078125 0.9827083328124999 0.45078125 0.37374999999999997 0.07015625 0.37374999999999997 0.07015625 0.9827083328124999 0.45078125 0.9827083328124999
4 0.676875 0.87375 0.676875 0.375 0.4490625 0.375 0.4490625 0.87375 0.676875 0.87375
4 0.776875 0.7595833328125 0.776875 0.38145833281249997 0.64515625 0.38145833281249997 0.64515625 0.7595833328125 0.776875 0.7595833328125
4 0.8471875000000001 0.6891666671875 0.8471875000000001 0.3929166671875 0.75484375 0.3929166671875 0.75484375 0.6891666671875 0.8471875000000001 0.6891666671875
4 0.87890625 0.6339583328125 0.87890625 0.399375 0.8231249999999999 0.399375 0.8231249999999999 0.6339583328125 0.87890625 0.6339583328125
4 0.90859375 0.6070833328125 0.90859375 0.40458333281250003 0.87109375 0.40458333281250003 0.87109375 0.6070833328125 0.90859375 0.6070833328125
4 0.95765625 0.548125 0.95765625 0.4108333328125 0.9096875000000001 0.4108333328125 0.9096875000000001 0.548125 0.95765625 0.548125