1 0.7537499999999999 0 0.7537499999999999 0.08625000000000001 0.88375 0.08625000000000001 0.88375 0 0.7537499999999999 0
1 0.7703125 0.14750000000000002 0.7703125 0.0458333328125 0.6950000000000001 0.0458333328125 0.6950000000000001 0.14750000000000002 0.7703125 0.14750000000000002
1 0.7078125 0.1827083328125 0.7078125 0.1070833328125 0.6490625 0.1070833328125 0.6490625 0.1827083328125 0.7078125 0.1827083328125
1 0.65109375 0.2060416671875 0.65109375 0.1579166671875 0.6118750000000001 0.1579166671875 0.6118750000000001 0.2060416671875 0.65109375 0.2060416671875
1 0.1378125 0 0.1378125 0.0704166671875 0.18375 0.0704166671875 0.18375 0 0.1378125 0
1 0.22484375 0.1160416671875 0.22484375 0.053541667187499996 0.18375 0.053541667187499996 0.18375 0.1160416671875 0.22484375 0.1160416671875
1 0.24625 0.1422916671875 0.24625 0.0914583328125 0.22000000000000003 0.0914583328125 0.22000000000000003 0.1422916671875 0.24625 0.1422916671875
1 0.5860937500000001 0.26 0.5860937500000001 0.221875 0.56328125 0.221875 0.56328125 0.26 0.5860937500000001 0.26
1 0.4859375 0.3891666671875 0.4859375 0.379375 0.44515625 0.379375 0.44515625 0.3891666671875 0.4859375 0.3891666671875
1 0.4403125 0.3914583328125 0.4403125 0.379375 0.39546875 0.379375 0.39546875 0.3914583328125 0.4403125 0.3914583328125
1 0.393125 0.39249999999999996 0.393125 0.379375 0.353125 0.379375 0.353125 0.39249999999999996 0.393125 0.39249999999999996
1 0.058125 0.5522916671875 0.058125 0.490625 0.003125 0.490625 0.003125 0.5522916671875 0.058125 0.5522916671875
1 0.14625 0.5285416671875 0.14625 0.46749999999999997 0.05765625 0.46749999999999997 0.05765625 0.5285416671875 0.14625 0.5285416671875
1 0.22984374999999999 0.47375 0.22984374999999999 0.43833333281250003 0.19015625 0.43833333281250003 0.19015625 0.47375 0.22984374999999999 0.47375
1 0.25078125 0.45395833281250003 0.25078125 0.4258333328125 0.22749999999999998 0.4258333328125 0.22749999999999998 0.45395833281250003 0.25078125 0.45395833281250003
1 0.29281250000000003 0.4370833328125 0.29281250000000003 0.4129166671875 0.26953125 0.4129166671875 0.26953125 0.4370833328125 0.29281250000000003 0.4370833328125
1 0.24156249999999999 0.35875 0.24156249999999999 0.33999999999999997 0.2246875 0.33999999999999997 0.2246875 0.35875 0.24156249999999999 0.35875
1 0.6578125 0.46770833281249996 0.6578125 0.4345833328125 0.619375 0.4345833328125 0.619375 0.46770833281249996 0.6578125 0.46770833281249996
4 0.9971875000000001 0.6404166671875 0.9971875000000001 0.0302083328125 0.8817187499999999 0.0302083328125 0.8817187499999999 0.6404166671875 0.9971875000000001 0.6404166671875
4 0.89609375 0.5647916671875 0.89609375 0.1058333328125 0.7596875 0.1058333328125 0.7596875 0.5647916671875 0.89609375 0.5647916671875
4 0.76828125 0.52625 0.76828125 0.17250000000000001 0.69609375 0.17250000000000001 0.69609375 0.52625 0.76828125 0.52625
4 0.7028125000000001 0.4891666671875 0.7028125000000001 0.1954166671875 0.65390625 0.1954166671875 0.65390625 0.4891666671875 0.7028125000000001 0.4891666671875
4 0.6576562499999999 0.4608333328125 0.6576562499999999 0.250625 0.5951562499999999 0.250625 0.5951562499999999 0.4608333328125 0.6576562499999999 0.4608333328125
4 0.6018749999999999 0.448125 0.6018749999999999 0.26208333281249996 0.5740624999999999 0.26208333281249996 0.5740624999999999 0.448125 0.6018749999999999 0.448125
4 0.1990625 0.4814583328125 0.1990625 0.2185416671875 0.1153125 0.2185416671875 0.1153125 0.4814583328125 0.1990625 0.4814583328125
3 0.0046875 0.01 0.0046875 0.11916666718749999 0.06765625 0.11916666718749999 0.06765625 0.01 0.0046875 0.01
3 0.20249999999999999 0.205625 0.20249999999999999 0.12375 0.176875 0.12375 0.176875 0.205625 0.20249999999999999 0.205625