1 0.6398958328125001 0.0019444437500000002 0.6398958328125001 0.060925926562499996 0.7141666671875 0.060925926562499996 0.7141666671875 0.0019444437500000002 0.6398958328125001 0.0019444437500000002
1 0.6449479171875 0.0916666671875 0.6449479171875 0.026296296875000003 0.603125 0.026296296875000003 0.603125 0.0916666671875 0.6449479171875 0.0916666671875
1 0.6016666671875 0.12370370312500001 0.6016666671875 0.0634259265625 0.5728125000000001 0.0634259265625 0.5728125000000001 0.12370370312500001 0.6016666671875 0.12370370312500001
1 0.57140625 0.1429629625 0.57140625 0.0916666671875 0.5533854171875 0.0916666671875 0.5533854171875 0.1429629625 0.57140625 0.1429629625
1 0.5497395828125 0.1686111109375 0.5497395828125 0.10962962968750001 0.528125 0.10962962968750001 0.528125 0.1686111109375 0.5497395828125 0.1686111109375
1 0.5764583328125 0.075 0.5764583328125 0.0365740734375 0.55265625 0.0365740734375 0.55265625 0.075 0.5764583328125 0.075
1 0.014687500000000001 0.026296296875000003 0.014687500000000001 0.094259259375 0.17041666718749998 0.094259259375 0.17041666718749998 0.026296296875000003 0.014687500000000001 0.026296296875000003
3 0.9983333328124999 0.6983333328125 0.9983333328124999 0.55 0.8375 0.55 0.8375 0.6983333328125 0.9983333328124999 0.6983333328125
3 0.9994270828125 0.4311111109375 0.9994270828125 0.3383333328125 0.9237500000000001 0.3383333328125 0.9237500000000001 0.4311111109375 0.9994270828125 0.4311111109375
3 0.9258854171875001 0.4046296296875 0.9258854171875001 0.34018518593749997 0.8661979171875 0.34018518593749997 0.8661979171875 0.4046296296875 0.9258854171875001 0.4046296296875
3 0.8597916671875 0.393240740625 0.8597916671875 0.32694444375 0.8086458328124999 0.32694444375 0.8086458328124999 0.393240740625 0.8597916671875 0.393240740625
3 0.8804166671875 0.3828703703125 0.8804166671875 0.2138888890625 0.7285416671875 0.2138888890625 0.7285416671875 0.3828703703125 0.8804166671875 0.3828703703125
3 0.7373958328125 0.26444444375 0.7373958328125 0.22490740781250002 0.7045312499999999 0.22490740781250002 0.7045312499999999 0.26444444375 0.7373958328125 0.26444444375
3 0.7373958328125 0.300740740625 0.7373958328125 0.26444444375 0.7072395828125 0.26444444375 0.7072395828125 0.300740740625 0.7373958328125 0.300740740625
3 0.7347395828125001 0.3275925921875 0.7347395828125001 0.300740740625 0.7072395828125 0.300740740625 0.7072395828125 0.3275925921875 0.7347395828125001 0.3275925921875
3 0.735625 0.3670370375 0.735625 0.3291666671875 0.708125 0.3291666671875 0.708125 0.3670370375 0.735625 0.3670370375
3 0.8155729171875 0.5738888890625 0.8155729171875 0.4033333328125 0.6832291671874999 0.4033333328125 0.6832291671874999 0.5738888890625 0.8155729171875 0.5738888890625
3 0.67375 0.3553703703125 0.67375 0.318796296875 0.6336458328125001 0.318796296875 0.6336458328125001 0.3553703703125 0.67375 0.3553703703125
3 0.6655208328125 0.35351851875 0.6655208328125 0.30416666718749996 0.6028125 0.30416666718749996 0.6028125 0.35351851875 0.6655208328125 0.35351851875
3 0.6038541671875 0.3471296296875 0.6038541671875 0.31694444375 0.58890625 0.31694444375 0.58890625 0.3471296296875 0.6038541671875 0.3471296296875
3 0.5894270828125 0.3379629625 0.5894270828125 0.319722221875 0.5745312499999999 0.319722221875 0.5745312499999999 0.3379629625 0.5894270828125 0.3379629625
3 0.62796875 0.46953703750000003 0.62796875 0.4165740734375 0.5683854171875 0.4165740734375 0.5683854171875 0.46953703750000003 0.62796875 0.46953703750000003
3 0.046718749999999996 0.5786111109375 0.046718749999999996 0.5115740734374999 0.0008333328124999999 0.5115740734374999 0.0008333328124999999 0.5786111109375 0.046718749999999996 0.5786111109375
3 0.0496875 0.620740740625 0.0496875 0.560277778125 0.0119270828125 0.560277778125 0.0119270828125 0.620740740625 0.0496875 0.620740740625
3 0.10145833281250001 0.5720370375 0.10145833281250001 0.506296296875 0.0578125 0.506296296875 0.0578125 0.5720370375 0.10145833281250001 0.5720370375
3 0.041510417187499996 0.41546296250000003 0.041510417187499996 0.3484259265625 0.0015625 0.3484259265625 0.0015625 0.41546296250000003 0.041510417187499996 0.41546296250000003
3 0.0393229171875 0.37601851875 0.0393229171875 0.320740740625 0.0008333328124999999 0.320740740625 0.0008333328124999999 0.37601851875 0.0393229171875 0.37601851875
3 0.0363541671875 0.335277778125 0.0363541671875 0.281296296875 0.0015625 0.281296296875 0.0015625 0.335277778125 0.0363541671875 0.335277778125
3 0.0859375 0.381296296875 0.0859375 0.3115740734375 0.0481770828125 0.3115740734375 0.0481770828125 0.381296296875 0.0859375 0.381296296875
3 0.11921875 0.3734259265625 0.11921875 0.3075925921875 0.0822395828125 0.3075925921875 0.0822395828125 0.3734259265625 0.11921875 0.3734259265625
3 0.1436458328125 0.36287037031249997 0.1436458328125 0.3575925921875 0.1629166671875 0.3575925921875 0.1629166671875 0.3075925921875 0.1436458328125 0.3075925921875 0.1436458328125 0.306296296875 0.108125 0.306296296875 0.108125 0.36287037031249997 0.1436458328125 0.36287037031249997
3 0.18953124999999998 0.3154629625 0.18953124999999998 0.2734259265625 0.10515624999999999 0.2734259265625 0.10515624999999999 0.3154629625 0.18953124999999998 0.3154629625
3 0.18953124999999998 0.3470370375 0.18953124999999998 0.31416666718749997 0.1658854171875 0.31416666718749997 0.1658854171875 0.3470370375 0.18953124999999998 0.3470370375
3 0.20656249999999998 0.35361111093750003 0.20656249999999998 0.2575925921875 0.1288541671875 0.2575925921875 0.1288541671875 0.35361111093750003 0.20656249999999998 0.35361111093750003
3 0.18953124999999998 0.45361111093749995 0.18953124999999998 0.41546296250000003 0.1273958328125 0.41546296250000003 0.1273958328125 0.45361111093749995 0.18953124999999998 0.45361111093749995
3 0.19104166718749999 0.4628703703125 0.19104166718749999 0.44314814843750006 0.17916666718750002 0.44314814843750006 0.17916666718750002 0.4628703703125 0.19104166718749999 0.4628703703125
3 0.20656249999999998 0.45499999999999996 0.20656249999999998 0.41287037031249996 0.1866145828125 0.41287037031249996 0.1866145828125 0.45499999999999996 0.20656249999999998 0.45499999999999996
3 0.1717708328125 0.49972222187500004 0.1717708328125 0.45101851875000004 0.1525520828125 0.45101851875000004 0.1525520828125 0.49972222187500004 0.1717708328125 0.49972222187500004
3 0.1510416671875 0.5168518515625 0.1510416671875 0.45361111093749995 0.0504166671875 0.45361111093749995 0.0504166671875 0.5168518515625 0.1510416671875 0.5168518515625
3 0.6277083328125 0.310277778125 0.6277083328125 0.2734259265625 0.5588541671875 0.2734259265625 0.5588541671875 0.310277778125 0.6277083328125 0.310277778125
3 0.5869791671875 0.3391666671875 0.5869791671875 0.3115740734375 0.5618229171875 0.3115740734375 0.5618229171875 0.3391666671875 0.5869791671875 0.3391666671875
3 0.5711979171875 0.4411111109375 0.5711979171875 0.40731481406250003 0.5514583328125 0.40731481406250003 0.5514583328125 0.4411111109375 0.5711979171875 0.4411111109375
3 0.20901041718750002 0.4438888890625 0.20901041718750002 0.46925925937499996 0.2374479171875 0.46925925937499996 0.2374479171875 0.4438888890625 0.20901041718750002 0.4438888890625
3 0.20901041718750002 0.4158333328125 0.20901041718750002 0.4438888890625 0.2390625 0.4438888890625 0.2390625 0.4158333328125 0.20901041718750002 0.4158333328125
3 0.2058333328125 0.3933333328125 0.2058333328125 0.4158333328125 0.2335416671875 0.4158333328125 0.2335416671875 0.3933333328125 0.2058333328125 0.3933333328125
3 0.2105729171875 0.3708333328125 0.2105729171875 0.3890740734375 0.2358854171875 0.3890740734375 0.2358854171875 0.3708333328125 0.2105729171875 0.3708333328125