1 0.850625 0.8677083328125 0.850625 0.6991666671875 0.50953125 0.6991666671875 0.50953125 0.8677083328125 0.850625 0.8677083328125
1 0.9301562499999999 0.6783333328125 0.9301562499999999 0.6139583328125 0.850625 0.6139583328125 0.850625 0.6783333328125 0.9301562499999999 0.6783333328125
1 0.97296875 0.6177083328124999 0.97296875 0.5597916671875 0.9246874999999999 0.5597916671875 0.9246874999999999 0.6177083328124999 0.97296875 0.6177083328124999
1 0.9956250000000001 0.5808333328125 0.9956250000000001 0.5427083328125 0.96796875 0.5427083328125 0.96796875 0.5808333328125 0.9956250000000001 0.5808333328125
1 0.5315624999999999 0.24020833281249998 0.5315624999999999 0.3429166671875 0.9223437499999999 0.3429166671875 0.9223437499999999 0.24020833281249998 0.5315624999999999 0.24020833281249998
1 0.91671875 0.30583333281249997 0.91671875 0.375625 0.963125 0.375625 0.963125 0.30583333281249997 0.91671875 0.30583333281249997
1 0.9989062499999999 0.3879166671875 0.9989062499999999 0.3604166671875 0.9823437500000001 0.3604166671875 0.9823437500000001 0.3879166671875 0.9989062499999999 0.3879166671875
1 0.74921875 0.14125000000000001 0.74921875 0.0039583328125 0.48859375 0.0039583328125 0.48859375 0.14125000000000001 0.74921875 0.14125000000000001
1 0.19609375 0.6118750000000001 0.19609375 0.7064583328125 0.41875 0.7064583328125 0.41875 0.6118750000000001 0.19609375 0.6118750000000001
1 0.30734374999999997 0.32645833281250003 0.30734374999999997 0.2914583328125 0.2365625 0.2914583328125 0.2365625 0.32645833281250003 0.30734374999999997 0.32645833281250003
1 0.3821875 0.2914583328125 0.3821875 0.2652083328125 0.30984375000000003 0.2652083328125 0.30984375000000003 0.2914583328125 0.3821875 0.2914583328125
1 0.38046875 0.32875 0.38046875 0.3022916671875 0.31390625 0.3022916671875 0.31390625 0.32875 0.38046875 0.32875
1 0.23828125 0.2760416671875 0.23828125 0.2508333328125 0.16828125 0.2508333328125 0.16828125 0.2760416671875 0.23828125 0.2760416671875
1 0.23828125 0.3210416671875 0.23828125 0.2958333328125 0.17328125 0.2958333328125 0.17328125 0.3210416671875 0.23828125 0.3210416671875
1 0.08687500000000001 0.2497916671875 0.08687500000000001 0.2760416671875 0.16171875 0.2760416671875 0.16171875 0.2497916671875 0.08687500000000001 0.2497916671875
1 0.16015625 0.39125 0.16015625 0.369375 0.08359375 0.369375 0.08359375 0.39125 0.16015625 0.39125
1 0.15921875000000002 0.4339583328125 0.15921875000000002 0.41312499999999996 0.08687500000000001 0.41312499999999996 0.08687500000000001 0.4339583328125 0.15921875000000002 0.4339583328125
1 0.2365625 0.3802083328125 0.2365625 0.3583333328125 0.16499999999999998 0.3583333328125 0.16499999999999998 0.3802083328125 0.2365625 0.3802083328125
1 0.37312500000000004 0.4329166671875 0.37312500000000004 0.41645833281250005 0.313125 0.41645833281250005 0.313125 0.4329166671875 0.37312500000000004 0.4329166671875
1 0.3015625 0.4470833328125 0.3015625 0.4285416671875 0.2390625 0.4285416671875 0.2390625 0.4470833328125 0.3015625 0.4470833328125
1 0.1609375 0.5085416671874999 0.1609375 0.48229166718750005 0.08765625 0.48229166718750005 0.08765625 0.5085416671874999 0.1609375 0.5085416671874999
1 0.08609375 0.5118750000000001 0.08609375 0.484375 0.017812500000000002 0.484375 0.017812500000000002 0.5118750000000001 0.08609375 0.5118750000000001
4 0.0028125 0.296875 0.0028125 0.7441666671875 0.22109375 0.7441666671875 0.22109375 0.296875 0.0028125 0.296875