1 1 0.15 0.7790625 0.15 0.7790625 0.2764583328125 1 0.2764583328125 1 0.15
1 0.6315625 0.07958333281249999 0.6315625 0.0339583328125 0.40859375 0.0339583328125 0.40859375 0.07958333281249999 0.6315625 0.07958333281249999
1 0.19359375 0.1447916671875 0.19359375 0.0835416671875 0.0615625 0.0835416671875 0.0615625 0.1447916671875 0.19359375 0.1447916671875
3 0.79109375 0.538125 0.79109375 0.4579166671875 0.65796875 0.4579166671875 0.65796875 0.538125 0.79109375 0.538125
3 0.750625 0.46312499999999995 0.750625 0.41312499999999996 0.655 0.41312499999999996 0.655 0.46312499999999995 0.750625 0.46312499999999995
3 0.90890625 0.5372916671875 0.90890625 0.41875 0.8028124999999999 0.41875 0.8028124999999999 0.5372916671875 0.90890625 0.5372916671875
3 0.9979687500000001 0.5431250000000001 0.9979687500000001 0.4777083328125 0.87328125 0.4777083328125 0.87328125 0.5431250000000001 0.9979687500000001 0.5431250000000001
3 0.6234375 0.5325 0.6234375 0.4722916671875 0.5165625 0.4722916671875 0.5165625 0.5325 0.6234375 0.5325
3 0.5231250000000001 0.536875 0.5231250000000001 0.4491666671875 0.4253125 0.4491666671875 0.4253125 0.536875 0.5231250000000001 0.536875
3 0.8290625 0.7529166671875 0.8290625 0.6454166671875 0.6909375 0.6454166671875 0.6909375 0.7529166671875 0.8290625 0.7529166671875
3 0.74015625 0.6497916671875 0.74015625 0.5808333328125 0.65625 0.5808333328125 0.65625 0.6497916671875 0.74015625 0.6497916671875
3 0.6275000000000001 0.7660416671875 0.6275000000000001 0.5720833328125 0.49671875 0.5720833328125 0.49671875 0.7660416671875 0.6275000000000001 0.7660416671875
3 0.48859375 0.6333333328124999 0.48859375 0.5664583328125 0.38578125 0.5664583328125 0.38578125 0.6333333328124999 0.48859375 0.6333333328124999
3 0.48109375 0.6970833328125 0.48109375 0.6302083328125 0.38828125 0.6302083328125 0.38828125 0.6970833328125 0.48109375 0.6970833328125
3 0.4828125 0.7529166671875 0.4828125 0.6947916671875001 0.3890625 0.6947916671875001 0.3890625 0.7529166671875 0.4828125 0.7529166671875
3 0.38984375 0.63125 0.38984375 0.563125 0.30265624999999996 0.563125 0.30265624999999996 0.63125 0.38984375 0.63125
3 0.38984375 0.6849999999999999 0.38984375 0.63125 0.299375 0.63125 0.299375 0.6849999999999999 0.38984375 0.6849999999999999
3 0.3915625 0.751875 0.3915625 0.6849999999999999 0.29859375 0.6849999999999999 0.29859375 0.751875 0.3915625 0.751875
3 0.30843750000000003 0.743125 0.30843750000000003 0.6114583328125 0.1834375 0.6114583328125 0.1834375 0.743125 0.30843750000000003 0.743125
3 0.22546875000000002 0.7077083328125 0.22546875000000002 0.6070833328125 0.1003125 0.6070833328125 0.1003125 0.7077083328125 0.22546875000000002 0.7077083328125
3 0.23156249999999998 0.5131249999999999 0.23156249999999998 0.43166666718749996 0.13484374999999998 0.43166666718749996 0.13484374999999998 0.5131249999999999 0.23156249999999998 0.5131249999999999
3 0.38546874999999997 0.45395833281250003 0.38546874999999997 0.36583333281249997 0.22078125 0.36583333281249997 0.22078125 0.45395833281250003 0.38546874999999997 0.45395833281250003
3 0.38359375 0.525 0.38359375 0.45395833281250003 0.22953125000000002 0.45395833281250003 0.22953125000000002 0.525 0.38359375 0.525
3 0.09828125 0.686875 0.09828125 0.6066666671875 0.0035937499999999997 0.6066666671875 0.0035937499999999997 0.686875 0.09828125 0.686875
3 0 0.44604166718749994 0.12890625 0.44604166718749994 0.12890625 0.3804166671875 0 0.3804166671875 0 0.44604166718749994
3 0.12203125 0.510625 0.12203125 0.44729166718749996 0.0017187500000000002 0.44729166718749996 0.0017187500000000002 0.510625 0.12203125 0.510625