1 0.7027604171874999 0.4076851859375 0.7027604171874999 0.335277778125 0.576875 0.335277778125 0.576875 0.4076851859375 0.7027604171874999 0.4076851859375
1 0.9916666671875 0.4025 0.9916666671875 0.298703703125 0.71984375 0.298703703125 0.71984375 0.4025 0.9916666671875 0.4025
1 0.70046875 0.5695370375000001 0.70046875 0.45027777812499997 0.5747395828124999 0.45027777812499997 0.5747395828124999 0.5695370375000001 0.70046875 0.5695370375000001
1 0.7192708328124999 0.8186111109375 0.7192708328124999 0.6366666671875 0.57859375 0.6366666671875 0.57859375 0.8186111109375 0.7192708328124999 0.8186111109375
1 0.5823958328125001 0.6912962968749999 0.5823958328125001 0.58898148125 0.5082291671875 0.58898148125 0.5082291671875 0.6912962968749999 0.5823958328125001 0.6912962968749999
1 0.375625 0.1873148140625 0.375625 0.134722221875 0.3378645828125 0.134722221875 0.3378645828125 0.1873148140625 0.375625 0.1873148140625
1 0.3963541671875 0.1701851859375 0.3963541671875 0.11499999999999999 0.3652604171875 0.11499999999999999 0.3652604171875 0.1701851859375 0.3963541671875 0.1701851859375
1 0.43187499999999995 0.1531481484375 0.43187499999999995 0.09 0.39187500000000003 0.09 0.39187500000000003 0.1531481484375 0.43187499999999995 0.1531481484375
1 0.43484375000000003 0.069722221875 0.43484375000000003 0.0033333328125 0.3921875 0.0033333328125 0.3921875 0.069722221875 0.43484375000000003 0.069722221875
1 0.49078125000000006 0.21972222187499998 0.49078125000000006 0.14861111093749999 0.43125 0.14861111093749999 0.43125 0.21972222187499998 0.49078125000000006 0.21972222187499998
1 0.56984375 0.19601851875 0.56984375 0.11861111093750001 0.48364583281250006 0.11861111093750001 0.48364583281250006 0.19601851875 0.56984375 0.19601851875
1 0.7083854171875 0.1991666671875 0.7083854171875 0.065 0.5609375 0.065 0.5609375 0.1991666671875 0.7083854171875 0.1991666671875
1 0.7125520828125 0.0104629625 0.7125520828125 0.11962962968749999 0.7918229171875 0.11962962968749999 0.7918229171875 0.0104629625 0.7125520828125 0.0104629625
1 0.4435416671875 0.2390740734375 0.4435416671875 0.1820370375 0.3984895828125 0.1820370375 0.3984895828125 0.2390740734375 0.4435416671875 0.2390740734375
1 0.3991145828125 0.24787037031249998 0.3991145828125 0.19305555624999998 0.36953125 0.19305555624999998 0.36953125 0.24787037031249998 0.3991145828125 0.24787037031249998
1 0.3719791671875 0.258796296875 0.3719791671875 0.20398148124999999 0.34359375000000003 0.20398148124999999 0.34359375000000003 0.258796296875 0.3719791671875 0.258796296875
1 0.34729166718750004 0.25444444375 0.34729166718750004 0.2193518515625 0.32697916718750003 0.2193518515625 0.32697916718750003 0.25444444375 0.34729166718750004 0.25444444375
1 0.3251041671875 0.26212962968750003 0.3251041671875 0.23472222187499997 0.3103125 0.23472222187499997 0.3103125 0.26212962968750003 0.3251041671875 0.26212962968750003
1 0.3103125 0.2675925921875 0.3103125 0.2390740734375 0.29796875 0.2390740734375 0.29796875 0.2675925921875 0.3103125 0.2675925921875
1 0.34359375000000003 0.2006481484375 0.34359375000000003 0.1600925921875 0.3183333328125 0.1600925921875 0.3183333328125 0.2006481484375 0.34359375000000003 0.2006481484375
1 0.3485416671875 0.1458333328125 0.3485416671875 0.10092592656249999 0.3257291671875 0.10092592656249999 0.3257291671875 0.1458333328125 0.3485416671875 0.1458333328125
1 0.32078125 0.16231481406249998 0.32078125 0.1326851859375 0.29552083281249997 0.1326851859375 0.29552083281249997 0.16231481406249998 0.32078125 0.16231481406249998
1 0.3546875 0.33555555625 0.3546875 0.3081481484375 0.29671875000000003 0.3081481484375 0.29671875000000003 0.33555555625 0.3546875 0.33555555625
1 0.2948958328125 0.2631481484375 0.2948958328125 0.2270370375 0.2714583328125 0.2270370375 0.2714583328125 0.2631481484375 0.2948958328125 0.2631481484375
1 0.288125 0.18648148125 0.288125 0.155740740625 0.26526041718750004 0.155740740625 0.26526041718750004 0.18648148125 0.288125 0.18648148125
1 0.07161458281250001 0.43648148124999997 0.07161458281250001 0.3925925921875 0.0000520828125 0.3925925921875 0.0000520828125 0.43648148124999997 0.07161458281250001 0.43648148124999997
1 0.0753125 0.48027777812499994 0.0753125 0.43648148124999997 0.0000520828125 0.43648148124999997 0.0000520828125 0.48027777812499994 0.0753125 0.48027777812499994
2 0.321875 0.47240740781249996 0.321875 0.25833333281250004 0.25984375000000004 0.25833333281250004 0.25984375000000004 0.47240740781249996 0.321875 0.47240740781249996
4 0.9983333328124999 0.99555555625 0.9983333328124999 0.353240740625 0.71203125 0.353240740625 0.71203125 0.99555555625 0.9983333328124999 0.99555555625
4 0.4329166671875 0.475 0.4329166671875 0.314722221875 0.3059895828125 0.314722221875 0.3059895828125 0.475 0.4329166671875 0.475
4 0.3096354171875 0.4493518515625 0.3096354171875 0.3173148140625 0.29520833281250003 0.3173148140625 0.29520833281250003 0.4493518515625 0.3096354171875 0.4493518515625
4 0.25984375000000004 0.004444443750000001 0.25984375000000004 0.0903703703125 0.2922916671875 0.0903703703125 0.2922916671875 0.004444443750000001 0.25984375000000004 0.004444443750000001
1 0.30421875 0.079722221875 0.30421875 0.049259259374999996 0.2916666671875 0.049259259374999996 0.2916666671875 0.079722221875 0.30421875 0.079722221875
1 0.28046875 0.21444444375 0.28046875 0.19805555625 0.26598958281249996 0.19805555625 0.26598958281249996 0.21444444375 0.28046875 0.21444444375