1 0.9990625 0.8416666671874999 0.9990625 0.687777778125 0.7761979171875 0.687777778125 0.7761979171875 0.8416666671874999 0.9990625 0.8416666671874999
1 0.9990625 0.99555555625 0.9990625 0.8199074078124999 0.7848437500000001 0.8199074078124999 0.7848437500000001 0.99555555625 0.9990625 0.99555555625
1 0.96515625 0.264722221875 0.96515625 0.173703703125 0.8771875 0.173703703125 0.8771875 0.264722221875 0.96515625 0.264722221875
1 0.9629687499999999 0.1570370375 0.9629687499999999 0.2173148140625 0.9990625 0.2173148140625 0.9990625 0.1570370375 0.9629687499999999 0.1570370375
1 0.8461458328125 0.303240740625 0.8461458328125 0.24555555624999997 0.7610416671875 0.24555555624999997 0.7610416671875 0.303240740625 0.8461458328125 0.303240740625
1 0.7617708328125 0.31601851875000003 0.7617708328125 0.2673148140625 0.7307812499999999 0.2673148140625 0.7307812499999999 0.31601851875000003 0.7617708328125 0.31601851875000003
1 0.8375 0.1993518515625 0.8375 0.1493518515625 0.7603125000000001 0.1493518515625 0.7603125000000001 0.1993518515625 0.8375 0.1993518515625
1 0.7898958328125001 0.004444443750000001 0.7898958328125001 0.0506481484375 0.8331770828125 0.0506481484375 0.8331770828125 0.004444443750000001 0.7898958328125001 0.004444443750000001
1 0.7928124999999999 0.1070370375 0.7928124999999999 0.0365740734375 0.7617708328125 0.0365740734375 0.7617708328125 0.1070370375 0.7928124999999999 0.1070370375
1 0.7574479171874999 0.1365740734375 0.7574479171874999 0.08527777812500001 0.72859375 0.08527777812500001 0.72859375 0.1365740734375 0.7574479171874999 0.1365740734375
3 0.9566666671874999 0.526296296875 0.9566666671874999 0.47898148125000006 0.9381770828124999 0.47898148125000006 0.9381770828124999 0.526296296875 0.9566666671874999 0.526296296875
3 0.9403645828125 0.526296296875 0.9403645828125 0.4658333328125 0.8974479171875 0.4658333328125 0.8974479171875 0.526296296875 0.9403645828125 0.526296296875
3 0.8989062499999999 0.5131481484375 0.8989062499999999 0.47759259218750005 0.8670833328124999 0.47759259218750005 0.8670833328124999 0.5131481484375 0.8989062499999999 0.5131481484375
3 0.8678645828124999 0.5039814812500001 0.8678645828124999 0.476296296875 0.8515625 0.476296296875 0.8515625 0.5039814812500001 0.8678645828124999 0.5039814812500001
3 0.8530208328125 0.5065740734374999 0.8530208328125 0.476296296875 0.8397395828124999 0.476296296875 0.8397395828124999 0.5065740734374999 0.8530208328125 0.5065740734374999
3 0.8367708328125 0.5025925921875001 0.8367708328125 0.46055555625 0.7916145828125 0.46055555625 0.7916145828125 0.5025925921875001 0.8367708328125 0.5025925921875001
3 0.7945833328125 0.498703703125 0.7945833328125 0.47101851874999995 0.7790104171875 0.47101851874999995 0.7790104171875 0.498703703125 0.7945833328125 0.498703703125
3 0.7805208328125001 0.4881481484375 0.7805208328125001 0.4618518515625 0.7664583328125001 0.4618518515625 0.7664583328125001 0.4881481484375 0.7805208328125001 0.4881481484375
3 0.7797916671875 0.469722221875 0.7797916671875 0.43555555625000003 0.7434895828125 0.43555555625000003 0.7434895828125 0.469722221875 0.7797916671875 0.469722221875
3 0.7642187500000001 0.4921296296875 0.7642187500000001 0.4618518515625 0.7427604171875 0.4618518515625 0.7427604171875 0.4921296296875 0.7642187500000001 0.4921296296875
3 0.7346354171875 0.46055555625 0.7346354171875 0.4341666671875 0.7109375 0.4341666671875 0.7109375 0.46055555625 0.7346354171875 0.46055555625
3 0.7286979171875 0.476296296875 0.7286979171875 0.4565740734375 0.7109375 0.4565740734375 0.7109375 0.476296296875 0.7286979171875 0.476296296875
3 0.6961458328125001 0.45259259218750003 0.6961458328125001 0.47101851874999995 0.70578125 0.47101851874999995 0.70578125 0.43814814843749994 0.6976041671875 0.43814814843749994 0.6976041671875 0.45259259218750003 0.6961458328125001 0.45259259218750003
3 0.7827083328125 0.5328703703125 0.7827083328125 0.5025925921875001 0.7494270828125 0.5025925921875001 0.7494270828125 0.5328703703125 0.7827083328125 0.5328703703125
3 0.7849479171875 0.5525925921875 0.7849479171875 0.530277778125 0.7523958328125 0.530277778125 0.7523958328125 0.5525925921875 0.7849479171875 0.5525925921875
3 0.78421875 0.5908333328125 0.78421875 0.5525925921875 0.7523958328125 0.5525925921875 0.7523958328125 0.5908333328125 0.78421875 0.5908333328125
3 0.8441666671875 0.6091666671875 0.8441666671875 0.57101851875 0.8019791671875 0.57101851875 0.8019791671875 0.6091666671875 0.8441666671875 0.6091666671875
3 0.753125 0.5802777781249999 0.753125 0.5408333328125 0.7301562500000001 0.5408333328125 0.7301562500000001 0.5802777781249999 0.753125 0.5802777781249999
3 0.7294270828125 0.56055555625 0.7294270828125 0.5275925921875 0.7183333328125 0.5275925921875 0.7183333328125 0.56055555625 0.7294270828125 0.56055555625
3 0.7213020828125 0.5341666671875 0.7213020828125 0.505277778125 0.7042708328125 0.505277778125 0.7042708328125 0.5341666671875 0.7213020828125 0.5341666671875
3 0.7028125000000001 0.5447222218750001 0.7028125000000001 0.523703703125 0.6939062500000001 0.523703703125 0.6939062500000001 0.5447222218750001 0.7028125000000001 0.5447222218750001
3 0.1388020828125 0.5656481484375 0.1388020828125 0.43814814843749994 0.0022395828125 0.43814814843749994 0.0022395828125 0.5656481484375 0.1388020828125 0.5656481484375
3 0.1338020828125 0.6974074078125 0.1338020828125 0.5484259265625 0.0011458328125 0.5484259265625 0.0011458328125 0.6974074078125 0.1338020828125 0.6974074078125
3 0.21875 0.6315740734374999 0.21875 0.51055555625 0.1351041671875 0.51055555625 0.1351041671875 0.6315740734374999 0.21875 0.6315740734374999
3 0.0914583328125 0.9909259265625 0.0914583328125 0.85 0.0252083328125 0.85 0.0252083328125 0.9909259265625 0.0914583328125 0.9909259265625
3 0.1968229171875 0.9208333328125 0.1968229171875 0.7484259265625 0.0230729171875 0.7484259265625 0.0230729171875 0.9208333328125 0.1968229171875 0.9208333328125
3 0.19468749999999999 0.9909259265625 0.19468749999999999 0.8772222218750001 0.0955729171875 0.8772222218750001 0.0955729171875 0.9909259265625 0.19468749999999999 0.9909259265625
3 0.2852604171875 0.8735185187500001 0.2852604171875 0.750277778125 0.1914583328125 0.750277778125 0.1914583328125 0.8735185187500001 0.2852604171875 0.8735185187500001
3 0.3279166671875 0.8090740734375 0.3279166671875 0.6158333328125 0.17015625 0.6158333328125 0.17015625 0.8090740734375 0.3279166671875 0.8090740734375
3 0.3236458328125 0.4566666671875 0.3236458328125 0.4074074078125 0.21067708281250003 0.4074074078125 0.21067708281250003 0.4566666671875 0.3236458328125 0.4566666671875
3 0.319375 0.55898148125 0.319375 0.490740740625 0.22984374999999999 0.490740740625 0.22984374999999999 0.55898148125 0.319375 0.55898148125
3 0.319375 0.49259259218749996 0.319375 0.4471296296875 0.2149479171875 0.4471296296875 0.2149479171875 0.49259259218749996 0.319375 0.49259259218749996
3 0.34921875 0.553240740625 0.34921875 0.4074074078125 0.31083333281250003 0.4074074078125 0.31083333281250003 0.553240740625 0.34921875 0.553240740625
3 0.36625 0.6783333328125 0.36625 0.6120370375 0.3279166671875 0.6120370375 0.3279166671875 0.6783333328125 0.36625 0.6783333328125
3 0.3694791671875 0.7313888890625 0.3694791671875 0.6725925921875 0.3343229171875 0.6725925921875 0.3343229171875 0.7313888890625 0.3694791671875 0.7313888890625
1 0.31677083281249996 0.10601851874999998 0.31677083281249996 0.1950925921875 0.35322916718749997 0.1950925921875 0.35322916718749997 0.10601851874999998 0.31677083281249996 0.10601851874999998
1 0.24958333281249998 0.0108333328125 0.24958333281249998 0.12222222187500001 0.30994791718750003 0.12222222187500001 0.30994791718750003 0.0108333328125 0.24958333281249998 0.0108333328125
1 0.38057291718749997 0.13027777812500002 0.38057291718749997 0.1545370375 0.42609375 0.1545370375 0.42609375 0.13027777812500002 0.38057291718749997 0.13027777812500002