1 0.76078125 0.3770833328125 0.76078125 0.3283333328125 0.6315625 0.3283333328125 0.6315625 0.3770833328125 0.76078125 0.3770833328125
1 0.7478125 0.4791666671875 0.7478125 0.4483333328125 0.69046875 0.4483333328125 0.69046875 0.4791666671875 0.7478125 0.4791666671875
1 0.89 0.45104166718750005 0.89 0.43062500000000004 0.8640625 0.43062500000000004 0.8640625 0.45104166718750005 0.89 0.45104166718750005
1 0.83265625 0.27999999999999997 0.83265625 0.2697916671875 0.8120312500000001 0.2697916671875 0.8120312500000001 0.27999999999999997 0.83265625 0.27999999999999997
1 0.8315625000000001 0.291875 0.8315625000000001 0.280625 0.80984375 0.280625 0.80984375 0.291875 0.8315625000000001 0.291875
1 0.8534375000000001 0.284375 0.8534375000000001 0.2754166671875 0.8339062500000001 0.2754166671875 0.8339062500000001 0.284375 0.8534375000000001 0.284375
1 0.8540625000000001 0.2972916671875 0.8540625000000001 0.2866666671875 0.83375 0.2866666671875 0.83375 0.2972916671875 0.8540625000000001 0.2972916671875
1 0.8514062499999999 0.3239583328125 0.8514062499999999 0.3139583328125 0.8301562499999999 0.3139583328125 0.8301562499999999 0.3239583328125 0.8514062499999999 0.3239583328125
1 0.8284375 0.3314583328125 0.8284375 0.32145833281249997 0.80796875 0.32145833281249997 0.80796875 0.3314583328125 0.8284375 0.3314583328125
1 0.8735937500000001 0.3310416671875 0.8735937500000001 0.320625 0.8526562500000001 0.320625 0.8526562500000001 0.3310416671875 0.8735937500000001 0.3310416671875
1 0.850625 0.33708333281249997 0.850625 0.32625000000000004 0.829375 0.32625000000000004 0.829375 0.33708333281249997 0.850625 0.33708333281249997
1 0.8721875000000001 0.34375 0.8721875000000001 0.33187500000000003 0.8515625 0.33187500000000003 0.8515625 0.34375 0.8721875000000001 0.34375
1 0.84609375 0.3845833328125 0.84609375 0.3741666671875 0.825 0.3741666671875 0.825 0.3845833328125 0.84609375 0.3845833328125
1 0.8440625 0.39791666718749996 0.8440625 0.38687499999999997 0.8240624999999999 0.38687499999999997 0.8240624999999999 0.39791666718749996 0.8440625 0.39791666718749996
2 0.7990625 0.45958333281249997 0.7990625 0.31604166718750004 0.7403125 0.31604166718750004 0.7403125 0.45958333281249997 0.7990625 0.45958333281249997