1 0.9603645828125 0.326296296875 0.9603645828125 0.22898148125 0.87671875 0.22898148125 0.87671875 0.326296296875 0.9603645828125 0.326296296875
1 0.8796875 0.2381481484375 0.8796875 0.144722221875 0.79015625 0.144722221875 0.79015625 0.2381481484375 0.8796875 0.2381481484375
1 0.8863541671874999 0.380277778125 0.8863541671874999 0.269722221875 0.7945833328125 0.269722221875 0.7945833328125 0.380277778125 0.8863541671874999 0.380277778125
1 0.7975520828125 0.3815740734375 0.7975520828125 0.30129629687500004 0.74421875 0.30129629687500004 0.74421875 0.3815740734375 0.7975520828125 0.3815740734375
1 0.7405208328125 0.4 0.7405208328125 0.32898148125 0.6954166671875 0.32898148125 0.6954166671875 0.4 0.7405208328125 0.4
1 0.6946354171875 0.405277778125 0.6946354171875 0.35398148125 0.6576562499999999 0.35398148125 0.6576562499999999 0.405277778125 0.6946354171875 0.405277778125
1 0.6954166671875 0.33027777812500003 0.6954166671875 0.28814814843750003 0.6650520828125 0.28814814843750003 0.6650520828125 0.33027777812500003 0.6954166671875 0.33027777812500003
1 0.9263020828125 0.6328703703125 0.9263020828125 0.555277778125 0.7486979171875 0.555277778125 0.7486979171875 0.6328703703125 0.9263020828125 0.6328703703125
1 0.9018750000000001 0.7302777781249999 0.9018750000000001 0.6447222218750001 0.7464583328125001 0.6447222218750001 0.7464583328125001 0.7302777781249999 0.9018750000000001 0.7302777781249999
1 0.7501562500000001 0.555277778125 0.7501562500000001 0.5039814812500001 0.7042708328125 0.5039814812500001 0.7042708328125 0.555277778125 0.7501562500000001 0.555277778125
1 0.6908333328125 0.6616666671875 0.6908333328125 0.6203703703125 0.6583333328125 0.6203703703125 0.6583333328125 0.6616666671875 0.6908333328125 0.6616666671875
1 0.75078125 0.72194444375 0.75078125 0.6737037031249999 0.7097395828125 0.6737037031249999 0.7097395828125 0.72194444375 0.75078125 0.72194444375
1 0.32848958281249996 0.8762962968749999 0.32848958281249996 0.7091666671875 0.04796875 0.7091666671875 0.04796875 0.8762962968749999 0.32848958281249996 0.8762962968749999
1 0.36994791718750003 0.7381481484375 0.36994791718750003 0.651296296875 0.3136979171875 0.651296296875 0.3136979171875 0.7381481484375 0.36994791718750003 0.7381481484375
1 0.4024479171875 0.6573148140625 0.4024479171875 0.6124074078125 0.3655729171875 0.6124074078125 0.3655729171875 0.6573148140625 0.4024479171875 0.6573148140625
1 0.21078125 0.3176851859375 0.21078125 0.11305555625000001 0.0005208328124999999 0.11305555625000001 0.0005208328124999999 0.3176851859375 0.21078125 0.3176851859375
1 0.2978125 0.36472222187500003 0.2978125 0.26212962968750003 0.2201041671875 0.26212962968750003 0.2201041671875 0.36472222187500003 0.2978125 0.36472222187500003
1 0.33630208281249996 0.38055555625 0.33630208281249996 0.3015740734375 0.2933854171875 0.3015740734375 0.2933854171875 0.38055555625 0.33630208281249996 0.38055555625
1 0.35703125 0.39898148125 0.35703125 0.339722221875 0.3392708328125 0.339722221875 0.3392708328125 0.39898148125 0.35703125 0.39898148125
1 0.3866145828125 0.4068518515625 0.3866145828125 0.35296296250000003 0.368125 0.35296296250000003 0.368125 0.4068518515625 0.3866145828125 0.4068518515625
1 0.35703125 0.0831481484375 0.35703125 0.17268518593749999 0.3918229171875 0.17268518593749999 0.3918229171875 0.0831481484375 0.35703125 0.0831481484375
1 0.3977604171875 0.40796296249999997 0.3977604171875 0.3759259265625 0.38640625 0.3759259265625 0.38640625 0.40796296249999997 0.3977604171875 0.40796296249999997
1 0.73828125 0.0036111109374999998 0.73828125 0.052592592187499995 0.7720312500000001 0.052592592187499995 0.7720312500000001 0.0036111109374999998 0.73828125 0.0036111109374999998
1 0.7373958328125 0.12833333281249998 0.7373958328125 0.030462962500000003 0.6921354171874999 0.030462962500000003 0.6921354171874999 0.12833333281249998 0.7373958328125 0.12833333281249998
1 0.6903645828125 0.19305555624999998 0.6903645828125 0.085740740625 0.6628125 0.085740740625 0.6628125 0.19305555624999998 0.6903645828125 0.19305555624999998
1 0.59703125 0.3929629625 0.59703125 0.3718518515625 0.5274479171875 0.3718518515625 0.5274479171875 0.3929629625 0.59703125 0.3929629625
1 0.59703125 0.42148148125 0.59703125 0.3929629625 0.5279166671875 0.3929629625 0.5279166671875 0.42148148125 0.59703125 0.42148148125
1 0.6011458328125 0.4393518515625 0.6011458328125 0.4141666671875 0.52609375 0.4141666671875 0.52609375 0.4393518515625 0.6011458328125 0.4393518515625
1 0.5247395828125 0.4393518515625 0.5247395828125 0.46212962968750004 0.5947395828125 0.46212962968750004 0.5947395828125 0.4393518515625 0.5247395828125 0.4393518515625
1 0.5938020828125 0.4809259265625 0.5938020828125 0.45648148125 0.5279166671875 0.45648148125 0.5279166671875 0.4809259265625 0.5938020828125 0.4809259265625
1 0.5942708328124999 0.49472222187500003 0.5942708328124999 0.47759259218750005 0.5279166671875 0.47759259218750005 0.5279166671875 0.49472222187500003 0.5942708328124999 0.49472222187500003
1 0.5942708328124999 0.5190740734375 0.5942708328124999 0.49472222187500003 0.5265625 0.49472222187500003 0.5265625 0.5190740734375 0.5942708328124999 0.5190740734375
1 0.5956770828125 0.53944444375 0.5956770828125 0.5215740734375001 0.5306770828125 0.5215740734375001 0.5306770828125 0.53944444375 0.5956770828125 0.53944444375
1 0.5983854171874999 0.55898148125 0.5983854171874999 0.5419444437500001 0.5292708328125 0.5419444437500001 0.5292708328125 0.55898148125 0.5983854171874999 0.55898148125
1 0.5997916671875 0.5875 0.5997916671875 0.5581481484374999 0.5297395828125 0.5581481484374999 0.5297395828125 0.5875 0.5997916671875 0.5875
1 0.5933854171874999 0.5948148140625 0.5933854171874999 0.5761111109375 0.5356770828124999 0.5761111109375 0.5356770828124999 0.5948148140625 0.5933854171874999 0.5948148140625
1 0.43453125000000004 0.42148148125 0.43453125000000004 0.4003703703125 0.41578125000000005 0.4003703703125 0.41578125000000005 0.42148148125 0.43453125000000004 0.42148148125
2 0.46244791718749995 0.45407407343750006 0.46244791718749995 0.5443518515625 0.48354166718749997 0.5443518515625 0.48354166718749997 0.45407407343750006 0.46244791718749995 0.45407407343750006