1 0.868125 0.0495833328125 0.868125 0.0027083328125 0.80640625 0.0027083328125 0.80640625 0.0495833328125 0.868125 0.0495833328125
1 0.76828125 0.11750000000000001 0.76828125 0.0652083328125 0.733125 0.0652083328125 0.733125 0.11750000000000001 0.76828125 0.11750000000000001
1 0.7321875 0.1435416671875 0.7321875 0.1004166671875 0.70578125 0.1004166671875 0.70578125 0.1435416671875 0.7321875 0.1435416671875
1 0.215 0 0.215 0.06395833281249999 0.26 0.06395833281249999 0.26 0 0.215 0
1 0.27859375000000003 0.0979166671875 0.27859375000000003 0.040625 0.253125 0.040625 0.253125 0.0979166671875 0.27859375000000003 0.0979166671875
1 0.2990625 0.1304166671875 0.2990625 0.0783333328125 0.2765625 0.0783333328125 0.2765625 0.1304166671875 0.2990625 0.1304166671875
1 0.70578125 0.1614583328125 0.70578125 0.1258333328125 0.68546875 0.1258333328125 0.68546875 0.1614583328125 0.70578125 0.1614583328125
1 0.65078125 0.0747916671875 0.65078125 0.0427083328125 0.63578125 0.0427083328125 0.63578125 0.0747916671875 0.65078125 0.0747916671875
1 0.66125 0.19104166718749999 0.66125 0.16833333281250001 0.6484375 0.16833333281250001 0.6484375 0.19104166718749999 0.66125 0.19104166718749999
1 0.64515625 0.2014583328125 0.64515625 0.181875 0.63484375 0.181875 0.63484375 0.2014583328125 0.64515625 0.2014583328125
3 0.999375 0.2658333328125 0.999375 0.18687499999999999 0.92734375 0.18687499999999999 0.92734375 0.2658333328125 0.999375 0.2658333328125
3 0.99734375 0.4447916671875 0.99734375 0.37374999999999997 0.96484375 0.37374999999999997 0.96484375 0.4447916671875 0.99734375 0.4447916671875
3 0.9824999999999999 0.3433333328125 0.9824999999999999 0.30125 0.89578125 0.30125 0.89578125 0.3433333328125 0.9824999999999999 0.3433333328125
3 0.9865625 0.3710416671875 0.9865625 0.3433333328125 0.89578125 0.3433333328125 0.89578125 0.3710416671875 0.9865625 0.3710416671875
3 0.9678125 0.436875 0.9678125 0.38687499999999997 0.89578125 0.38687499999999997 0.89578125 0.436875 0.9678125 0.436875
3 0.9025000000000001 0.43062500000000004 0.9025000000000001 0.3879166671875 0.8631249999999999 0.3879166671875 0.8631249999999999 0.43062500000000004 0.9025000000000001 0.43062500000000004
3 0.9025000000000001 0.38416666718750003 0.9025000000000001 0.3483333328125 0.8699999999999999 0.3483333328125 0.8699999999999999 0.38416666718750003 0.9025000000000001 0.38416666718750003
3 0.9042187500000001 0.33999999999999997 0.9042187500000001 0.3110416671875 0.8699999999999999 0.3110416671875 0.8699999999999999 0.33999999999999997 0.9042187500000001 0.33999999999999997
3 0.8471875000000001 0.4185416671875 0.8471875000000001 0.378125 0.81515625 0.378125 0.81515625 0.4185416671875 0.8471875000000001 0.4185416671875
3 0.8175000000000001 0.41624999999999995 0.8175000000000001 0.3735416671875 0.79578125 0.3735416671875 0.79578125 0.41624999999999995 0.8175000000000001 0.41624999999999995
3 0.8015625 0.40708333281250003 0.8015625 0.3697916671875 0.76953125 0.3697916671875 0.76953125 0.40708333281250003 0.8015625 0.40708333281250003
3 0.9025000000000001 0.24479166718749998 0.9025000000000001 0.1991666671875 0.8265625 0.1991666671875 0.8265625 0.24479166718749998 0.9025000000000001 0.24479166718749998
3 0.9140625 0.2814583328125 0.9140625 0.224375 0.8706250000000001 0.224375 0.8706250000000001 0.2814583328125 0.9140625 0.2814583328125
3 0.8740625 0.28291666718749997 0.8740625 0.24937499999999999 0.83296875 0.24937499999999999 0.83296875 0.28291666718749997 0.8740625 0.28291666718749997
3 0.8426562499999999 0.2935416671875 0.8426562499999999 0.2479166671875 0.80546875 0.2479166671875 0.80546875 0.2935416671875 0.8426562499999999 0.2935416671875
3 0.39046875000000003 0.42895833281250006 0.39046875000000003 0.37625000000000003 0.34015625 0.37625000000000003 0.34015625 0.42895833281250006 0.39046875000000003 0.42895833281250006
3 0.136875 0.46312499999999995 0.136875 0.3920833328125 0.08249999999999999 0.3920833328125 0.08249999999999999 0.46312499999999995 0.136875 0.46312499999999995
3 0.08249999999999999 0.489375 0.08249999999999999 0.38416666718750003 0.02328125 0.38416666718750003 0.02328125 0.489375 0.08249999999999999 0.489375
3 0.0075 0.160625 0.0075 0.25666666718750003 0.0925 0.25666666718750003 0.0925 0.160625 0.0075 0.160625
3 0.1565625 0.2222916671875 0.1565625 0.138125 0.050937500000000004 0.138125 0.050937500000000004 0.2222916671875 0.1565625 0.2222916671875
3 0.1496875 0.2816666671875 0.1496875 0.2066666671875 0.07468749999999999 0.2066666671875 0.07468749999999999 0.2816666671875 0.1496875 0.2816666671875
3 0.17828125 0.388125 0.17828125 0.3433333328125 0.06671875000000001 0.3433333328125 0.06671875000000001 0.388125 0.17828125 0.388125
3 0.1753125 0.460625 0.1753125 0.3920833328125 0.125 0.3920833328125 0.125 0.460625 0.1753125 0.460625
3 0.2009375 0.4566666671875 0.2009375 0.388125 0.1675 0.388125 0.1675 0.4566666671875 0.2009375 0.4566666671875
3 0.2246875 0.4447916671875 0.2246875 0.39729166718750003 0.19203125000000001 0.39729166718750003 0.19203125000000001 0.4447916671875 0.2246875 0.4447916671875
3 0.2375 0.39875 0.2375 0.3433333328125 0.1675 0.3433333328125 0.1675 0.39875 0.2375 0.39875
3 0.2621875 0.438125 0.2621875 0.3908333328125 0.23359375 0.3908333328125 0.23359375 0.438125 0.2621875 0.438125
3 0.8182812500000001 0.26937500000000003 0.8182812500000001 0.2204166671875 0.7614062500000001 0.2204166671875 0.7614062500000001 0.26937500000000003 0.8182812500000001 0.26937500000000003
3 0.8159375000000001 0.3027083328125 0.8159375000000001 0.2710416671875 0.7614062500000001 0.2710416671875 0.7614062500000001 0.3027083328125 0.8159375000000001 0.3027083328125