1 0.72046875 0.2972916671875 0.72046875 0.21770833281250002 0.51609375 0.21770833281250002 0.51609375 0.2972916671875 0.72046875 0.2972916671875
1 0.8651562500000001 1 0.8651562500000001 0.803125 0.7184375000000001 0.803125 0.7184375000000001 1 0.8651562500000001 1
1 0.7262500000000001 1 0.7262500000000001 0.8864583328125001 0.5884375000000001 0.8864583328125001 0.5884375000000001 1 0.7262500000000001 1
1 0.28046875 0 0.28046875 0.0522916671875 0.37046875 0.0522916671875 0.37046875 0 0.28046875 0
1 0.52171875 0.190625 0.52171875 0.1522916671875 0.45046875000000003 0.1522916671875 0.45046875000000003 0.190625 0.52171875 0.190625
1 1 0.0358333328125 0.9229687500000001 0.0358333328125 0.9229687500000001 0.0779166671875 1 0.0779166671875 1 0.0358333328125
1 0.91640625 0.09125 0.91640625 0.0591666671875 0.838125 0.0591666671875 0.838125 0.09125 0.91640625 0.09125
1 1 0.1872916671875 0.9154687499999999 0.1872916671875 0.9154687499999999 0.22312500000000002 1 0.22312500000000002 1 0.1872916671875
1 0.91078125 0.2289583328125 0.91078125 0.196875 0.82875 0.196875 0.82875 0.2289583328125 0.91078125 0.2289583328125
1 0.9989062499999999 0.3408333328125 0.9989062499999999 0.31124999999999997 0.90890625 0.31124999999999997 0.90890625 0.3408333328125 0.9989062499999999 0.3408333328125
1 0.9946875000000001 0.3835416671875 0.9946875000000001 0.3595833328125 0.909375 0.3595833328125 0.909375 0.3835416671875 0.9946875000000001 0.3835416671875
1 0.90984375 0.38416666718750003 0.90984375 0.3602083328125 0.8296875 0.3602083328125 0.8296875 0.38416666718750003 0.90984375 0.38416666718750003
1 0.8201562499999999 0.3445833328125 0.8201562499999999 0.323125 0.7434375 0.323125 0.7434375 0.3445833328125 0.8201562499999999 0.3445833328125
1 0.8240624999999999 0.23395833281249998 0.8240624999999999 0.209375 0.76359375 0.209375 0.76359375 0.23395833281249998 0.8240624999999999 0.23395833281249998
1 0.82125 0.3847916671875 0.82125 0.3620833328125 0.75234375 0.3620833328125 0.75234375 0.3847916671875 0.82125 0.3847916671875
1 0.7150000000000001 0.39875 0.7150000000000001 0.3404166671875 0.575 0.3404166671875 0.575 0.39875 0.7150000000000001 0.39875
4 1 0.43520833281250004 0.7634375 0.43520833281250004 0.7634375 0.7185416671875 1 0.7185416671875 1 0.43520833281250004