1 0.7946875 0.1160416671875 0.7946875 0.014374999999999999 0.7262500000000001 0.014374999999999999 0.7262500000000001 0.1160416671875 0.7946875 0.1160416671875
1 0.8699999999999999 0.224375 0.8699999999999999 0.1395833328125 0.8045312499999999 0.1395833328125 0.8045312499999999 0.224375 0.8699999999999999 0.224375
1 0.7175 0.3441666671875 0.7175 0.22833333281249998 0.5689062500000001 0.22833333281249998 0.5689062500000001 0.3441666671875 0.7175 0.3441666671875
1 0.8123437499999999 0.406875 0.8123437499999999 0.3129166671875 0.7175 0.3129166671875 0.7175 0.406875 0.8123437499999999 0.406875
1 0.8592187499999999 0.43541666718750005 0.8592187499999999 0.37687499999999996 0.80640625 0.37687499999999996 0.80640625 0.43541666718750005 0.8592187499999999 0.43541666718750005
1 0.20031249999999998 0.8747916671875 0.20031249999999998 0.7314583328125 0.0009375 0.7314583328125 0.0009375 0.8747916671875 0.20031249999999998 0.8747916671875
1 0.54453125 0.8160416671874999 0.54453125 0.6754166671874999 0.26 0.6754166671874999 0.26 0.8160416671874999 0.54453125 0.8160416671874999
1 0.70484375 0.7560416671875 0.70484375 0.6647916671874999 0.540625 0.6647916671874999 0.540625 0.7560416671875 0.70484375 0.7560416671875
1 0.7849999999999999 0.7170833328125 0.7849999999999999 0.6583333328125 0.70484375 0.6583333328125 0.70484375 0.7170833328125 0.7849999999999999 0.7170833328125
1 0.8426562499999999 0.6922916671875 0.8426562499999999 0.6491666671874999 0.7849999999999999 0.6491666671874999 0.7849999999999999 0.6922916671875 0.8426562499999999 0.6922916671875
1 0.5709375 0.27 0.5709375 0.06 0.30015625 0.06 0.30015625 0.27 0.5709375 0.27
1 0.38609375 0 0.38609375 0.1775 0.59140625 0.1775 0.59140625 0 0.38609375 0