1 0.78296875 0.4158333328125 0.78296875 0.3560416671875 0.7145312500000001 0.3560416671875 0.7145312500000001 0.4158333328125 0.78296875 0.4158333328125
1 0.71359375 0.348125 0.71359375 0.3077083328125 0.65 0.3077083328125 0.65 0.348125 0.71359375 0.348125
1 0.71953125 0.5122916671875 0.71953125 0.4525 0.6490625 0.4525 0.6490625 0.5122916671875 0.71953125 0.5122916671875
1 0.7859375 0.5333333328125 0.7859375 0.468125 0.7175 0.468125 0.7175 0.5333333328125 0.7859375 0.5333333328125
1 0.0840625 0.545 0.0840625 0.469375 0.00296875 0.469375 0.00296875 0.545 0.0840625 0.545
1 0.23359375 0.44333333281250004 0.23359375 0.4225 0.20812499999999998 0.4225 0.20812499999999998 0.44333333281250004 0.23359375 0.44333333281250004
1 0 0 0 0.043125000000000004 0.02640625 0.043125000000000004 0.02640625 0 0 0
1 0.02640625 0 0.02640625 0.0914583328125 0.08984375 0.0914583328125 0.08984375 0 0.02640625 0
1 0.091875 0.14750000000000002 0.091875 0.051041667187499994 0.01171875 0.051041667187499994 0.01171875 0.14750000000000002 0.091875 0.14750000000000002
1 0.13968750000000002 0.18125 0.13968750000000002 0.105625 0.08499999999999999 0.105625 0.08499999999999999 0.18125 0.13968750000000002 0.18125
1 0.6157812500000001 0 0.6157812500000001 0.06 0.655 0.06 0.655 0 0.6157812500000001 0
1 0.61484375 0.1029166671875 0.61484375 0.040625 0.5828125 0.040625 0.5828125 0.1029166671875 0.61484375 0.1029166671875
1 0.58140625 0.136875 0.58140625 0.0860416671875 0.55546875 0.0860416671875 0.55546875 0.136875 0.58140625 0.136875
1 0.6526562499999999 0.47062499999999996 0.6526562499999999 0.4379166671875 0.624375 0.4379166671875 0.624375 0.47062499999999996 0.6526562499999999 0.47062499999999996
1 0.6234375 0.356875 0.6234375 0.3254166671875 0.58703125 0.3254166671875 0.58703125 0.356875 0.6234375 0.356875
1 0.62296875 0.46187500000000004 0.62296875 0.4291666671875 0.59078125 0.4291666671875 0.59078125 0.46187500000000004 0.62296875 0.46187500000000004
1 0.5828125 0.44604166718749994 0.5828125 0.41979166718750005 0.560625 0.41979166718750005 0.560625 0.44604166718749994 0.5828125 0.44604166718749994
1 0.1740625 0.2077083328125 0.1740625 0.166875 0.14140625 0.166875 0.14140625 0.2077083328125 0.1740625 0.2077083328125
1 0.20734375 0.2270833328125 0.20734375 0.1904166671875 0.17984375 0.1904166671875 0.17984375 0.2270833328125 0.20734375 0.2270833328125
1 0.556875 0.15812500000000002 0.556875 0.1208333328125 0.538125 0.1208333328125 0.538125 0.15812500000000002 0.556875 0.15812500000000002
1 0.23640625 0.248125 0.23640625 0.2008333328125 0.20734375 0.2008333328125 0.20734375 0.248125 0.23640625 0.248125
4 0.075 0.23395833281249998 0.075 0.4839583328125 0.18265625000000002 0.4839583328125 0.18265625000000002 0.23395833281249998 0.075 0.23395833281249998
4 0.20234375 0.27749999999999997 0.20234375 0.4345833328125 0.24234375 0.4345833328125 0.24234375 0.27749999999999997 0.20234375 0.27749999999999997
4 0.29703124999999997 0.42374999999999996 0.29703124999999997 0.2954166671875 0.2846875 0.2954166671875 0.2846875 0.42374999999999996 0.29703124999999997 0.42374999999999996
4 0.58875 0.433125 0.58875 0.27229166718750003 0.5270312500000001 0.27229166718750003 0.5270312500000001 0.433125 0.58875 0.433125
4 0.49640625 0.4058333328125 0.49640625 0.3064583328125 0.4546875 0.3064583328125 0.4546875 0.4058333328125 0.49640625 0.4058333328125
4 0.1153125 0.0029166671875000003 0.1153125 0.20458333281250002 0.17875000000000002 0.20458333281250002 0.17875000000000002 0.0029166671875000003 0.1153125 0.0029166671875000003
4 0.21390625000000002 0.4604166671875 0.21390625000000002 0.246875 0.1825 0.246875 0.1825 0.4604166671875 0.21390625000000002 0.4604166671875
4 0.25906250000000003 0.4325 0.25906250000000003 0.2866666671875 0.23421875 0.2866666671875 0.23421875 0.4325 0.25906250000000003 0.4325
4 0.2709375 0.42000000000000004 0.2709375 0.294375 0.25859375 0.294375 0.25859375 0.42000000000000004 0.2709375 0.42000000000000004
4 0.286875 0.42770833281250004 0.286875 0.2979166671875 0.27171875 0.2979166671875 0.27171875 0.42770833281250004 0.286875 0.42770833281250004