1 1 0.621875 0.7990625 0.621875 0.7990625 0.7847916671874999 1 0.7847916671874999 1 0.621875
4 0.05671875 0.051875000000000004 0.05671875 0.3095833328125 0.24421875 0.3095833328125 0.24421875 0.051875000000000004 0.05671875 0.051875000000000004
4 0.25484375 0.7660416671875 0.25484375 0.30583333281249997 0.007656250000000001 0.30583333281249997 0.007656250000000001 0.7660416671875 0.25484375 0.7660416671875
4 0.24421875 0.5416666671875 0.24421875 0.301875 0.059687500000000004 0.301875 0.059687500000000004 0.5416666671875 0.24421875 0.5416666671875
1 0.32421875 0.001875 0.32421875 0.03625 0.53359375 0.03625 0.53359375 0.001875 0.32421875 0.001875
1 0.5403125 0.0975 0.5403125 0.039375 0.29046875 0.039375 0.29046875 0.0975 0.5403125 0.0975
1 0.53703125 0.15125 0.53703125 0.0914583328125 0.29281250000000003 0.0914583328125 0.29281250000000003 0.15125 0.53703125 0.15125
1 0.53703125 0.200625 0.53703125 0.13625 0.29046875 0.13625 0.29046875 0.200625 0.53703125 0.200625
1 0.538125 0.2289583328125 0.538125 0.1870833328125 0.28718750000000004 0.1870833328125 0.28718750000000004 0.2289583328125 0.538125 0.2289583328125
1 0.28046875 0.231875 0.28046875 0.28875 0.54140625 0.28875 0.54140625 0.231875 0.28046875 0.231875
1 0.289375 0.29312499999999997 0.289375 0.34541666718749997 0.54375 0.34541666718749997 0.54375 0.29312499999999997 0.289375 0.29312499999999997
1 0.30843750000000003 0.4066666671875 0.30843750000000003 0.4410416671875 0.538125 0.4410416671875 0.538125 0.4066666671875 0.30843750000000003 0.4066666671875
1 0.3040625 0.44395833281249997 0.3040625 0.5066666671875 0.53578125 0.5066666671875 0.53578125 0.44395833281249997 0.3040625 0.44395833281249997
1 0.31296875 0.5081249999999999 0.31296875 0.5710416671874999 0.5392187500000001 0.5710416671874999 0.5392187500000001 0.5081249999999999 0.31296875 0.5081249999999999
1 0.28828125 0.34541666718749997 0.28828125 0.4066666671875 0.54140625 0.4066666671875 0.54140625 0.34541666718749997 0.28828125 0.34541666718749997
1 0.32296874999999997 0.5664583328125 0.32296874999999997 0.6129166671874999 0.5392187500000001 0.6129166671874999 0.5392187500000001 0.5664583328125 0.32296874999999997 0.5664583328125
1 0.33421875 0.5933333328125 0.33421875 0.6785416671875 0.5346875 0.6785416671875 0.5346875 0.5933333328125 0.33421875 0.5933333328125
1 0.53703125 0.465 0.53703125 0.48875 0.5784374999999999 0.48875 0.5784374999999999 0.465 0.53703125 0.465
1 0.53703125 0.43062500000000004 0.53703125 0.465 0.569375 0.465 0.569375 0.43062500000000004 0.53703125 0.43062500000000004
1 0.538125 0.4066666671875 0.538125 0.43208333281250005 0.57734375 0.43208333281250005 0.57734375 0.4066666671875 0.538125 0.4066666671875
1 0.538125 0.3752083328125 0.538125 0.4066666671875 0.5739062500000001 0.4066666671875 0.5739062500000001 0.3752083328125 0.538125 0.3752083328125
1 0.5403125 0.34249999999999997 0.5403125 0.3752083328125 0.5739062500000001 0.3752083328125 0.5739062500000001 0.34249999999999997 0.5403125 0.34249999999999997
1 0.5403125 0.30520833281250004 0.5403125 0.34249999999999997 0.5717187499999999 0.34249999999999997 0.5717187499999999 0.30520833281250004 0.5403125 0.30520833281250004
1 0.54375 0.26916666718750004 0.54375 0.30354166718750003 0.5828125 0.30354166718750003 0.5828125 0.26916666718750004 0.54375 0.26916666718750004
1 0.54484375 0.23500000000000001 0.54484375 0.26916666718750004 0.5806250000000001 0.26916666718750004 0.5806250000000001 0.23500000000000001 0.54484375 0.23500000000000001
1 0.5392187500000001 0.205 0.5392187500000001 0.23500000000000001 0.5806250000000001 0.23500000000000001 0.5806250000000001 0.205 0.5392187500000001 0.205
1 0.5392187500000001 0.17520833281249998 0.5392187500000001 0.205 0.5884375000000001 0.205 0.5884375000000001 0.17520833281249998 0.5392187500000001 0.17520833281249998
1 0.5403125 0.13625 0.5403125 0.17520833281249998 0.5884375000000001 0.17520833281249998 0.5884375000000001 0.13625 0.5403125 0.13625
1 0.5403125 0.109375 0.5403125 0.13625 0.5962500000000001 0.13625 0.5962500000000001 0.109375 0.5403125 0.109375
1 0.54140625 0.07666666718750001 0.54140625 0.109375 0.5962500000000001 0.109375 0.5962500000000001 0.07666666718750001 0.54140625 0.07666666718750001
1 0.54140625 0.0466666671875 0.54140625 0.07666666718750001 0.591875 0.07666666718750001 0.591875 0.0466666671875 0.54140625 0.0466666671875
1 0.83375 0.1691666671875 0.83375 0.13187500000000002 0.6265625 0.13187500000000002 0.6265625 0.1691666671875 0.83375 0.1691666671875
1 0.6378125 0.16625 0.6378125 0.2185416671875 0.850625 0.2185416671875 0.850625 0.16625 0.6378125 0.16625
1 0.63671875 0.200625 0.63671875 0.2422916671875 0.845 0.2422916671875 0.845 0.200625 0.63671875 0.200625
1 0.64 0.2304166671875 0.64 0.2677083328125 0.84609375 0.2677083328125 0.84609375 0.2304166671875 0.64 0.2304166671875
1 0.64 0.2529166671875 0.64 0.2870833328125 0.7609375 0.2870833328125 0.7609375 0.2529166671875 0.64 0.2529166671875
1 0.63671875 0.2752083328125 0.63671875 0.3185416671875 0.7542187499999999 0.3185416671875 0.7542187499999999 0.2752083328125 0.63671875 0.2752083328125
1 0.634375 0.3066666671875 0.634375 0.3439583328125 0.7542187499999999 0.3439583328125 0.7542187499999999 0.3066666671875 0.634375 0.3066666671875
1 0.63546875 0.3275 0.63546875 0.3797916671875 0.764375 0.3797916671875 0.764375 0.3275 0.63546875 0.3275
1 0.63671875 0.35583333281249996 0.63671875 0.41270833281249997 0.7609375 0.41270833281249997 0.7609375 0.35583333281249996 0.63671875 0.35583333281249996
1 0.63109375 0.3827083328125 0.63109375 0.4425 0.7576562499999999 0.4425 0.7576562499999999 0.3827083328125 0.63109375 0.3827083328125
1 0.634375 0.40812499999999996 0.634375 0.46791666718749997 0.7553124999999999 0.46791666718749997 0.7553124999999999 0.40812499999999996 0.634375 0.40812499999999996
1 0.7721875 0.2647916671875 0.7721875 0.33645833281250004 0.9614062499999999 0.33645833281250004 0.9614062499999999 0.2647916671875 0.7721875 0.2647916671875
1 0.76328125 0.2945833328125 0.76328125 0.3722916671875 0.9771875 0.3722916671875 0.9771875 0.2945833328125 0.76328125 0.2945833328125
1 0.77 0.3320833328125 0.77 0.40374999999999994 0.9760937500000001 0.40374999999999994 0.9760937500000001 0.3320833328125 0.77 0.3320833328125
1 0.7732812499999999 0.361875 0.7732812499999999 0.438125 0.9737500000000001 0.438125 0.9737500000000001 0.361875 0.7732812499999999 0.361875
1 0.77109375 0.38875000000000004 0.77109375 0.46791666718749997 0.9715624999999999 0.46791666718749997 0.9715624999999999 0.38875000000000004 0.77109375 0.38875000000000004
1 0.7665625 0.42895833281250006 0.7665625 0.4947916671875 0.9715624999999999 0.4947916671875 0.9715624999999999 0.42895833281250006 0.7665625 0.42895833281250006
1 0.764375 0.4560416671875 0.764375 0.5349999999999999 0.96484375 0.5349999999999999 0.96484375 0.4560416671875 0.764375 0.4560416671875