1 0.6443229171875 0.9078703703125001 0.6443229171875 0.6697222218750001 0.4119270828125 0.6697222218750001 0.4119270828125 0.9078703703125001 0.6443229171875 0.9078703703125001
1 0.7301562500000001 0.7578703703125 0.7301562500000001 0.6381481484375 0.6420833328125 0.6381481484375 0.6420833328125 0.7578703703125 0.7301562500000001 0.7578703703125
1 0.9029166671875 0.9998148140625001 0.9029166671875 0.7781481484375 0.7334375 0.7781481484375 0.7334375 0.9998148140625001 0.9029166671875 0.9998148140625001
1 0.5719791671875 0.48444444375 0.5719791671875 0.440277778125 0.49916666718749997 0.440277778125 0.49916666718749997 0.48444444375 0.5719791671875 0.48444444375
1 0.5453125 0.5191666671874999 0.5453125 0.475 0.49203125 0.475 0.49203125 0.5191666671874999 0.5453125 0.5191666671874999
1 0.5018229171875 0.5018518515625 0.5018229171875 0.4624074078125 0.4644791671875 0.4624074078125 0.4644791671875 0.5018518515625 0.5018229171875 0.5018518515625
1 0.4396354171875 0.4228703703125 0.4396354171875 0.380277778125 0.3366145828125 0.380277778125 0.3366145828125 0.4228703703125 0.4396354171875 0.4228703703125
1 0.43875000000000003 0.468703703125 0.43875000000000003 0.42444444375 0.33218749999999997 0.42444444375 0.33218749999999997 0.468703703125 0.43875000000000003 0.468703703125
1 0.09859375000000001 0.1465740734375 0.09859375000000001 0.0834259265625 0.014218749999999999 0.0834259265625 0.014218749999999999 0.1465740734375 0.09859375000000001 0.1465740734375
1 0.01953125 0.108703703125 0.01953125 0.0391666671875 0.0026562499999999998 0.0391666671875 0.0026562499999999998 0.108703703125 0.01953125 0.108703703125
1 0.1403645828125 0.17648148125000002 0.1403645828125 0.1413888890625 0.0904166671875 0.1413888890625 0.0904166671875 0.17648148125000002 0.1403645828125 0.17648148125000002
1 0.1360416671875 0.13148148125 0.1360416671875 0.0898148140625 0.0842708328125 0.0898148140625 0.0842708328125 0.13148148125 0.1360416671875 0.13148148125
1 0.1650520828125 0.140277778125 0.1650520828125 0.111759259375 0.1354166671875 0.111759259375 0.1354166671875 0.140277778125 0.1650520828125 0.140277778125
1 0.15765625 0.18851851875 0.15765625 0.162222221875 0.13359375 0.162222221875 0.13359375 0.18851851875 0.15765625 0.18851851875
1 0.5289583328125 0.0049074078124999995 0.5289583328125 0.07444444375 0.5979687499999999 0.07444444375 0.5979687499999999 0.0049074078124999995 0.5289583328125 0.0049074078124999995
1 0.5419791671875 0.1753703703125 0.5419791671875 0.1233333328125 0.47625 0.1233333328125 0.47625 0.1753703703125 0.5419791671875 0.1753703703125
1 0.48072916718750003 0.18490740781249998 0.48072916718750003 0.14851851875 0.4620833328125 0.14851851875 0.4620833328125 0.18490740781249998 0.48072916718750003 0.18490740781249998
1 0.5153645828125 0.2416666671875 0.5153645828125 0.2006481484375 0.47807291718749995 0.2006481484375 0.47807291718749995 0.2416666671875 0.5153645828125 0.2416666671875
1 0.48604166718749997 0.24962962968750002 0.48604166718749997 0.2053703703125 0.4620833328125 0.2053703703125 0.4620833328125 0.24962962968750002 0.48604166718749997 0.24962962968750002
1 0.46755208281250005 0.1996296296875 0.46755208281250005 0.152222221875 0.44609375 0.152222221875 0.44609375 0.1996296296875 0.46755208281250005 0.1996296296875
1 0.44682291718749995 0.20750000000000002 0.44682291718749995 0.1759259265625 0.43125 0.1759259265625 0.43125 0.20750000000000002 0.44682291718749995 0.20750000000000002
3 0.7649479171875 0.1828703703125 0.7649479171875 0.11314814843750001 0.64953125 0.11314814843750001 0.64953125 0.1828703703125 0.7649479171875 0.1828703703125
3 0.7671875 0.23157407343749997 0.7671875 0.1828703703125 0.64953125 0.1828703703125 0.64953125 0.23157407343749997 0.7671875 0.23157407343749997
3 0.7686458328125 0.2934259265625 0.7686458328125 0.2341666671875 0.6487499999999999 0.2341666671875 0.6487499999999999 0.2934259265625 0.7686458328125 0.2934259265625
3 0.7508854171875 0.3408333328125 0.7508854171875 0.2934259265625 0.6487499999999999 0.2934259265625 0.6487499999999999 0.3408333328125 0.7508854171875 0.3408333328125
3 0.0838020828125 0.3688888890625 0.0838020828125 0.272222221875 0.02515625 0.272222221875 0.02515625 0.3688888890625 0.0838020828125 0.3688888890625
3 0.10828125 0.3328703703125 0.10828125 0.3006481484375 0.0827083328125 0.3006481484375 0.0827083328125 0.3328703703125 0.10828125 0.3328703703125
3 0.10828125 0.3556481484375 0.10828125 0.3328703703125 0.0827083328125 0.3328703703125 0.0827083328125 0.3556481484375 0.10828125 0.3556481484375
3 0.12322916718750002 0.35944444375 0.12322916718750002 0.33101851875 0.10828125 0.33101851875 0.10828125 0.35944444375 0.12322916718750002 0.35944444375
3 0.10828125 0.4579629625 0.10828125 0.3991666671875 0.0475520828125 0.3991666671875 0.0475520828125 0.4579629625 0.10828125 0.4579629625
3 0.12322916718750002 0.42574074062499995 0.12322916718750002 0.3991666671875 0.10614583281250001 0.3991666671875 0.10614583281250001 0.42574074062499995 0.12322916718750002 0.42574074062499995
3 0.13494791718750002 0.44277777812499997 0.13494791718750002 0.423796296875 0.11468750000000001 0.423796296875 0.11468750000000001 0.44277777812499997 0.13494791718750002 0.44277777812499997
3 0.109375 0.4731481484375 0.109375 0.43898148125 0.09229166718750001 0.43898148125 0.09229166718750001 0.4731481484375 0.109375 0.4731481484375
3 0.09229166718750001 0.4768518515625 0.09229166718750001 0.4465740734375 0.053958332812499996 0.4465740734375 0.053958332812499996 0.4768518515625 0.09229166718750001 0.4768518515625
3 0.08057291718750001 0.5090740734375 0.08057291718750001 0.4674074078125 0.0507291671875 0.4674074078125 0.0507291671875 0.5090740734375 0.08057291718750001 0.5090740734375
3 0.048593750000000005 0.4503703703125 0.048593750000000005 0.4049074078125 0.020885417187499998 0.4049074078125 0.020885417187499998 0.4503703703125 0.048593750000000005 0.4503703703125
3 0 0.475 0.020885417187499998 0.475 0.020885417187499998 0.40870370312500004 0 0.40870370312500004 0 0.475
3 0.0230208328125 0.5128703703124999 0.0230208328125 0.45601851875 0.000625 0.45601851875 0.000625 0.5128703703124999 0.0230208328125 0.5128703703124999
3 0.021979167187500002 0.5526851859375 0.021979167187500002 0.4996296296875 0.0038541671875000003 0.4996296296875 0.0038541671875000003 0.5526851859375 0.021979167187500002 0.5526851859375
3 0.0496875 0.51101851875 0.0496875 0.4825925921875 0.0241145828125 0.4825925921875 0.0241145828125 0.51101851875 0.0496875 0.51101851875
3 0.020885417187499998 0.4503703703125 0.020885417187499998 0.4863888890625 0.053958332812499996 0.4863888890625 0.053958332812499996 0.4503703703125 0.020885417187499998 0.4503703703125
3 0.1615625 0.43898148125 0.1615625 0.3650925921875 0.11041666718750001 0.3650925921875 0.11041666718750001 0.43898148125 0.1615625 0.43898148125
3 0.1455729171875 0.281759259375 0.1455729171875 0.346203703125 0.16369791718749999 0.346203703125 0.16369791718749999 0.281759259375 0.1455729171875 0.281759259375
3 0.14880208281250001 0.3025925921875 0.14880208281250001 0.2836111109375 0.11468750000000001 0.2836111109375 0.11468750000000001 0.3025925921875 0.14880208281250001 0.3025925921875
3 0.1509375 0.3234259265625 0.1509375 0.3025925921875 0.1295833328125 0.3025925921875 0.1295833328125 0.3234259265625 0.1509375 0.3234259265625
3 0.25703125 0.3751851859375 0.25703125 0.34879629687499997 0.23630208281249998 0.34879629687499997 0.23630208281249998 0.3751851859375 0.25703125 0.3751851859375
3 0.46651041718749997 0.321203703125 0.46651041718749997 0.2949074078125 0.44947916718750003 0.2949074078125 0.44947916718750003 0.321203703125 0.46651041718749997 0.321203703125
3 0.46651041718749997 0.342222221875 0.46651041718749997 0.321203703125 0.4524479171875 0.321203703125 0.4524479171875 0.342222221875 0.46651041718749997 0.342222221875
3 0.4605729171875 0.4225 0.4605729171875 0.36064814843750004 0.44723958281250004 0.36064814843750004 0.44723958281250004 0.4225 0.4605729171875 0.4225
3 0.4686979171875 0.43305555625 0.4686979171875 0.40546296249999997 0.45536458281250003 0.40546296249999997 0.45536458281250003 0.43305555625 0.4686979171875 0.43305555625
3 0.025468750000000002 0.3924074078125 0.025468750000000002 0.3525925921875 0.0030729171875 0.3525925921875 0.0030729171875 0.3924074078125 0.025468750000000002 0.3924074078125