1 0.55234375 0.446875 0.55234375 0.42270833281250003 0.4765625 0.42270833281250003 0.4765625 0.446875 0.55234375 0.446875
2 0.50234375 0.5045833328125 0.50234375 0.185 0.41890625000000004 0.185 0.41890625000000004 0.5045833328125 0.50234375 0.5045833328125
1 0.826875 0.4479166671875 0.826875 0.2658333328125 0.7115625 0.2658333328125 0.7115625 0.4479166671875 0.826875 0.4479166671875
1 0.79359375 0.2679166671875 0.79359375 0.22854166718750002 0.6676562500000001 0.22854166718750002 0.6676562500000001 0.2679166671875 0.79359375 0.2679166671875
1 0.72078125 0.446875 0.72078125 0.4064583328125 0.66609375 0.4064583328125 0.66609375 0.446875 0.72078125 0.446875
1 0.5706249999999999 0.3497916671875 0.5706249999999999 0.2504166671875 0.54453125 0.2504166671875 0.54453125 0.3497916671875 0.5706249999999999 0.3497916671875
1 0.5725 0.43104166718750003 0.5725 0.3445833328125 0.5454687500000001 0.3445833328125 0.5454687500000001 0.43104166718750003 0.5725 0.43104166718750003
1 1 0.38708333281249996 0.94890625 0.38708333281249996 0.94890625 0.45041666718749995 1 0.45041666718749995 1 0.38708333281249996
1 1 0.4360416671875 0.9440625 0.4360416671875 0.9440625 0.5058333328125 1 0.5058333328125 1 0.4360416671875
1 1 0.4839583328125 0.93921875 0.4839583328125 0.93921875 0.5664583328125 1 0.5664583328125 1 0.4839583328125
1 0.95375 0.4516666671875 0.95375 0.41541666718750003 0.83765625 0.41541666718750003 0.83765625 0.4516666671875 0.95375 0.4516666671875
4 0.675 0.303125 0.675 0.17250000000000001 0.5634375 0.17250000000000001 0.5634375 0.303125 0.675 0.303125
4 0.66921875 0.43916666718749997 0.66921875 0.3045833328125 0.56640625 0.3045833328125 0.56640625 0.43916666718749997 0.66921875 0.43916666718749997
4 0.1509375 0.0070833328125 0.1509375 0.2416666671875 0.43171875000000004 0.2416666671875 0.43171875000000004 0.0070833328125 0.1509375 0.0070833328125
4 0.15671875 0.246875 0.15671875 0.5185416671875 0.43265624999999996 0.5185416671875 0.43265624999999996 0.246875 0.15671875 0.246875
4 0.0028125 0.2147916671875 0.0028125 0.3827083328125 0.10765625000000001 0.3827083328125 0.10765625000000001 0.2147916671875 0.0028125 0.2147916671875
4 0.0028125 0.055833332812500004 0.0028125 0.2327083328125 0.09609375 0.2327083328125 0.09609375 0.055833332812500004 0.0028125 0.055833332812500004
4 0.0009375 0.0045833328125 0.0009375 0.0891666671875 0.08562499999999999 0.0891666671875 0.08562499999999999 0.0045833328125 0.0009375 0.0045833328125
4 0.10765625000000001 0.5583333328125 0.10765625000000001 0.3864583328125 0.02890625 0.3864583328125 0.02890625 0.5583333328125 0.10765625000000001 0.5583333328125
4 0.031718750000000004 0.5635416671875 0.031718750000000004 0.3852083328125 0.0009375 0.3852083328125 0.0009375 0.5635416671875 0.031718750000000004 0.5635416671875
4 0.09031249999999999 0.38145833281249997 0.09031249999999999 0.5081249999999999 0.15718749999999998 0.5081249999999999 0.15718749999999998 0.38145833281249997 0.09031249999999999 0.38145833281249997
4 0.09140625 0.25875 0.09140625 0.3797916671875 0.15953124999999999 0.3797916671875 0.15953124999999999 0.25875 0.09140625 0.25875
4 0.08171874999999999 0.1660416671875 0.08171874999999999 0.253125 0.15671875 0.253125 0.15671875 0.1660416671875 0.08171874999999999 0.1660416671875
4 0.06828125 0.060833332812499995 0.06828125 0.16354166718750002 0.1509375 0.16354166718750002 0.1509375 0.060833332812499995 0.06828125 0.060833332812499995
4 0.076875 0.003125 0.076875 0.0620833328125 0.15578125 0.0620833328125 0.15578125 0.003125 0.076875 0.003125