1 0.24562499999999998 0 0.24562499999999998 0.15625 0.5215625 0.15625 0.5215625 0 0.24562499999999998 0
1 0.0010937499999999999 0.0045833328125 0.0010937499999999999 0.08791666718749999 0.22140624999999997 0.08791666718749999 0.22140624999999997 0.0045833328125 0.0010937499999999999 0.0045833328125
1 0.53578125 0 0.53578125 0.110625 0.6975 0.110625 0.6975 0 0.53578125 0
1 0.7003125 0.23958333281250002 0.7003125 0.10500000000000001 0.5396875 0.10500000000000001 0.5396875 0.23958333281250002 0.7003125 0.23958333281250002
1 0.7840625 0.28312499999999996 0.7840625 0.1864583328125 0.7003125 0.1864583328125 0.7003125 0.28312499999999996 0.7840625 0.28312499999999996
1 0.78703125 0.1864583328125 0.78703125 0.10874999999999999 0.69453125 0.10874999999999999 0.69453125 0.1864583328125 0.78703125 0.1864583328125
1 0.69921875 0 0.69921875 0.110625 0.7826562499999999 0.110625 0.7826562499999999 0 0.69921875 0
1 0.8353125 0.16375 0.8353125 0.0652083328125 0.78125 0.0652083328125 0.78125 0.16375 0.8353125 0.16375
1 0.8453125 0.2225 0.8453125 0.1429166671875 0.775625 0.1429166671875 0.775625 0.2225 0.8453125 0.2225
1 0.8353125 0.3077083328125 0.8353125 0.224375 0.7728125 0.224375 0.7728125 0.3077083328125 0.8353125 0.3077083328125
1 0.8829687500000001 0.3295833328125 0.8829687500000001 0.2660416671875 0.8370312500000001 0.2660416671875 0.8370312500000001 0.3295833328125 0.8829687500000001 0.3295833328125
1 0.9060937499999999 0.3427083328125 0.9060937499999999 0.286875 0.8821875 0.286875 0.8821875 0.3427083328125 0.9060937499999999 0.3427083328125
1 0.91765625 0.42270833281250003 0.91765625 0.3877083328125 0.784375 0.3877083328125 0.784375 0.42270833281250003 0.91765625 0.42270833281250003
1 0.89625 0.5685416671875 0.89625 0.5225 0.72921875 0.5225 0.72921875 0.5685416671875 0.89625 0.5685416671875
1 0.91765625 0.46666666718750005 0.91765625 0.43916666718749997 0.7909375 0.43916666718749997 0.7909375 0.46666666718750005 0.91765625 0.46666666718750005
1 0.9109375 0.545625 0.9109375 0.5170833328125 0.8871874999999999 0.5170833328125 0.8871874999999999 0.545625 0.9109375 0.545625
1 0.9184374999999999 0.3427083328125 0.9184374999999999 0.32083333281250004 0.8970312500000001 0.32083333281250004 0.8970312500000001 0.3427083328125 0.9184374999999999 0.3427083328125
1 0.92421875 0.29874999999999996 0.92421875 0.26375000000000004 0.90203125 0.26375000000000004 0.90203125 0.29874999999999996 0.92421875 0.29874999999999996
1 0.78015625 0 0.78015625 0.060833332812499995 0.83046875 0.060833332812499995 0.83046875 0 0.78015625 0
1 0.8646874999999999 0.1289583328125 0.8646874999999999 0.0279166671875 0.8256249999999999 0.0279166671875 0.8256249999999999 0.1289583328125 0.8646874999999999 0.1289583328125
1 0.88609375 0.14395833281249998 0.88609375 0.0827083328125 0.86296875 0.0827083328125 0.86296875 0.14395833281249998 0.88609375 0.14395833281249998
1 0.8340624999999999 0.0033333328125 0.8340624999999999 0.0441666671875 0.88015625 0.0441666671875 0.88015625 0.0033333328125 0.8340624999999999 0.0033333328125
1 0.9059375 0.1777083328125 0.9059375 0.1166666671875 0.87625 0.1166666671875 0.87625 0.1777083328125 0.9059375 0.1777083328125
1 0.9542187500000001 0.5193749999999999 0.9542187500000001 0.4891666671875 0.92546875 0.4891666671875 0.92546875 0.5193749999999999 0.9542187500000001 0.5193749999999999
1 0.21484375 0.43 0.21484375 0.3022916671875 0.00125 0.3022916671875 0.00125 0.43 0.21484375 0.43
2 0.2346875 0.9929166671875 0.2346875 0.096875 0.00390625 0.096875 0.00390625 0.9929166671875 0.2346875 0.9929166671875
4 0 0.9802083328125001 0.26921875 0.9802083328125001 0.26921875 0.3570833328125 0 0.3570833328125 0 0.9802083328125001
3 0.9996875 0.351875 0.9996875 0.3366666671875 0.98203125 0.3366666671875 0.98203125 0.351875 0.9996875 0.351875
3 0.98015625 0.46666666718750005 0.98015625 0.478125 0.99921875 0.478125 0.99921875 0.46666666718750005 0.98015625 0.46666666718750005
3 0.98203125 0.45729166718750003 0.98203125 0.46666666718750005 0.99921875 0.46666666718750005 0.99921875 0.45729166718750003 0.98203125 0.45729166718750003
3 0.98203125 0.44895833281249997 0.98203125 0.45729166718750003 0.99921875 0.45729166718750003 0.99921875 0.44895833281249997 0.98203125 0.44895833281249997
3 0.98015625 0.43624999999999997 0.98015625 0.44895833281249997 0.99921875 0.44895833281249997 0.99921875 0.43624999999999997 0.98015625 0.43624999999999997
3 0.98015625 0.42604166718750003 0.98015625 0.43624999999999997 0.9996875 0.43624999999999997 0.9996875 0.42604166718750003 0.98015625 0.42604166718750003
3 0.9859375 0.4172916671875 0.9859375 0.42604166718750003 0.9996875 0.42604166718750003 0.9996875 0.4172916671875 0.9859375 0.4172916671875
3 0.9859375 0.40458333281250003 0.9859375 0.4172916671875 0.99875 0.4172916671875 0.99875 0.40458333281250003 0.9859375 0.40458333281250003
3 0.985 0.395 0.985 0.40458333281250003 0.99875 0.40458333281250003 0.99875 0.395 0.985 0.395
3 0.985 0.38229166718749996 0.985 0.395 0.996875 0.395 0.996875 0.38229166718749996 0.985 0.38229166718749996
3 0.9839062500000001 0.3779166671875 0.9839062500000001 0.38229166718749996 0.996875 0.38229166718749996 0.996875 0.3779166671875 0.9839062500000001 0.3779166671875
3 0.9839062500000001 0.36770833281250004 0.9839062500000001 0.3779166671875 0.99921875 0.3779166671875 0.99921875 0.36770833281250004 0.9839062500000001 0.36770833281250004
3 0.9834375 0.351875 0.9834375 0.36770833281250004 0.99921875 0.36770833281250004 0.99921875 0.351875 0.9834375 0.351875