1 0.5121875 0 0.5121875 0.104375 0.67453125 0.104375 0.67453125 0 0.5121875 0
1 0.6754687500000001 0.348125 0.6754687500000001 0.20208333281250002 0.213125 0.20208333281250002 0.213125 0.348125 0.6754687500000001 0.348125
1 0.8456250000000001 0.378125 0.8456250000000001 0.28958333281250004 0.6725 0.28958333281250004 0.6725 0.378125 0.8456250000000001 0.378125
1 0.8240624999999999 0.20354166718750002 0.8240624999999999 0.057499999999999996 0.66671875 0.057499999999999996 0.66671875 0.20354166718750002 0.8240624999999999 0.20354166718750002
1 0.930625 0.15125 0.930625 0.026250000000000002 0.81328125 0.026250000000000002 0.81328125 0.15125 0.930625 0.15125
1 0.91890625 0.2608333328125 0.91890625 0.1552083328125 0.8201562499999999 0.1552083328125 0.8201562499999999 0.2608333328125 0.91890625 0.2608333328125
1 1 0.13187500000000002 0.9315625000000001 0.13187500000000002 0.9315625000000001 0.2060416671875 1 0.2060416671875 1 0.13187500000000002
1 1 0.23479166718750002 0.9375 0.23479166718750002 0.9375 0.319375 1 0.319375 1 0.23479166718750002
2 0.69609375 0.2058333328125 0.69609375 0.8391666671875001 0.9701562499999999 0.8391666671875001 0.9701562499999999 0.2058333328125 0.69609375 0.2058333328125
4 0.1625 0.2852083328125 0.1625 0.8545833328124999 0.69140625 0.8545833328124999 0.69140625 0.2852083328125 0.1625 0.2852083328125
4 0.8721875000000001 0.8135416671875 0.8721875000000001 0.3404166671875 0.6481250000000001 0.3404166671875 0.6481250000000001 0.8135416671875 0.8721875000000001 0.8135416671875