1 0.8875520828125 0.005277778125 0.8875520828125 0.10898148125 0.9947395828125 0.10898148125 0.9947395828125 0.005277778125 0.8875520828125 0.005277778125
1 0.8922916671875001 0.1121296296875 0.8922916671875001 0.2079629625 0.9998437499999999 0.2079629625 0.9998437499999999 0.1121296296875 0.8922916671875001 0.1121296296875
1 0.9985937500000001 0.32999999999999996 0.9985937500000001 0.240740740625 0.8949999999999999 0.240740740625 0.8949999999999999 0.32999999999999996 0.9985937500000001 0.32999999999999996
1 0.8900520828125 0.3475925921875 0.8900520828125 0.28314814843749997 0.8169791671875 0.28314814843749997 0.8169791671875 0.3475925921875 0.8900520828125 0.3475925921875
1 0.8944791671875001 0.258703703125 0.8944791671875001 0.162222221875 0.8099999999999999 0.162222221875 0.8099999999999999 0.258703703125 0.8944791671875001 0.258703703125
1 0.8233854171875 0.2281481484375 0.8233854171875 0.141759259375 0.7530208328125 0.141759259375 0.7530208328125 0.2281481484375 0.8233854171875 0.2281481484375
1 0.8082291671874999 0.29 0.8082291671874999 0.2304629625 0.7543229171875 0.2304629625 0.7543229171875 0.29 0.8082291671874999 0.29
1 0.8098958328125001 0.3690740734375 0.8098958328125001 0.322222221875 0.7555729171875 0.322222221875 0.7555729171875 0.3690740734375 0.8098958328125001 0.3690740734375
1 0.7566145828125 0.38074074062499996 0.7566145828125 0.34185185156250003 0.72359375 0.34185185156250003 0.72359375 0.38074074062499996 0.7566145828125 0.38074074062499996
1 0.7184895828125 0.3940740734375 0.7184895828125 0.36 0.6903645828125 0.36 0.6903645828125 0.3940740734375 0.7184895828125 0.3940740734375
1 0.8156770828125 0.48962962968749996 0.8156770828125 0.45999999999999996 0.7197916671875 0.45999999999999996 0.7197916671875 0.48962962968749996 0.8156770828125 0.48962962968749996
1 0.7210416671875 0.48509259218749995 0.7210416671875 0.4509259265625 0.6878124999999999 0.4509259265625 0.6878124999999999 0.48509259218749995 0.7210416671875 0.48509259218749995
1 0.745625 0.27138888906249997 0.745625 0.22453703749999998 0.6929166671875 0.22453703749999998 0.6929166671875 0.27138888906249997 0.745625 0.27138888906249997
1 0.7619791671875 0.3326851859375 0.7619791671875 0.262222221875 0.7248958328125 0.262222221875 0.7248958328125 0.3326851859375 0.7619791671875 0.3326851859375
1 0.72359375 0.34407407343749996 0.72359375 0.3009259265625 0.6929166671875 0.3009259265625 0.6929166671875 0.34407407343749996 0.72359375 0.34407407343749996
1 0.6852604171875 0.11444444375 0.6852604171875 0.1781481484375 0.7184895828125 0.1781481484375 0.7184895828125 0.11444444375 0.6852604171875 0.11444444375
1 0.7146874999999999 0.0599074078125 0.7146874999999999 0.12805555625 0.7530208328125 0.12805555625 0.7530208328125 0.0599074078125 0.7146874999999999 0.0599074078125
1 0.73640625 0.12129629687500001 0.73640625 0.03944444375 0.69421875 0.03944444375 0.69421875 0.12129629687500001 0.73640625 0.12129629687500001
1 0.6849999999999999 0.31 0.6849999999999999 0.26574074062499997 0.6459374999999999 0.26574074062499997 0.6459374999999999 0.31 0.6849999999999999 0.31
1 0.6485937500000001 0.314722221875 0.6485937500000001 0.28472222187499996 0.6263541671875 0.28472222187499996 0.6263541671875 0.314722221875 0.6485937500000001 0.314722221875
1 0.6885416671875 0.355740740625 0.6885416671875 0.3131481484375 0.6494791671875 0.3131481484375 0.6494791671875 0.355740740625 0.6885416671875 0.355740740625
1 0.6903125 0.3873148140625 0.6903125 0.34944444375 0.6574479171875 0.34944444375 0.6574479171875 0.3873148140625 0.6903125 0.3873148140625
1 0.6556770828125 0.395277778125 0.6556770828125 0.3684259265625 0.6485937500000001 0.3684259265625 0.6485937500000001 0.395277778125 0.6556770828125 0.395277778125
1 0.6485937500000001 0.4015740734375 0.6485937500000001 0.37157407343750004 0.6361458328125 0.37157407343750004 0.6361458328125 0.4015740734375 0.6485937500000001 0.4015740734375
1 0.6326041671875 0.40944444375 0.6326041671875 0.37944444375 0.6210416671875 0.37944444375 0.6210416671875 0.40944444375 0.6326041671875 0.40944444375
1 0.6494791671875 0.355740740625 0.6494791671875 0.3304629625 0.6370312499999999 0.3304629625 0.6370312499999999 0.355740740625 0.6494791671875 0.355740740625
1 0.6361458328125 0.365277778125 0.6361458328125 0.33685185156249997 0.6245833328125 0.33685185156249997 0.6245833328125 0.365277778125 0.6361458328125 0.365277778125
1 0.6853645828125 0.52 0.6853645828125 0.49712962968749996 0.6308333328125 0.49712962968749996 0.6308333328125 0.52 0.6853645828125 0.52
1 0.63171875 0.5121296296875 0.63171875 0.48842592656250006 0.6192708328125 0.48842592656250006 0.6192708328125 0.5121296296875 0.63171875 0.5121296296875
1 0.6947916671875001 0.5630555562499999 0.6947916671875001 0.5341666671875 0.635 0.5341666671875 0.635 0.5630555562499999 0.6947916671875001 0.5630555562499999
1 0.24625 0.5957407406249999 0.24625 0.5088888890625001 0.1965104171875 0.5088888890625001 0.1965104171875 0.5957407406249999 0.24625 0.5957407406249999
1 0.11796875 0.59055555625 0.11796875 0.50101851875 0.0029166671875000003 0.50101851875 0.0029166671875000003 0.59055555625 0.11796875 0.59055555625
1 0.1203645828125 0.7290740734375001 0.1203645828125 0.624259259375 0.0252083328125 0.624259259375 0.0252083328125 0.7290740734375001 0.1203645828125 0.7290740734375001
1 0.0108854171875 0.7678703703124999 0.0108854171875 0.685740740625 0.0038020828125000005 0.685740740625 0.0038020828125000005 0.7678703703124999 0.0108854171875 0.7678703703124999
1 0.128125 0.8704629625000001 0.128125 0.74101851875 0.0251041671875 0.74101851875 0.0251041671875 0.8704629625000001 0.128125 0.8704629625000001
1 0.19473958281249998 0.6904629625 0.19473958281249998 0.5988888890624999 0.11921875 0.5988888890624999 0.11921875 0.6904629625 0.19473958281249998 0.6904629625
1 0.1965104171875 0.7931481484375 0.1965104171875 0.6873148140625001 0.1245833328125 0.6873148140625001 0.1245833328125 0.7931481484375 0.1965104171875 0.7931481484375
1 0.2484895828125 0.71148148125 0.2484895828125 0.64 0.1903125 0.64 0.1903125 0.71148148125 0.2484895828125 0.71148148125
1 0.27999999999999997 0.676296296875 0.27999999999999997 0.61944444375 0.24093749999999997 0.61944444375 0.24093749999999997 0.676296296875 0.27999999999999997 0.676296296875
1 0.31197916718749996 0.6478703703125 0.31197916718749996 0.6004629625 0.2755729171875 0.6004629625 0.2755729171875 0.6478703703125 0.31197916718749996 0.6478703703125
1 0.3057291671875 0.556296296875 0.3057291671875 0.5025925921875001 0.24625 0.5025925921875001 0.24625 0.556296296875 0.3057291671875 0.556296296875
1 0.42859375 0.5923148140625 0.42859375 0.5531481484375 0.33947916718750004 0.5531481484375 0.33947916718750004 0.5923148140625 0.42859375 0.5923148140625
1 0.42859375 0.6436111109375 0.42859375 0.6004629625 0.34484375 0.6004629625 0.34484375 0.6436111109375 0.42859375 0.6436111109375
1 0.12010416718750001 0.3318518515625 0.12010416718750001 0.23731481406250002 0.0230729171875 0.23731481406250002 0.0230729171875 0.3318518515625 0.12010416718750001 0.3318518515625
1 0.027760417187500004 0.3068518515625 0.027760417187500004 0.21685185156250003 0.00020833281250000002 0.21685185156250003 0.00020833281250000002 0.3068518515625 0.027760417187500004 0.3068518515625
1 0.00020833281250000002 0.06527777812499999 0.00020833281250000002 0.16 0.03484375 0.16 0.03484375 0.06527777812499999 0.00020833281250000002 0.06527777812499999
1 0.1840625 0.2531481484375 0.1840625 0.1788888890625 0.10140625 0.1788888890625 0.10140625 0.2531481484375 0.1840625 0.2531481484375
1 0.1849479171875 0.3588888890625 0.1849479171875 0.28787037031249996 0.11656249999999999 0.28787037031249996 0.11656249999999999 0.3588888890625 0.1849479171875 0.3588888890625
1 0.24625 0.37944444375 0.24625 0.3288888890625 0.1840625 0.3288888890625 0.1840625 0.37944444375 0.24625 0.37944444375
1 0.30484374999999997 0.3984259265625 0.30484374999999997 0.3573148140625 0.27734375 0.3573148140625 0.27734375 0.3984259265625 0.30484374999999997 0.3984259265625
1 0.017812500000000002 0.0009259265625 0.017812500000000002 0.04148148125 0.1868229171875 0.04148148125 0.1868229171875 0.0009259265625 0.017812500000000002 0.0009259265625
1 0.0856770828125 0.0195370375 0.0856770828125 0.12694444375 0.24109375000000002 0.12694444375 0.24109375000000002 0.0195370375 0.0856770828125 0.0195370375
1 0.2071354171875 0.0918518515625 0.2071354171875 0.1653703703125 0.2682291671875 0.1653703703125 0.2682291671875 0.0918518515625 0.2071354171875 0.0918518515625
1 0.2348958328125 0.010740740625 0.2348958328125 0.073240740625 0.2688541671875 0.073240740625 0.2688541671875 0.010740740625 0.2348958328125 0.010740740625
1 0.2984375 0.19601851875 0.2984375 0.1203703703125 0.2614583328125 0.1203703703125 0.2614583328125 0.19601851875 0.2984375 0.19601851875
1 0.2608333328125 0.056759259375 0.2608333328125 0.11824074062500001 0.29348958281250004 0.11824074062500001 0.29348958281250004 0.056759259375 0.2608333328125 0.056759259375
2 0.7459374999999999 0.689259259375 0.7459374999999999 0.425 0.6753125 0.425 0.6753125 0.689259259375 0.7459374999999999 0.689259259375
4 0.9060416671875 0.691759259375 0.9060416671875 0.47101851874999995 0.7077083328125 0.47101851874999995 0.7077083328125 0.691759259375 0.9060416671875 0.691759259375
4 0.7136979171875 0.6338888890625001 0.7136979171875 0.4683333328125 0.6911979171875 0.4683333328125 0.6911979171875 0.6338888890625001 0.7136979171875 0.6338888890625001
4 0.18453124999999998 0.15527777812500002 0.18453124999999998 0.393796296875 0.28578125 0.393796296875 0.28578125 0.15527777812500002 0.18453124999999998 0.15527777812500002
4 0.65890625 0.0045370375 0.65890625 0.1801851859375 0.6971354171875 0.1801851859375 0.6971354171875 0.0045370375 0.65890625 0.0045370375
4 0.6603645828125 0.203240740625 0.6603645828125 0.03148148125 0.6416145828125 0.03148148125 0.6416145828125 0.203240740625 0.6603645828125 0.203240740625
4 0.7497916671875 0.0019444437500000002 0.7497916671875 0.082777778125 0.8139583328125 0.082777778125 0.8139583328125 0.0019444437500000002 0.7497916671875 0.0019444437500000002