1 0.5663541671875 0.005740740625 0.5663541671875 0.1326851859375 0.6875 0.1326851859375 0.6875 0.005740740625 0.5663541671875 0.005740740625
1 0.5144270828125 0.25194444374999997 0.5144270828125 0.1596296296875 0.4488020828125 0.1596296296875 0.4488020828125 0.25194444374999997 0.5144270828125 0.25194444374999997
1 0.4488020828125 0.287777778125 0.4488020828125 0.2070370375 0.42140625 0.2070370375 0.42140625 0.287777778125 0.4488020828125 0.287777778125
1 0.4141666671875 0.314722221875 0.4141666671875 0.24037037031250003 0.3990625 0.24037037031250003 0.3990625 0.314722221875 0.4141666671875 0.314722221875
1 0.3954166671875 0.32370370312499996 0.3954166671875 0.253240740625 0.3773958328125 0.253240740625 0.3773958328125 0.32370370312499996 0.3954166671875 0.32370370312499996
1 0.37453125 0.3403703703125 0.37453125 0.2903703703125 0.35432291718750003 0.2903703703125 0.35432291718750003 0.3403703703125 0.37453125 0.3403703703125
1 0.0023958328125 0.2890740734375 0.0023958328125 0.31990740781250004 0.0096354171875 0.31990740781250004 0.0096354171875 0.2890740734375 0.0023958328125 0.2890740734375
1 0.0053124999999999995 0.3006481484375 0.0053124999999999995 0.3390740734375 0.0341145828125 0.3390740734375 0.0341145828125 0.3006481484375 0.0053124999999999995 0.3006481484375
1 0.0471354171875 0.3570370375 0.0471354171875 0.3173148140625 0.033437499999999995 0.3173148140625 0.033437499999999995 0.3570370375 0.0471354171875 0.3570370375
1 0.04828125 0.3081481484375 0.04828125 0.35 0.0713020828125 0.35 0.0713020828125 0.3081481484375 0.04828125 0.3081481484375
1 0.0688020828125 0.32777777812500003 0.0688020828125 0.3588888890625 0.0888541671875 0.3588888890625 0.0888541671875 0.32777777812500003 0.0688020828125 0.32777777812500003
1 0.4028125 0.1174074078125 0.4028125 0.0395370375 0.37234375000000003 0.0395370375 0.37234375000000003 0.1174074078125 0.4028125 0.1174074078125
1 0.37447916718749996 0.1449074078125 0.37447916718749996 0.09148148125 0.35984375 0.09148148125 0.35984375 0.1449074078125 0.37447916718749996 0.1449074078125
1 0.3602604171875 0.185 0.3602604171875 0.1218518515625 0.3444270828125 0.1218518515625 0.3444270828125 0.185 0.3602604171875 0.185
3 0.8522916671875 0.6289814812500001 0.8522916671875 0.5025925921875001 0.70484375 0.5025925921875001 0.70484375 0.6289814812500001 0.8522916671875 0.6289814812500001
3 0.8940625000000001 0.6541666671875 0.8940625000000001 0.543703703125 0.78125 0.543703703125 0.78125 0.6541666671875 0.8940625000000001 0.6541666671875
3 0.9958854171875 0.6983333328125 0.9958854171875 0.5341666671875 0.8958333328125001 0.5341666671875 0.8958333328125001 0.6983333328125 0.9958854171875 0.6983333328125
3 0.9836979171875001 0.99648148125 0.9836979171875001 0.7179629624999999 0.7614583328125 0.7179629624999999 0.7614583328125 0.99648148125 0.9836979171875001 0.99648148125
3 0.7705208328125 0.7729629625000001 0.7705208328125 0.66305555625 0.68953125 0.66305555625 0.68953125 0.7729629625000001 0.7705208328125 0.7729629625000001
3 0.7715625 0.8600925921875 0.7715625 0.7483333328125 0.68953125 0.7483333328125 0.68953125 0.8600925921875 0.7715625 0.8600925921875
3 0.7747916671875 0.9453703703125 0.7747916671875 0.8240740734375 0.6916666671875 0.8240740734375 0.6916666671875 0.9453703703125 0.7747916671875 0.9453703703125
3 0.7086979171875 0.7425925921875 0.7086979171875 0.640277778125 0.6383854171875 0.640277778125 0.6383854171875 0.7425925921875 0.7086979171875 0.7425925921875
3 0.7086979171875 0.8222222218749999 0.7086979171875 0.723703703125 0.6372916671875 0.723703703125 0.6372916671875 0.8222222218749999 0.7086979171875 0.8222222218749999
3 0.7022916671874999 0.8999074078125 0.7022916671874999 0.7918518515625 0.6436979171874999 0.7918518515625 0.6436979171874999 0.8999074078125 0.7022916671874999 0.8999074078125
3 0.6575520828125 0.8525 0.6575520828125 0.721759259375 0.5840104171875 0.721759259375 0.5840104171875 0.8525 0.6575520828125 0.8525
3 0.6085416671874999 0.7918518515625 0.6085416671874999 0.695277778125 0.5498958328125 0.695277778125 0.5498958328125 0.7918518515625 0.6085416671874999 0.7918518515625
3 0.6170312499999999 0.7539814812500001 0.6170312499999999 0.6440740734375 0.51046875 0.6440740734375 0.51046875 0.7539814812500001 0.6170312499999999 0.7539814812500001
3 0.7939583328125 0.5190740734375 0.7939583328125 0.4281481484375 0.6106770828125 0.4281481484375 0.6106770828125 0.5190740734375 0.7939583328125 0.5190740734375
3 0.7086979171875 0.596759259375 0.7086979171875 0.5171296296875 0.6127604171875001 0.5171296296875 0.6127604171875001 0.596759259375 0.7086979171875 0.596759259375
3 0.6159895828125 0.59101851875 0.6159895828125 0.4925 0.5616145828125 0.4925 0.5616145828125 0.59101851875 0.6159895828125 0.59101851875
3 0.61171875 0.5020370375 0.61171875 0.443240740625 0.4891666671875 0.443240740625 0.4891666671875 0.5020370375 0.61171875 0.5020370375
3 0.5776041671875001 0.5645370375 0.5776041671875001 0.5038888890625 0.49020833281250004 0.5038888890625 0.49020833281250004 0.5645370375 0.5776041671875001 0.5645370375
3 0.5861458328125 0.5625925921875 0.5861458328125 0.4091666671875 0.4795833328125 0.4091666671875 0.4795833328125 0.5625925921875 0.5861458328125 0.5625925921875
3 0.4848958328125 0.49629629687500004 0.4848958328125 0.4451851859375 0.45609374999999996 0.4451851859375 0.45609374999999996 0.49629629687500004 0.4848958328125 0.49629629687500004
3 0.4859375 0.5399074078125 0.4859375 0.49444444374999996 0.45505208281250004 0.49444444374999996 0.45505208281250004 0.5399074078125 0.4859375 0.5399074078125
3 0.4571875 0.5247222218750001 0.4571875 0.4774074078125 0.42203125 0.4774074078125 0.42203125 0.5247222218750001 0.4571875 0.5247222218750001
3 0.4283854171875 0.5266666671875 0.4283854171875 0.4754629625 0.3932291671875 0.4754629625 0.3932291671875 0.5266666671875 0.4283854171875 0.5266666671875
3 0.47036458281250004 0.6425925921875 0.47036458281250004 0.5948148140625 0.40067708281250003 0.5948148140625 0.40067708281250003 0.6425925921875 0.47036458281250004 0.6425925921875
3 0.45609374999999996 0.6661111109375 0.45609374999999996 0.6083333328125 0.4339583328125 0.6083333328125 0.4339583328125 0.6661111109375 0.45609374999999996 0.6661111109375
3 0.46890625 0.676296296875 0.46890625 0.6251851859374999 0.45822916718749995 0.6251851859374999 0.45822916718749995 0.676296296875 0.46890625 0.676296296875
3 0.5317708328124999 0.6364814812499999 0.5317708328124999 0.5815740734375 0.46890625 0.5815740734375 0.46890625 0.6364814812499999 0.5317708328124999 0.6364814812499999
3 0.5136458328125 0.7123148140625 0.5136458328125 0.6478703703125 0.4763541671875 0.6478703703125 0.4763541671875 0.7123148140625 0.5136458328125 0.7123148140625
3 0.4891666671875 0.6895370375 0.4891666671875 0.632777778125 0.47104166718749996 0.632777778125 0.47104166718749996 0.6895370375 0.4891666671875 0.6895370375
3 0.050624999999999996 0.69944444375 0.050624999999999996 0.60148148125 0.0008854171875 0.60148148125 0.0008854171875 0.69944444375 0.050624999999999996 0.69944444375
3 0.49203125 0.1404629625 0.49203125 0.0804629625 0.4290104171875 0.0804629625 0.4290104171875 0.1404629625 0.49203125 0.1404629625
3 0.45562500000000006 0.19101851875 0.45562500000000006 0.1341666671875 0.43255208281249996 0.1341666671875 0.43255208281249996 0.19101851875 0.45562500000000006 0.19101851875
3 0.45119791718749996 0.225740740625 0.45119791718749996 0.18148148125000002 0.43255208281249996 0.18148148125000002 0.43255208281249996 0.225740740625 0.45119791718749996 0.225740740625
3 0.43609375000000006 0.2099074078125 0.43609375000000006 0.1578703703125 0.41302083281249996 0.1578703703125 0.41302083281249996 0.2099074078125 0.43609375000000006 0.2099074078125
3 0.43520833281250004 0.2541666671875 0.43520833281250004 0.2036111109375 0.41567708281250004 0.2036111109375 0.41567708281250004 0.2541666671875 0.43520833281250004 0.2541666671875
3 0.43078125 0.19101851875 0.43078125 0.13888888906250002 0.3916666671875 0.13888888906250002 0.3916666671875 0.19101851875 0.43078125 0.19101851875
3 0.41479166718749994 0.2178703703125 0.41479166718749994 0.18305555625 0.4032291671875 0.18305555625 0.4032291671875 0.2178703703125 0.41479166718749994 0.2178703703125
3 0.41656250000000006 0.2573148140625 0.41656250000000006 0.22101851875 0.4014583328125 0.22101851875 0.4014583328125 0.2573148140625 0.41656250000000006 0.2573148140625
3 0.38015625000000003 0.5825925921875 0.38015625000000003 0.5083333328124999 0.34375 0.5083333328124999 0.34375 0.5825925921875 0.38015625000000003 0.5825925921875
3 0.4041145828125 0.5825925921875 0.4041145828125 0.5478703703125001 0.36770833281250004 0.5478703703125001 0.36770833281250004 0.5825925921875 0.4041145828125 0.5825925921875
1 0.0780208328125 0.21601851875000003 0.0780208328125 0.25398148125 0.10244791718749999 0.25398148125 0.10244791718749999 0.21601851875000003 0.0780208328125 0.21601851875000003
1 0.0513541671875 0.17398148125 0.0513541671875 0.21601851875000003 0.0738541671875 0.21601851875000003 0.0738541671875 0.17398148125 0.0513541671875 0.17398148125