1 0.6392187500000001 0.0008333328124999999 0.6392187500000001 0.1295833328125 0.78125 0.1295833328125 0.78125 0.0008333328124999999 0.6392187500000001 0.0008333328124999999
1 0.75703125 0.09375 0.75703125 0.20729166718749997 0.8451562499999999 0.20729166718749997 0.8451562499999999 0.09375 0.75703125 0.09375
1 0.83671875 0.17520833281249998 0.83671875 0.27749999999999997 0.8934374999999999 0.27749999999999997 0.8934374999999999 0.17520833281249998 0.83671875 0.17520833281249998
1 0.8764062499999999 0.23958333281250002 0.8764062499999999 0.3154166671875 0.9232812499999999 0.3154166671875 0.9232812499999999 0.23958333281250002 0.8764062499999999 0.23958333281250002
1 0.91765625 0.28875 0.91765625 0.349375 0.94609375 0.349375 0.94609375 0.28875 0.91765625 0.28875
1 0.9028124999999999 0.0110416671875 0.9028124999999999 0.1097916671875 0.95140625 0.1097916671875 0.95140625 0.0110416671875 0.9028124999999999 0.0110416671875
1 0.9439062500000001 0.0966666671875 0.9439062500000001 0.1766666671875 0.9834375 0.1766666671875 0.9834375 0.0966666671875 0.9439062500000001 0.0966666671875
1 0.8760937500000001 0.6354166671875 0.8760937500000001 0.6829166671875 0.92453125 0.6829166671875 0.92453125 0.6354166671875 0.8760937500000001 0.6354166671875
1 0.9415625000000001 0.6314583328125 0.9415625000000001 0.6616666671875 0.9696875 0.6616666671875 0.9696875 0.6314583328125 0.9415625000000001 0.6314583328125
4 0.16640625 0.9724999999999999 0.16640625 0.003125 0.001875 0.003125 0.001875 0.9724999999999999 0.16640625 0.9724999999999999
4 0.4759375 0.9352083328124999 0.4759375 0.07125000000000001 0.0846875 0.07125000000000001 0.0846875 0.9352083328124999 0.4759375 0.9352083328124999
4 0.6615624999999999 0.8058333328125 0.6615624999999999 0.2685416671875 0.48359375 0.2685416671875 0.48359375 0.8058333328125 0.6615624999999999 0.8058333328125
4 0.7759375000000001 0.7685416671875 0.7759375000000001 0.3275 0.6442187500000001 0.3275 0.6442187500000001 0.7685416671875 0.7759375000000001 0.7685416671875
4 0.8481249999999999 0.7364583328125 0.8481249999999999 0.3672916671875 0.74609375 0.3672916671875 0.74609375 0.7364583328125 0.8481249999999999 0.7364583328125
4 0.8846875000000001 0.7147916671875 0.8846875000000001 0.42874999999999996 0.83359375 0.42874999999999996 0.83359375 0.7147916671875 0.8846875000000001 0.7147916671875
4 0.9932812500000001 0.646875 0.9932812500000001 0.49812500000000004 0.95484375 0.49812500000000004 0.95484375 0.646875 0.9932812500000001 0.646875
3 0.30546875 0.0035416671875 0.30546875 0.0433333328125 0.385 0.0433333328125 0.385 0.0035416671875 0.30546875 0.0035416671875
3 0.385 0.0035416671875 0.385 0.12291666718750001 0.51296875 0.12291666718750001 0.51296875 0.0035416671875 0.385 0.0035416671875
3 0.4815625 0.0054166671875 0.4815625 0.1795833328125 0.6009375 0.1795833328125 0.6009375 0.0054166671875 0.4815625 0.0054166671875
3 0.66921875 0.2233333328125 0.66921875 0.028125 0.58109375 0.028125 0.58109375 0.2233333328125 0.66921875 0.2233333328125
3 0.8979687500000001 0.33875 0.8979687500000001 0.4145833328125 0.9135937500000001 0.4145833328125 0.9135937500000001 0.33875 0.8979687500000001 0.33875
3 0.92640625 0.4297916671875 0.92640625 0.3539583328125 0.9121874999999999 0.3539583328125 0.9121874999999999 0.4297916671875 0.92640625 0.4297916671875
3 0.9590624999999999 0.4525 0.9590624999999999 0.3804166671875 0.9364062499999999 0.3804166671875 0.9364062499999999 0.4525 0.9590624999999999 0.4525