1 0.5493750000000001 0.49812500000000004 0.5493750000000001 0.410625 0.36359375 0.410625 0.36359375 0.49812500000000004 0.5493750000000001 0.49812500000000004
1 0.26 0.3377083328125 0.26 0.30520833281250004 0.17203125 0.30520833281250004 0.17203125 0.3377083328125 0.26 0.3377083328125
1 0.258125 0.40416666718750005 0.258125 0.3664583328125 0.17296875 0.3664583328125 0.17296875 0.40416666718750005 0.258125 0.40416666718750005
1 0.26296875000000003 0.46666666718750005 0.26296875000000003 0.4264583328125 0.17390624999999998 0.4264583328125 0.17390624999999998 0.46666666718750005 0.26296875000000003 0.46666666718750005
1 0.17390624999999998 0.3572916671875 0.17390624999999998 0.3 0.0478125 0.3 0.0478125 0.3572916671875 0.17390624999999998 0.3572916671875
1 0.05171875 0.3545833328125 0.05171875 0.40812499999999996 0.176875 0.40812499999999996 0.176875 0.3545833328125 0.05171875 0.3545833328125
1 0.09578125 0.4029166671875 0.09578125 0.46020833281250006 0.176875 0.46020833281250006 0.176875 0.4029166671875 0.09578125 0.4029166671875
1 0.24343750000000003 0.10833333281249999 0.24343750000000003 0.0810416671875 0.18078125 0.0810416671875 0.18078125 0.10833333281249999 0.24343750000000003 0.10833333281249999
1 0.18078125 0.104375 0.18078125 0.1252083328125 0.24343750000000003 0.1252083328125 0.24343750000000003 0.104375 0.18078125 0.104375
2 0.34234375 0.4879166671875 0.34234375 0.203125 0.22890625 0.203125 0.22890625 0.4879166671875 0.34234375 0.4879166671875
2 0.1221875 0.4620833328125 0.1221875 0.2635416671875 0.02109375 0.2635416671875 0.02109375 0.4620833328125 0.1221875 0.4620833328125
4 0.9009375000000001 0.5379166671875 0.9009375000000001 0.3725 0.74328125 0.3725 0.74328125 0.5379166671875 0.9009375000000001 0.5379166671875
4 0.573125 0.3416666671875 0.573125 0.5364583328125 0.7365625 0.5364583328125 0.7365625 0.3416666671875 0.573125 0.3416666671875
4 0.9971875000000001 0.7147916671875 0.9971875000000001 0.3185416671875 0.889375 0.3185416671875 0.889375 0.7147916671875 0.9971875000000001 0.7147916671875
4 1 0.0314583328125 0.90859375 0.0314583328125 0.90859375 0.3339583328125 1 0.3339583328125 1 0.0314583328125
4 0.7375 0.001875 0.7375 0.0852083328125 0.9134375 0.0852083328125 0.9134375 0.001875 0.7375 0.001875
4 0.9153125 0.199375 0.9153125 0.055833332812500004 0.7307812499999999 0.055833332812500004 0.7307812499999999 0.199375 0.9153125 0.199375
4 0.9018750000000001 0.3045833328125 0.9018750000000001 0.17875000000000002 0.7375 0.17875000000000002 0.7375 0.3045833328125 0.9018750000000001 0.3045833328125
4 0.9076562499999999 0.40833333281249995 0.9076562499999999 0.2802083328125 0.739375 0.2802083328125 0.739375 0.40833333281249995 0.9076562499999999 0.40833333281249995
4 0.37234375000000003 0.2622916671875 0.37234375000000003 0.1985416671875 0.24203125 0.1985416671875 0.24203125 0.2622916671875 0.37234375000000003 0.2622916671875