1 0.9507291671875 0.0070370375 0.9507291671875 0.1288888890625 0.9997395828125001 0.1288888890625 0.9997395828125001 0.0070370375 0.9507291671875 0.0070370375
1 0.96515625 0.1929629625 0.96515625 0.0634259265625 0.9023958328124999 0.0634259265625 0.9023958328124999 0.1929629625 0.96515625 0.1929629625
1 0.9038541671875 0.2365740734375 0.9038541671875 0.1493518515625 0.8678125 0.1493518515625 0.8678125 0.2365740734375 0.9038541671875 0.2365740734375
1 0.8757291671875 0.26342592656249997 0.8757291671875 0.2070370375 0.8511979171874999 0.2070370375 0.8511979171874999 0.26342592656249997 0.8757291671875 0.26342592656249997
1 0.8483333328124999 0.2993518515625 0.8483333328124999 0.2429629625 0.8266666671875 0.2429629625 0.8266666671875 0.2993518515625 0.8483333328124999 0.2993518515625
1 0.8266666671875 0.3109259265625 0.8266666671875 0.262222221875 0.809375 0.262222221875 0.809375 0.3109259265625 0.8266666671875 0.3109259265625
1 0.8807812500000001 0.18398148125 0.8807812500000001 0.126296296875 0.84109375 0.126296296875 0.84109375 0.18398148125 0.8807812500000001 0.18398148125
1 0.9132291671875 0.11342592656249999 0.9132291671875 0.035277778125 0.8425520828125 0.035277778125 0.8425520828125 0.11342592656249999 0.9132291671875 0.11342592656249999
1 0.828125 0.0006481484375 0.828125 0.0493518515625 0.86203125 0.0493518515625 0.86203125 0.0006481484375 0.828125 0.0006481484375
1 0.8346354171874999 0.1109259265625 0.8346354171874999 0.0506481484375 0.8035937499999999 0.0506481484375 0.8035937499999999 0.1109259265625 0.8346354171874999 0.1109259265625
1 0.0954166671875 0.0313888890625 0.0954166671875 0.1813888890625 0.2295833328125 0.1813888890625 0.2295833328125 0.0313888890625 0.0954166671875 0.0313888890625
1 0.003125 0.004444443750000001 0.003125 0.076296296875 0.0983333328125 0.076296296875 0.0983333328125 0.004444443750000001 0.003125 0.004444443750000001
1 0.21442708281249998 0.0083333328125 0.21442708281249998 0.10962962968750001 0.3146875 0.10962962968750001 0.3146875 0.0083333328125 0.21442708281249998 0.0083333328125
1 0.2086458328125 0.1326851859375 0.2086458328125 0.2224074078125 0.3125 0.2224074078125 0.3125 0.1326851859375 0.2086458328125 0.1326851859375
1 0.29520833281250003 0.16601851875 0.29520833281250003 0.24805555625000003 0.37453125 0.24805555625000003 0.37453125 0.16601851875 0.29520833281250003 0.16601851875
1 0.3608333328125 0.2070370375 0.3608333328125 0.28398148125 0.42067708281250005 0.28398148125 0.42067708281250005 0.2070370375 0.3608333328125 0.2070370375
1 0.41203124999999996 0.262222221875 0.41203124999999996 0.2993518515625 0.44953125 0.2993518515625 0.44953125 0.262222221875 0.41203124999999996 0.262222221875
1 0.44447916718749997 0.2429629625 0.44447916718749997 0.29675925937500003 0.48125 0.29675925937500003 0.48125 0.2429629625 0.44447916718749997 0.2429629625
1 0.4415625 0.287777778125 0.4415625 0.3211111109375 0.51515625 0.3211111109375 0.51515625 0.287777778125 0.4415625 0.287777778125
1 0.51296875 0.30962962968749996 0.51296875 0.3300925921875 0.5273958328125 0.3300925921875 0.5273958328125 0.30962962968749996 0.51296875 0.30962962968749996
3 0.4028125 0.8018518515625 0.4028125 0.6484259265625 0.3005208328125 0.6484259265625 0.3005208328125 0.8018518515625 0.4028125 0.8018518515625
3 0.21953125 0.8246296296875 0.21953125 0.6636111109375 0.1513020828125 0.6636111109375 0.1513020828125 0.8246296296875 0.21953125 0.8246296296875
3 0.15770833281250002 0.9023148140625 0.15770833281250002 0.6540740734375 0.0074479171875 0.6540740734375 0.0074479171875 0.9023148140625 0.15770833281250002 0.9023148140625
3 0.26109375 0.7791666671875 0.26109375 0.7033333328125 0.2184375 0.7033333328125 0.2184375 0.7791666671875 0.26109375 0.7791666671875
3 0.21630208281250002 0.597222221875 0.21630208281250002 0.5120370375000001 0.0734895828125 0.5120370375000001 0.0734895828125 0.597222221875 0.21630208281250002 0.597222221875
3 0.0734895828125 0.6351851859375001 0.0734895828125 0.5233333328125 0.0053124999999999995 0.5233333328125 0.0053124999999999995 0.6351851859375001 0.0734895828125 0.6351851859375001
3 0.2621354171875 0.5763888890625 0.2621354171875 0.5120370375000001 0.1971354171875 0.5120370375000001 0.1971354171875 0.5763888890625 0.2621354171875 0.5763888890625
3 0.30692708281250003 0.49120370312499995 0.30692708281250003 0.4570370375 0.2184375 0.4570370375 0.2184375 0.49120370312499995 0.30692708281250003 0.49120370312499995
3 0.30692708281250003 0.5328703703125 0.30692708281250003 0.49120370312499995 0.26 0.49120370312499995 0.26 0.5328703703125 0.30692708281250003 0.5328703703125
3 0.3047916671875 0.5612962968749999 0.3047916671875 0.5309259265625 0.26 0.5309259265625 0.26 0.5612962968749999 0.3047916671875 0.5612962968749999
3 0.3697916671875 0.47407407343749997 0.3697916671875 0.45324074062499997 0.3154166671875 0.45324074062499997 0.3154166671875 0.47407407343749997 0.3697916671875 0.47407407343749997
3 0.36875 0.506296296875 0.36875 0.4778703703125 0.3218229171875 0.4778703703125 0.3218229171875 0.506296296875 0.36875 0.506296296875
3 0.36765625 0.53851851875 0.36765625 0.506296296875 0.3218229171875 0.506296296875 0.3218229171875 0.53851851875 0.36765625 0.53851851875
3 0.4380208328125 0.6427777781249999 0.4380208328125 0.553703703125 0.37723958281250003 0.553703703125 0.37723958281250003 0.6427777781249999 0.4380208328125 0.6427777781249999
3 0.4184895828125 0.519259259375 0.4184895828125 0.489259259375 0.39625 0.489259259375 0.39625 0.519259259375 0.4184895828125 0.519259259375
3 0.44953125 0.46555555625 0.44953125 0.44351851875000003 0.4025 0.44351851875000003 0.4025 0.46555555625 0.44953125 0.46555555625
3 0.44953125 0.4876851859375 0.44953125 0.46555555625 0.4176041671875 0.46555555625 0.4176041671875 0.4876851859375 0.44953125 0.4876851859375
3 0.4486458328125 0.508240740625 0.4486458328125 0.4876851859375 0.4176041671875 0.4876851859375 0.4176041671875 0.508240740625 0.4486458328125 0.508240740625
3 0.9131770828124999 0.6408333328125 0.9131770828124999 0.5287037031249999 0.8483333328124999 0.5287037031249999 0.8483333328124999 0.6408333328125 0.9131770828124999 0.6408333328125
3 0.9158333328125 0.500277778125 0.9158333328125 0.40555555625000006 0.8643229171875 0.40555555625000006 0.8643229171875 0.500277778125 0.9158333328125 0.500277778125
3 0.9096354171875 0.5066666671875 0.9096354171875 0.47351851875 0.8891666671875 0.47351851875 0.8891666671875 0.5066666671875 0.9096354171875 0.5066666671875
3 0.9238541671875 0.5145370375 0.9238541671875 0.4813888890625 0.9069791671875 0.4813888890625 0.9069791671875 0.5145370375 0.9238541671875 0.5145370375
3 0.9936458328125 0.5278703703125001 0.9936458328125 0.4843518515625 0.9435416671875 0.4843518515625 0.9435416671875 0.5278703703125001 0.9936458328125 0.5278703703125001
3 0.94140625 0.522222221875 0.94140625 0.47296296250000003 0.9254166671874999 0.47296296250000003 0.9254166671874999 0.522222221875 0.94140625 0.522222221875
3 0.9968229171875 0.5354629625 0.9968229171875 0.376296296875 0.9744791671874999 0.376296296875 0.9744791671874999 0.5354629625 0.9968229171875 0.5354629625
3 0.43624999999999997 0.1281481484375 0.43624999999999997 0.0788888890625 0.3594791671875 0.0788888890625 0.3594791671875 0.1281481484375 0.43624999999999997 0.1281481484375
3 0.43624999999999997 0.1508333328125 0.43624999999999997 0.1281481484375 0.3605729171875 0.1281481484375 0.3605729171875 0.1508333328125 0.43624999999999997 0.1508333328125
3 0.43515625 0.188796296875 0.43515625 0.1508333328125 0.3605729171875 0.1508333328125 0.3605729171875 0.188796296875 0.43515625 0.188796296875
3 0.43515625 0.2190740734375 0.43515625 0.188796296875 0.39890625 0.188796296875 0.39890625 0.2190740734375 0.43515625 0.2190740734375
3 0.42661458281250003 0.25888888906249996 0.42661458281250003 0.2190740734375 0.4 0.2190740734375 0.4 0.25888888906249996 0.42661458281250003 0.25888888906249996
3 0.44796874999999997 0.24185185156250003 0.44796874999999997 0.15657407343750002 0.42874999999999996 0.15657407343750002 0.42874999999999996 0.24185185156250003 0.44796874999999997 0.24185185156250003
1 0.53296875 0.5650925921875001 0.53296875 0.5878703703125 0.55265625 0.5878703703125 0.55265625 0.5650925921875001 0.53296875 0.5650925921875001
3 0.5269791671874999 0.5545370375 0.5269791671874999 0.5700000000000001 0.5476041671874999 0.5700000000000001 0.5476041671874999 0.5545370375 0.5269791671874999 0.5545370375
3 0.5269791671874999 0.531759259375 0.5269791671874999 0.5545370375 0.5489583328125 0.5545370375 0.5489583328125 0.531759259375 0.5269791671874999 0.531759259375
3 0.5283854171875 0.516296296875 0.5283854171875 0.531759259375 0.5489583328125 0.531759259375 0.5489583328125 0.516296296875 0.5283854171875 0.516296296875
3 0.5283854171875 0.48694444375 0.5283854171875 0.516296296875 0.5471354171875 0.516296296875 0.5471354171875 0.48694444375 0.5283854171875 0.48694444375
3 0.45239583281250006 0.46175925937500006 0.45239583281250006 0.494259259375 0.4688541671875 0.494259259375 0.4688541671875 0.46175925937500006 0.45239583281250006 0.46175925937500006