1 0.9673437500000001 0.34722222187499996 0.9673437500000001 0.256203703125 0.8618750000000001 0.256203703125 0.8618750000000001 0.34722222187499996 0.9673437500000001 0.34722222187499996
1 0.99921875 0.313240740625 0.99921875 0.24731481406250003 0.9633854171875 0.24731481406250003 0.9633854171875 0.313240740625 0.99921875 0.313240740625
1 0.8943229171875 0.1904629625 0.8943229171875 0.10333333281249998 0.7952083328125 0.10333333281249998 0.7952083328125 0.1904629625 0.8943229171875 0.1904629625
1 0.88046875 0.28148148125 0.88046875 0.2 0.7984375 0.2 0.7984375 0.28148148125 0.88046875 0.28148148125
1 0.8708854171875 0.36101851875 0.8708854171875 0.3023148140625 0.8026562500000001 0.3023148140625 0.8026562500000001 0.36101851875 0.8708854171875 0.36101851875
1 0.81171875 0.384722221875 0.81171875 0.324722221875 0.7593229171875 0.324722221875 0.7593229171875 0.384722221875 0.81171875 0.384722221875
1 0.8072916671874999 0.30416666718749996 0.8072916671874999 0.245740740625 0.7575520828125 0.245740740625 0.7575520828125 0.30416666718749996 0.8072916671874999 0.30416666718749996
1 0.80375 0.2284259265625 0.80375 0.165277778125 0.7513541671875 0.165277778125 0.7513541671875 0.2284259265625 0.80375 0.2284259265625
1 0.7619791671875 0.3215740734375 0.7619791671875 0.264722221875 0.7238020828125 0.264722221875 0.7238020828125 0.3215740734375 0.7619791671875 0.3215740734375
1 0.7602083328125 0.38944444375 0.7602083328125 0.3468518515625 0.7211458328125 0.3468518515625 0.7211458328125 0.38944444375 0.7602083328125 0.38944444375
1 0.7380208328125 0.28601851875 0.7380208328125 0.23472222187499997 0.69140625 0.23472222187499997 0.69140625 0.28601851875 0.7380208328125 0.28601851875
1 0.7298958328125 0.33999999999999997 0.7298958328125 0.3031481484375 0.6898958328125 0.3031481484375 0.6898958328125 0.33999999999999997 0.7298958328125 0.33999999999999997
1 0.7261979171874999 0.3991666671875 0.7261979171874999 0.35972222187499997 0.6921354171874999 0.35972222187499997 0.6921354171874999 0.3991666671875 0.7261979171874999 0.3991666671875
1 0.6921354171874999 0.41370370312500004 0.6921354171874999 0.36101851875 0.6729166671875 0.36101851875 0.6729166671875 0.41370370312500004 0.6921354171874999 0.41370370312500004
1 0.6751041671875 0.40574074062500004 0.6751041671875 0.3768518515625 0.6551041671875 0.3768518515625 0.6551041671875 0.40574074062500004 0.6751041671875 0.40574074062500004
1 0.7372916671875 0.4768518515625 0.7372916671875 0.45185185156249996 0.6536458328125 0.45185185156249996 0.6536458328125 0.4768518515625 0.7372916671875 0.4768518515625
1 0.694375 0.313703703125 0.694375 0.2820370375 0.65734375 0.2820370375 0.65734375 0.313703703125 0.694375 0.313703703125
1 0.6751041671875 0.3688888890625 0.6751041671875 0.32944444375000004 0.6558854171874999 0.32944444375000004 0.6558854171874999 0.3688888890625 0.6751041671875 0.3688888890625
1 0.68546875 0.23472222187499997 0.68546875 0.1873148140625 0.6603125000000001 0.1873148140625 0.6603125000000001 0.23472222187499997 0.68546875 0.23472222187499997
1 0.6958333328124999 0.180740740625 0.6958333328124999 0.13999999999999999 0.6558854171874999 0.13999999999999999 0.6558854171874999 0.180740740625 0.6958333328124999 0.180740740625
1 0.7143229171875001 0.084722221875 0.7143229171875001 0.145277778125 0.7654166671875 0.145277778125 0.7654166671875 0.084722221875 0.7143229171875001 0.084722221875
1 0.71578125 0.009907407812500001 0.71578125 0.0781481484375 0.7571875 0.0781481484375 0.7571875 0.009907407812500001 0.71578125 0.009907407812500001
1 0.7556770828125 0.009907407812500001 0.7556770828125 0.086296296875 0.8155208328124999 0.086296296875 0.8155208328124999 0.009907407812500001 0.7556770828125 0.009907407812500001
1 0.4574479171875 0.5566666671875 0.4574479171875 0.528796296875 0.3860416671875 0.528796296875 0.3860416671875 0.5566666671875 0.4574479171875 0.5566666671875
1 0.45140624999999995 0.6006481484374999 0.45140624999999995 0.5729629625 0.3899479171875 0.5729629625 0.3899479171875 0.6006481484374999 0.45140624999999995 0.6006481484374999
1 0.08645833281250001 0.336203703125 0.08645833281250001 0.22055555624999998 0.0011979171875 0.22055555624999998 0.0011979171875 0.336203703125 0.08645833281250001 0.336203703125
1 0.16848958281249998 0.353240740625 0.16848958281249998 0.262222221875 0.0843229171875 0.262222221875 0.0843229171875 0.353240740625 0.16848958281249998 0.353240740625
1 0.24203125 0.28500000000000003 0.24203125 0.20351851875000002 0.141875 0.20351851875000002 0.141875 0.28500000000000003 0.24203125 0.28500000000000003
1 0.2335416671875 0.38351851875 0.2335416671875 0.3134259265625 0.17171875 0.3134259265625 0.17171875 0.38351851875 0.2335416671875 0.38351851875
1 0.2686979171875 0.379722221875 0.2686979171875 0.3228703703125 0.225 0.3228703703125 0.225 0.379722221875 0.2686979171875 0.379722221875
1 0.2954166671875 0.3228703703125 0.2954166671875 0.2823148140625 0.25375000000000003 0.2823148140625 0.25375000000000003 0.3228703703125 0.2954166671875 0.3228703703125
1 0.2953645828125 0.398703703125 0.2953645828125 0.34185185156250003 0.26125 0.34185185156250003 0.26125 0.398703703125 0.2953645828125 0.398703703125
1 0.3305208328125 0.4025 0.3305208328125 0.36648148125 0.2942708328125 0.36648148125 0.2942708328125 0.4025 0.3305208328125 0.4025
1 0.3309895828125 0.535277778125 0.3309895828125 0.5001851859374999 0.3044791671875 0.5001851859374999 0.3044791671875 0.535277778125 0.3309895828125 0.535277778125
1 0.27177083281250003 0.5375 0.27177083281250003 0.4826851859375 0.1669270828125 0.4826851859375 0.1669270828125 0.5375 0.27177083281250003 0.5375
1 0.30140625 0.5923148140625 0.30140625 0.5484259265625 0.2723958328125 0.5484259265625 0.2723958328125 0.5923148140625 0.30140625 0.5923148140625
1 0.27546875000000004 0.6163888890625 0.27546875000000004 0.5561111109375 0.2322916671875 0.5561111109375 0.2322916671875 0.6163888890625 0.27546875000000004 0.6163888890625
1 0.2366145828125 0.6504629625 0.2366145828125 0.5824074078125 0.1792708328125 0.5824074078125 0.1792708328125 0.6504629625 0.2366145828125 0.6504629625
1 0.1694791671875 0.6245370375 0.1694791671875 0.54555555625 0.0797395828125 0.54555555625 0.0797395828125 0.6245370375 0.1694791671875 0.6245370375
1 0.17390624999999998 0.825 0.17390624999999998 0.7129629625 0.09130208281249999 0.7129629625 0.09130208281249999 0.825 0.17390624999999998 0.825
1 0.2396354171875 0.7461111109375 0.2396354171875 0.668703703125 0.1783333328125 0.668703703125 0.1783333328125 0.7461111109375 0.2396354171875 0.7461111109375
1 0.26984375 0.698703703125 0.26984375 0.63398148125 0.23072916718749997 0.63398148125 0.23072916718749997 0.698703703125 0.26984375 0.698703703125
1 0.32645833281250003 0.6271296296875 0.32645833281250003 0.588796296875 0.3018229171875 0.588796296875 0.3018229171875 0.6271296296875 0.32645833281250003 0.6271296296875
1 0.3495833328125 0.6198148140625 0.3495833328125 0.5723148140625 0.3249479171875 0.5723148140625 0.3249479171875 0.6198148140625 0.3495833328125 0.6198148140625
1 0.3640104171875 0.5238888890625 0.3640104171875 0.48824074062499995 0.32390625 0.48824074062499995 0.32390625 0.5238888890625 0.3640104171875 0.5238888890625
1 0.1521354171875 0.000277778125 0.1521354171875 0.0725925921875 0.2305729171875 0.0725925921875 0.2305729171875 0.000277778125 0.1521354171875 0.000277778125
1 0.2683333328125 0.1318518515625 0.2683333328125 0.041018518749999996 0.22541666718750003 0.041018518749999996 0.22541666718750003 0.1318518515625 0.2683333328125 0.1318518515625
1 0.22463541718750002 0.0028703703125 0.22463541718750002 0.050277778125000006 0.2683333328125 0.050277778125000006 0.2683333328125 0.0028703703125 0.22463541718750002 0.0028703703125
1 0.2616666671875 0.000277778125 0.2616666671875 0.03444444375 0.2979166671875 0.03444444375 0.2979166671875 0.000277778125 0.2616666671875 0.000277778125
1 0.2971875 0.09629629687499999 0.2971875 0.035740740625 0.26390625 0.035740740625 0.26390625 0.09629629687499999 0.2971875 0.09629629687499999
1 0.29421875000000003 0.1831481484375 0.29421875000000003 0.09629629687499999 0.2609375 0.09629629687499999 0.2609375 0.1831481484375 0.29421875000000003 0.1831481484375
1 0.3275520828125 0.20814814843749999 0.3275520828125 0.146296296875 0.29572916718750003 0.146296296875 0.29572916718750003 0.20814814843749999 0.3275520828125 0.20814814843749999
1 0.3531770828125 0.245740740625 0.3531770828125 0.19092592656250001 0.3248958328125 0.19092592656250001 0.3248958328125 0.245740740625 0.3531770828125 0.245740740625
1 0.2966145828125 0.0903703703125 0.2966145828125 0.142222221875 0.32359375 0.142222221875 0.32359375 0.0903703703125 0.2966145828125 0.0903703703125
1 0.3522916671875 0.19092592656250001 0.3522916671875 0.1384259265625 0.3248958328125 0.1384259265625 0.3248958328125 0.19092592656250001 0.3522916671875 0.19092592656250001
1 0.2866145828125 0.028981481250000003 0.2866145828125 0.0815740734375 0.32484375 0.0815740734375 0.32484375 0.028981481250000003 0.2866145828125 0.028981481250000003
1 0.3471875 0.12694444375 0.3471875 0.06851851875000001 0.3249479171875 0.06851851875000001 0.3249479171875 0.12694444375 0.3471875 0.12694444375
1 0.30343749999999997 0.67055555625 0.30343749999999997 0.6152777781250001 0.2679166671875 0.6152777781250001 0.2679166671875 0.67055555625 0.30343749999999997 0.67055555625
2 0.6867708328125001 0.6211111109375 0.6867708328125001 0.40833333281249995 0.6283854171875001 0.40833333281249995 0.6283854171875001 0.6211111109375 0.6867708328125001 0.6211111109375
4 0.79640625 0.626296296875 0.79640625 0.4596296296875 0.67234375 0.4596296296875 0.67234375 0.626296296875 0.79640625 0.626296296875
4 0.6709375 0.575 0.6709375 0.45444444375000004 0.6550520828125 0.45444444375000004 0.6550520828125 0.575 0.6709375 0.575
4 0.6889583328125 0.0006481484375 0.6889583328125 0.1800925921875 0.7300520828125 0.1800925921875 0.7300520828125 0.0006481484375 0.6889583328125 0.0006481484375
4 0.68953125 0.2388888890625 0.68953125 0.07953703749999999 0.6399479171875 0.07953703749999999 0.6399479171875 0.2388888890625 0.68953125 0.2388888890625
4 0.6414583328125001 0.2504629625 0.6414583328125001 0.10898148125 0.6264583328125 0.10898148125 0.6264583328125 0.2504629625 0.6414583328125001 0.2504629625
4 0.2986979171875 0.2388888890625 0.2986979171875 0.3946296296875 0.3484895828125 0.3946296296875 0.3484895828125 0.2388888890625 0.2986979171875 0.2388888890625
4 0.0993229171875 0.91944444375 0.0993229171875 0.43944444374999997 0.0023958328125 0.43944444374999997 0.0023958328125 0.91944444375 0.0993229171875 0.91944444375