1 0.6231770828125 0.5441666671875 0.6231770828125 0.4921296296875 0.56984375 0.4921296296875 0.56984375 0.5441666671875 0.6231770828125 0.5441666671875
1 0.60453125 0.7541666671875 0.60453125 0.6737037031249999 0.5725520828125 0.6737037031249999 0.5725520828125 0.7541666671875 0.60453125 0.7541666671875
1 0.7945833328125 0.81898148125 0.7945833328125 0.7021296296874999 0.6133854171875 0.7021296296874999 0.6133854171875 0.81898148125 0.7945833328125 0.81898148125
1 0.28921874999999997 0.23944444374999999 0.28921874999999997 0.1968518515625 0.1915104171875 0.1968518515625 0.1915104171875 0.23944444374999999 0.28921874999999997 0.23944444374999999
1 0.2874479171875 0.30740740781250003 0.2874479171875 0.266296296875 0.1923958328125 0.266296296875 0.1923958328125 0.30740740781250003 0.2874479171875 0.30740740781250003
1 0.1897395828125 0.3121296296875 0.1897395828125 0.2615740734375 0.1027083328125 0.2615740734375 0.1027083328125 0.3121296296875 0.1897395828125 0.3121296296875
1 0.1027083328125 0.313703703125 0.1027083328125 0.266296296875 0.007656250000000001 0.266296296875 0.007656250000000001 0.313703703125 0.1027083328125 0.313703703125
1 0.13999999999999999 0.23944444374999999 0.13999999999999999 0.2031481484375 0.007656250000000001 0.2031481484375 0.007656250000000001 0.23944444374999999 0.13999999999999999 0.23944444374999999
1 0.28390624999999997 0.075277778125 0.28390624999999997 0.03898148125 0.18265625000000002 0.03898148125 0.18265625000000002 0.075277778125 0.28390624999999997 0.075277778125
1 0.1844270828125 0.0721296296875 0.1844270828125 0.03898148125 0.0929166671875 0.03898148125 0.0929166671875 0.0721296296875 0.1844270828125 0.0721296296875
1 0.09380208281249999 0.0831481484375 0.09380208281249999 0.032592592187500005 0.00234375 0.032592592187500005 0.00234375 0.0831481484375 0.09380208281249999 0.0831481484375
2 0.8028645828125001 0.9993518515625001 0.8028645828125001 0.3493518515625 0.6319791671874999 0.3493518515625 0.6319791671874999 0.9993518515625001 0.8028645828125001 0.9993518515625001
2 0.1516666671875 0.2609259265625 0.1516666671875 0.6993518515625 0.28291666718749997 0.6993518515625 0.28291666718749997 0.2609259265625 0.1516666671875 0.2609259265625
4 0.0008854171875 0.5378703703125 0.0008854171875 0.9949999999999999 0.1261458328125 0.9949999999999999 0.1261458328125 0.5378703703125 0.0008854171875 0.5378703703125
4 0.1252083328125 0.5141666671875 0.1252083328125 0.9849074078125 0.2068229171875 0.9849074078125 0.2068229171875 0.5141666671875 0.1252083328125 0.5141666671875