1 0.6502604171875 0.523703703125 0.6502604171875 0.45259259218750003 0.6028645828125 0.45259259218750003 0.6028645828125 0.523703703125 0.6502604171875 0.523703703125
1 0.7471875 0.5487037031249999 0.7471875 0.4618518515625 0.65171875 0.4618518515625 0.65171875 0.5487037031249999 0.7471875 0.5487037031249999
1 0.6931770828125 0.7658333328125 0.6931770828125 0.6565740734375 0.6258333328125001 0.6565740734375 0.6258333328125001 0.7658333328125 0.6931770828125 0.7658333328125
1 0.85421875 0.9977777781249999 0.85421875 0.7341666671875 0.6931770828125 0.7341666671875 0.6931770828125 0.9977777781249999 0.85421875 0.9977777781249999
1 0.8266145828125 0.9945370375 0.8266145828125 0.847222221875 0.70875 0.847222221875 0.70875 0.9945370375 0.8266145828125 0.9945370375
1 0.7234895828125001 0.9061111109375 0.7234895828125001 0.7359259265625 0.6424479171875 0.7359259265625 0.6424479171875 0.9061111109375 0.7234895828125001 0.9061111109375
1 0.62796875 0.7671296296875 0.62796875 0.67851851875 0.5895833328125 0.67851851875 0.5895833328125 0.7671296296875 0.62796875 0.7671296296875
1 0.09718750000000001 0.46611111093749996 0.09718750000000001 0.35972222187499997 0.0035937499999999997 0.35972222187499997 0.0035937499999999997 0.46611111093749996 0.09718750000000001 0.46611111093749996
1 0.00203125 0.138703703125 0.00203125 0.258796296875 0.10484374999999999 0.258796296875 0.10484374999999999 0.138703703125 0.00203125 0.138703703125
1 0.3561979171875 0.6605555562500001 0.3561979171875 0.59898148125 0.2558333328125 0.59898148125 0.2558333328125 0.6605555562500001 0.3561979171875 0.6605555562500001
1 0.43614583281249997 0.6542592593750001 0.43614583281249997 0.60055555625 0.35265625 0.60055555625 0.35265625 0.6542592593750001 0.43614583281249997 0.6542592593750001
1 0.5231770828125 0.6448148140625001 0.5231770828125 0.5926851859375 0.4414583328125 0.5926851859375 0.4414583328125 0.6448148140625001 0.5231770828125 0.6448148140625001
2 0.1603125 0.4313888890625 0.1603125 0.675 0.2440104171875 0.675 0.2440104171875 0.4313888890625 0.1603125 0.4313888890625
4 0.7178125 0.0019444437500000002 0.7178125 0.6365740734374999 0.9528645828125001 0.6365740734374999 0.9528645828125001 0.0019444437500000002 0.7178125 0.0019444437500000002
4 0.63125 0.6109259265625 0.63125 0.47240740781249996 0.5915625 0.47240740781249996 0.5915625 0.6109259265625 0.63125 0.6109259265625
1 0.0469270828125 0.9971296296875 0.0469270828125 0.9238888890625001 0.0020833328125000002 0.9238888890625001 0.0020833328125000002 0.9971296296875 0.0469270828125 0.9971296296875
1 0.11828125 0.6358333328125 0.11828125 0.6651851859375 0.15125 0.6651851859375 0.15125 0.6358333328125 0.11828125 0.6358333328125