1 0.20031249999999998 0 0.20031249999999998 0.134375 0.5181250000000001 0.134375 0.5181250000000001 0 0.20031249999999998 0
1 0.71171875 0.21000000000000002 0.71171875 0.07958333281249999 0.51609375 0.07958333281249999 0.51609375 0.21000000000000002 0.71171875 0.21000000000000002
1 0.8221875000000001 0.105625 0.8221875000000001 0.0039583328125 0.69703125 0.0039583328125 0.69703125 0.105625 0.8221875000000001 0.105625
1 0.8309374999999999 0.26729166718749997 0.8309374999999999 0.165625 0.71359375 0.165625 0.71359375 0.26729166718749997 0.8309374999999999 0.26729166718749997
1 0.52390625 0.6714583328125 0.52390625 0.5241666671874999 0.19453125 0.5241666671874999 0.19453125 0.6714583328125 0.52390625 0.6714583328125
1 0 0.5854166671875001 0.12609375 0.5854166671875001 0.12609375 0.4497916671875 0 0.4497916671875 0 0.5854166671875001
1 0.5190625 0.8800000000000001 0.5190625 0.7014583328125 0.21015625 0.7014583328125 0.21015625 0.8800000000000001 0.5190625 0.8800000000000001
1 0.16515625 1 0.16515625 0.9047916671875 0 0.9047916671875 0 1 0.16515625 1
1 0.9090624999999999 0.365 0.9090624999999999 0.30375 0.8387499999999999 0.30375 0.8387499999999999 0.365 0.9090624999999999 0.365
1 0.8651562500000001 0.6595833328125 0.8651562500000001 0.5945833328125001 0.8171875 0.5945833328125001 0.8171875 0.6595833328125 0.8651562500000001 0.6595833328125
1 0.5532812500000001 0.3104166671875 0.5532812500000001 0.28958333281250004 0.5121875 0.28958333281250004 0.5121875 0.3104166671875 0.5532812500000001 0.3104166671875
1 0.55234375 0.3389583328125 0.55234375 0.318125 0.5103125000000001 0.318125 0.5103125000000001 0.3389583328125 0.55234375 0.3389583328125
1 0.5884375000000001 0.346875 0.5884375000000001 0.3260416671875 0.5532812500000001 0.3260416671875 0.5532812500000001 0.346875 0.5884375000000001 0.346875
1 0.61875 0.591875 0.61875 0.5385416671875001 0.51515625 0.5385416671875001 0.51515625 0.591875 0.61875 0.591875
1 0.921875 0.5841666671875 0.921875 0.5579166671875 0.8739062499999999 0.5579166671875 0.8739062499999999 0.5841666671875 0.921875 0.5841666671875
1 0.8748437499999999 0.0966666671875 0.8748437499999999 0.0054166671875 0.818125 0.0054166671875 0.818125 0.0966666671875 0.8748437499999999 0.0966666671875
1 0.9003125000000001 0.1383333328125 0.9003125000000001 0.0770833328125 0.8660937499999999 0.0770833328125 0.8660937499999999 0.1383333328125 0.9003125000000001 0.1383333328125