1 0.5216145828125 0.13962962968749998 0.5216145828125 0.088796296875 0.4189583328125 0.088796296875 0.4189583328125 0.13962962968749998 0.5216145828125 0.13962962968749998
1 0.5971354171875001 0.14481481406250002 0.5971354171875001 0.10175925937500001 0.5245833328125 0.10175925937500001 0.5245833328125 0.14481481406250002 0.5971354171875001 0.14481481406250002
1 0.6550520828125 0.15129629687499999 0.6550520828125 0.1148148140625 0.59640625 0.1148148140625 0.59640625 0.15129629687499999 0.6550520828125 0.15129629687499999
1 0.2965625 0.3481481484375 0.2965625 0.3220370375 0.22614583281249998 0.3220370375 0.22614583281249998 0.3481481484375 0.2965625 0.3481481484375
1 0.281875 0.3286111109375 0.281875 0.3116666671875 0.22395833281250002 0.3116666671875 0.22395833281250002 0.3286111109375 0.281875 0.3286111109375
1 0.2950520828125 0.20740740781250003 0.2950520828125 0.1656481484375 0.2078125 0.1656481484375 0.2078125 0.20740740781250003 0.2950520828125 0.20740740781250003
1 0.32953125 0.19305555624999998 0.32953125 0.178703703125 0.2928645828125 0.178703703125 0.2928645828125 0.19305555624999998 0.32953125 0.19305555624999998
1 0.1983333328125 0.4883333328125 0.1983333328125 0.44962962968750003 0.11526041718749999 0.44962962968750003 0.11526041718749999 0.4883333328125 0.1983333328125 0.4883333328125
1 0.058072917187499996 0.3720370375 0.058072917187499996 0.355277778125 0.0221354171875 0.355277778125 0.0221354171875 0.3720370375 0.058072917187499996 0.3720370375
1 0.059843749999999994 0.39564814843749996 0.059843749999999994 0.3804629625 0.02421875 0.3804629625 0.02421875 0.39564814843749996 0.059843749999999994 0.39564814843749996
1 0.0919791671875 0.25574074062499996 0.0919791671875 0.2416666671875 0.054583332812499996 0.2416666671875 0.054583332812499996 0.25574074062499996 0.0919791671875 0.25574074062499996
1 0.09343749999999999 0.28092592656250004 0.09343749999999999 0.264722221875 0.054843750000000004 0.264722221875 0.054843750000000004 0.28092592656250004 0.09343749999999999 0.28092592656250004
1 0.09406250000000001 0.3013888890625 0.09406250000000001 0.2876851859375 0.0572395828125 0.2876851859375 0.0572395828125 0.3013888890625 0.09406250000000001 0.3013888890625
1 0.056354167187500005 0.3034259265625 0.056354167187500005 0.2876851859375 0.0194791671875 0.2876851859375 0.0194791671875 0.3034259265625 0.056354167187500005 0.3034259265625
1 0.053958332812499996 0.278796296875 0.053958332812499996 0.264722221875 0.017708332812499998 0.264722221875 0.017708332812499998 0.278796296875 0.053958332812499996 0.278796296875
1 0.0530729171875 0.2541666671875 0.0530729171875 0.24009259218749998 0.0159895828125 0.24009259218749998 0.0159895828125 0.2541666671875 0.0530729171875 0.2541666671875
1 0.0516145828125 0.177222221875 0.0516145828125 0.1636111109375 0.012447917187500001 0.1636111109375 0.012447917187500001 0.177222221875 0.0516145828125 0.177222221875
1 0.05338541718749999 0.2018518515625 0.05338541718749999 0.18925925937500002 0.0147916671875 0.18925925937500002 0.0147916671875 0.2018518515625 0.05338541718749999 0.2018518515625
1 0.041875 0.09972222187499999 0.041875 0.08444444375 0.0041666671875 0.08444444375 0.0041666671875 0.09972222187499999 0.041875 0.09972222187499999
1 0.08786458281250001 0.1038888890625 0.08786458281250001 0.0875925921875 0.05338541718749999 0.0875925921875 0.05338541718749999 0.1038888890625 0.08786458281250001 0.1038888890625
2 0.43151041718750005 0.687777778125 0.43151041718750005 0.012222221875 0.275 0.012222221875 0.275 0.687777778125 0.43151041718750005 0.687777778125
4 0.3617708328125 0.5756481484375 0.3617708328125 0.34555555625 0.19703125 0.34555555625 0.19703125 0.5756481484375 0.3617708328125 0.5756481484375
3 0.58140625 0.376296296875 0.58140625 0.2841666671875 0.50296875 0.2841666671875 0.50296875 0.376296296875 0.58140625 0.376296296875
3 0.5022395828125 0.3881481484375 0.5022395828125 0.33555555625 0.42374999999999996 0.33555555625 0.42374999999999996 0.3881481484375 0.5022395828125 0.3881481484375
1 0.1823958328125 0.27462962968750004 0.1823958328125 0.256759259375 0.12104166718750001 0.256759259375 0.12104166718750001 0.27462962968750004 0.1823958328125 0.27462962968750004
1 0.1823958328125 0.2925 0.1823958328125 0.27462962968750004 0.12744791718749998 0.27462962968750004 0.12744791718749998 0.2925 0.1823958328125 0.2925
1 0.18421875000000001 0.308796296875 0.18421875000000001 0.2925 0.12744791718749998 0.2925 0.12744791718749998 0.308796296875 0.18421875000000001 0.308796296875
1 0.18421875000000001 0.3315740734375 0.18421875000000001 0.308796296875 0.12562500000000001 0.308796296875 0.12562500000000001 0.3315740734375 0.18421875000000001 0.3315740734375
1 0.1851041671875 0.346203703125 0.1851041671875 0.3315740734375 0.12562500000000001 0.3315740734375 0.12562500000000001 0.346203703125 0.1851041671875 0.346203703125
4 0.09177083281250001 0.19981481406249998 0.09177083281250001 0.1265740734375 0.051510417187500004 0.1265740734375 0.051510417187500004 0.19981481406249998 0.09177083281250001 0.19981481406249998