1 0.6925520828125 0.0096296296875 0.6925520828125 0.1390740734375 0.8526562500000001 0.1390740734375 0.8526562500000001 0.0096296296875 0.6925520828125 0.0096296296875
1 0.70046875 0.15064814843750002 0.70046875 0.0775925921875 0.603125 0.0775925921875 0.603125 0.15064814843750002 0.70046875 0.15064814843750002
1 0.696875 0.24555555624999997 0.696875 0.16731481406249998 0.603125 0.16731481406249998 0.603125 0.24555555624999997 0.696875 0.24555555624999997
1 0.60890625 0.2890740734375 0.60890625 0.24805555625000003 0.5584374999999999 0.24805555625000003 0.5584374999999999 0.2890740734375 0.60890625 0.2890740734375
1 0.5577083328125 0.31601851875000003 0.5577083328125 0.276296296875 0.5476041671874999 0.276296296875 0.5476041671874999 0.31601851875000003 0.5577083328125 0.31601851875000003
1 0.5418229171875 0.3275925921875 0.5418229171875 0.2916666671875 0.5295833328125 0.2916666671875 0.5295833328125 0.3275925921875 0.5418229171875 0.3275925921875
1 0.0550520828125 0.2211111109375 0.0550520828125 0.276296296875 0.1502604171875 0.276296296875 0.1502604171875 0.2211111109375 0.0550520828125 0.2211111109375
1 0.0471354171875 0.2493518515625 0.0471354171875 0.1788888890625 0.0002604171875 0.1788888890625 0.0002604171875 0.2493518515625 0.0471354171875 0.2493518515625
1 0.05 0.3686111109375 0.05 0.28398148125 0.0016666671875 0.28398148125 0.0016666671875 0.3686111109375 0.05 0.3686111109375
1 0.0990625 0.373703703125 0.0990625 0.31990740781250004 0.0478125 0.31990740781250004 0.0478125 0.373703703125 0.0990625 0.373703703125
1 0.0471354171875 0.725 0.0471354171875 0.646759259375 0.0002604171875 0.646759259375 0.0002604171875 0.725 0.0471354171875 0.725
1 0.0680208328125 0.9942592593749999 0.0680208328125 0.9326851859374999 0.0305208328125 0.9326851859374999 0.0305208328125 0.9942592593749999 0.0680208328125 0.9942592593749999
1 0.1632291671875 0.714722221875 0.1632291671875 0.6583333328125 0.1235416671875 0.6583333328125 0.1235416671875 0.714722221875 0.1632291671875 0.714722221875
1 0.1992708328125 0.6916666671875 0.1992708328125 0.63398148125 0.1610416671875 0.63398148125 0.1610416671875 0.6916666671875 0.1992708328125 0.6916666671875
1 0.21156250000000001 0.6493518515625001 0.21156250000000001 0.6134259265625001 0.18843749999999998 0.6134259265625001 0.18843749999999998 0.6493518515625001 0.21156250000000001 0.6493518515625001
1 0.3398958328125 0.6570370375000001 0.3398958328125 0.6006481484374999 0.2309895828125 0.6006481484374999 0.2309895828125 0.6570370375000001 0.3398958328125 0.6570370375000001
1 0.1386979171875 0.2506481484375 0.1386979171875 0.30361111093750004 0.18484375 0.30361111093750004 0.18484375 0.2506481484375 0.1386979171875 0.2506481484375
1 0.0247395828125 0.137777778125 0.0247395828125 0.2006481484375 0.1502604171875 0.2006481484375 0.1502604171875 0.137777778125 0.0247395828125 0.137777778125
1 0.0023958328125 0.053240740625000005 0.0023958328125 0.1173148140625 0.14807291718749999 0.1173148140625 0.14807291718749999 0.053240740625000005 0.0023958328125 0.053240740625000005
1 0.11781250000000001 0.0006481484375 0.11781250000000001 0.0596296296875 0.17765625000000002 0.0596296296875 0.17765625000000002 0.0006481484375 0.11781250000000001 0.0006481484375
1 0.1769270828125 0.037777778125 0.1769270828125 0.09805555625 0.2043229171875 0.09805555625 0.2043229171875 0.037777778125 0.1769270828125 0.037777778125
1 0.1444791671875 0.1173148140625 0.1444791671875 0.17629629687499998 0.17906249999999999 0.17629629687499998 0.17906249999999999 0.1173148140625 0.1444791671875 0.1173148140625
1 0.14880208281250001 0.1800925921875 0.14880208281250001 0.23398148124999998 0.18484375 0.23398148124999998 0.18484375 0.1800925921875 0.14880208281250001 0.1800925921875
1 0.1824479171875 0.273703703125 0.1824479171875 0.3111111109375 0.20828125000000003 0.3111111109375 0.20828125000000003 0.273703703125 0.1824479171875 0.273703703125
1 0.17822916718749998 0.20750000000000002 0.17822916718749998 0.2470370375 0.20286458281250003 0.2470370375 0.20286458281250003 0.20750000000000002 0.17822916718749998 0.20750000000000002
1 0.1975 0.2299074078125 0.1975 0.2748148140625 0.228125 0.2748148140625 0.228125 0.2299074078125 0.1975 0.2299074078125
1 0.20109375 0.2908333328125 0.20109375 0.329259259375 0.2305208328125 0.329259259375 0.2305208328125 0.2908333328125 0.20109375 0.2908333328125
1 0.2179166671875 0.31222222187500004 0.2179166671875 0.33888888906250003 0.24854166718749998 0.33888888906250003 0.24854166718749998 0.31222222187500004 0.2179166671875 0.31222222187500004
1 0.2455729171875 0.32712962968750003 0.2455729171875 0.34851851875 0.2653645828125 0.34851851875 0.2653645828125 0.32712962968750003 0.2455729171875 0.32712962968750003
1 0.23171875000000003 0.2715740734375 0.23171875000000003 0.305740740625 0.2653645828125 0.305740740625 0.2653645828125 0.2715740734375 0.23171875000000003 0.2715740734375
1 0.19088541718750002 0.09 0.19088541718750002 0.14444444375 0.22875 0.14444444375 0.22875 0.09 0.19088541718750002 0.09
2 0.42921875 0.564259259375 0.42921875 0.3416666671875 0.3694791671875 0.3416666671875 0.3694791671875 0.564259259375 0.42921875 0.564259259375
2 0.3398958328125 0.544259259375 0.3398958328125 0.314722221875 0.2641666671875 0.314722221875 0.2641666671875 0.544259259375 0.3398958328125 0.544259259375
4 0.5180208328125 0.58398148125 0.5180208328125 0.4596296296875 0.5007291671874999 0.4596296296875 0.5007291671874999 0.58398148125 0.5180208328125 0.58398148125
3 0.9566666671874999 0.5184259265625 0.9566666671874999 0.4091666671875 0.77015625 0.4091666671875 0.77015625 0.5184259265625 0.9566666671874999 0.5184259265625
3 0.9833854171875 0.6343518515625 0.9833854171875 0.51305555625 0.8704166671875001 0.51305555625 0.8704166671875001 0.6343518515625 0.9833854171875 0.6343518515625
3 0.8735937500000001 0.6039814812500001 0.8735937500000001 0.5016666671875 0.7680729171875 0.5016666671875 0.7680729171875 0.6039814812500001 0.8735937500000001 0.6039814812500001
3 0.9844270828124999 0.88444444375 0.9844270828124999 0.7233333328125 0.8341666671875 0.7233333328125 0.8341666671875 0.88444444375 0.9844270828124999 0.88444444375
3 0.9758854171875001 0.9659259265625 0.9758854171875001 0.81055555625 0.8405729171875 0.81055555625 0.8405729171875 0.9659259265625 0.9758854171875001 0.9659259265625
3 0.8735937500000001 0.80101851875 0.8735937500000001 0.6646296296875 0.7552604171875 0.6646296296875 0.7552604171875 0.80101851875 0.8735937500000001 0.80101851875
3 0.8309374999999999 0.8616666671875001 0.8309374999999999 0.7631481484375 0.7584895828125 0.7631481484375 0.7584895828125 0.8616666671875001 0.8309374999999999 0.8616666671875001
3 0.7840625 0.8039814812499999 0.7840625 0.7158333328125 0.725 0.7158333328125 0.725 0.8039814812499999 0.7840625 0.8039814812499999
3 0.77234375 0.7499074078125 0.77234375 0.6684259265625 0.6785416671875 0.6684259265625 0.6785416671875 0.7499074078125 0.77234375 0.7499074078125
3 0.7926041671874999 0.554722221875 0.7926041671874999 0.401296296875 0.6870833328125 0.401296296875 0.6870833328125 0.554722221875 0.7926041671874999 0.554722221875
3 0.6497916671875 0.5206481484375 0.6497916671875 0.48648148124999996 0.6209895828125 0.48648148124999996 0.6209895828125 0.5206481484375 0.6497916671875 0.5206481484375
3 0.7246354171875 0.6180555562500001 0.7246354171875 0.5525925921875 0.6257291671874999 0.5525925921875 0.6257291671874999 0.6180555562500001 0.7246354171875 0.6180555562500001
3 0.7357812499999999 0.6470370375 0.7357812499999999 0.596759259375 0.6257291671874999 0.596759259375 0.6257291671874999 0.6470370375 0.7357812499999999 0.6470370375
3 0.7546354171874999 0.6995370375000001 0.7546354171874999 0.6363888890625 0.6253124999999999 0.6363888890625 0.6253124999999999 0.6995370375000001 0.7546354171874999 0.6995370375000001
3 0.69640625 0.72694444375 0.69640625 0.6690740734375 0.6540104171875 0.6690740734375 0.6540104171875 0.72694444375 0.69640625 0.72694444375
3 0.6240104171875 0.5861111109375 0.6240104171875 0.5434259265625 0.6072916671875 0.5434259265625 0.6072916671875 0.5861111109375 0.6240104171875 0.5861111109375
3 0.6274479171875 0.630277778125 0.6274479171875 0.583796296875 0.6068749999999999 0.583796296875 0.6068749999999999 0.630277778125 0.6274479171875 0.630277778125
3 0.6291666671875 0.6728703703125001 0.6291666671875 0.6218518515625 0.60984375 0.6218518515625 0.60984375 0.6728703703125001 0.6291666671875 0.6728703703125001
3 0.6115625 0.646296296875 0.6115625 0.5998148140625 0.5978645828125 0.5998148140625 0.5978645828125 0.646296296875 0.6115625 0.646296296875
3 0.6 0.6371296296875 0.6 0.60055555625 0.5845833328125 0.60055555625 0.5845833328125 0.6371296296875 0.6 0.6371296296875
3 0.6038541671875 0.592222221875 0.6038541671875 0.548796296875 0.5777604171874999 0.548796296875 0.5777604171874999 0.592222221875 0.6038541671875 0.592222221875
3 0.6548437500000001 0.47648148125 0.6548437500000001 0.4384259265625 0.5871875 0.4384259265625 0.5871875 0.47648148125 0.6548437500000001 0.47648148125
3 0.6359895828125001 0.515277778125 0.6359895828125001 0.47796296250000003 0.5914583328125 0.47796296250000003 0.5914583328125 0.515277778125 0.6359895828125001 0.515277778125
3 0.5922916671875 0.4825925921875 0.5922916671875 0.443703703125 0.5794791671875 0.443703703125 0.5794791671875 0.4825925921875 0.5922916671875 0.4825925921875
3 0.5974479171875 0.5145370375 0.5974479171875 0.47722222187499996 0.5803125 0.47722222187499996 0.5803125 0.5145370375 0.5974479171875 0.5145370375
3 0.5816145828125 0.478703703125 0.5816145828125 0.442222221875 0.5726041671875 0.442222221875 0.5726041671875 0.478703703125 0.5816145828125 0.478703703125
3 0.5845833328125 0.5084259265625 0.5845833328125 0.47574074062499994 0.5713020828125 0.47574074062499994 0.5713020828125 0.5084259265625 0.5845833328125 0.5084259265625
3 0.5743229171875 0.5084259265625 0.5743229171875 0.47648148125 0.5653125 0.47648148125 0.5653125 0.5084259265625 0.5743229171875 0.5084259265625
3 0.5914583328125 0.5974999999999999 0.5914583328125 0.545 0.5408854171875 0.545 0.5408854171875 0.5974999999999999 0.5914583328125 0.5974999999999999
1 0.053437500000000006 0.6352777781250001 0.053437500000000006 0.7061111109375 0.1194791671875 0.7061111109375 0.1194791671875 0.6352777781250001 0.053437500000000006 0.6352777781250001
1 0.048854167187500006 0.6696296296875001 0.048854167187500006 0.7486111109375 0.12177083281250001 0.7486111109375 0.12177083281250001 0.6696296296875001 0.048854167187500006 0.6696296296875001
1 0.0568229171875 0.720277778125 0.0568229171875 0.7951851859375 0.12515625 0.7951851859375 0.12515625 0.720277778125 0.0568229171875 0.720277778125