1 0.8886979171875 0.003240740625 0.8886979171875 0.0813888890625 0.9795833328124999 0.0813888890625 0.9795833328124999 0.003240740625 0.8886979171875 0.003240740625
1 0.90890625 0.1711111109375 0.90890625 0.0083333328125 0.8230729171875 0.0083333328125 0.8230729171875 0.1711111109375 0.90890625 0.1711111109375
1 0.8331770828125 0.21342592656249998 0.8331770828125 0.09805555625 0.7841145828125 0.09805555625 0.7841145828125 0.21342592656249998 0.8331770828125 0.21342592656249998
1 0.7841145828125 0.2570370375 0.7841145828125 0.1699074078125 0.7574479171874999 0.1699074078125 0.7574479171874999 0.2570370375 0.7841145828125 0.2570370375
1 0.7610416671875 0.2890740734375 0.7610416671875 0.21601851875000003 0.7321875 0.21601851875000003 0.7321875 0.2890740734375 0.7610416671875 0.2890740734375
1 0.7358333328125 0.3109259265625 0.7358333328125 0.262222221875 0.7170833328125 0.262222221875 0.7170833328125 0.3109259265625 0.7358333328125 0.3109259265625
1 0.0023958328125 0.026296296875000003 0.0023958328125 0.20444444375 0.13796875 0.20444444375 0.13796875 0.026296296875000003 0.0023958328125 0.026296296875000003
1 0.1235416671875 0.013425926562500001 0.1235416671875 0.1288888890625 0.2209375 0.1288888890625 0.2209375 0.013425926562500001 0.1235416671875 0.013425926562500001
1 0.1329166671875 0.14555555625 0.1329166671875 0.2326851859375 0.22380208281249997 0.2326851859375 0.22380208281249997 0.14555555625 0.1329166671875 0.14555555625
1 0.209375 0.09555555624999999 0.209375 0.1699074078125 0.28869791718750004 0.1699074078125 0.28869791718750004 0.09555555624999999 0.209375 0.09555555624999999
1 0.21369791718750003 0.203240740625 0.21369791718750003 0.2609259265625 0.2865625 0.2609259265625 0.2865625 0.203240740625 0.21369791718750003 0.203240740625
1 0.27067708281249997 0.212222221875 0.27067708281249997 0.287777778125 0.32979166718749997 0.287777778125 0.32979166718749997 0.212222221875 0.27067708281249997 0.212222221875
1 0.303125 0.25194444374999997 0.303125 0.30444444375 0.3702083328125 0.30444444375 0.3702083328125 0.25194444374999997 0.303125 0.25194444374999997
1 0.3485416671875 0.2775925921875 0.3485416671875 0.3224074078125 0.3961458328125 0.3224074078125 0.3961458328125 0.2775925921875 0.3485416671875 0.2775925921875
1 0.3773958328125 0.2775925921875 0.3773958328125 0.3186111109375 0.42427083281250005 0.3186111109375 0.42427083281250005 0.2775925921875 0.3773958328125 0.2775925921875
1 0.4170833328125 0.2993518515625 0.4170833328125 0.3403703703125 0.4516666671875 0.3403703703125 0.4516666671875 0.2993518515625 0.4170833328125 0.2993518515625
1 0.45093750000000005 0.3275925921875 0.45093750000000005 0.3493518515625 0.46901041718750003 0.3493518515625 0.46901041718750003 0.3275925921875 0.45093750000000005 0.3275925921875
1 0.29520833281250003 0.1109259265625 0.29520833281250003 0.1890740734375 0.43218750000000006 0.1890740734375 0.43218750000000006 0.1109259265625 0.29520833281250003 0.1109259265625
1 0.3860416671875 0.16601851875 0.3860416671875 0.2326851859375 0.46901041718750003 0.2326851859375 0.46901041718750003 0.16601851875 0.3860416671875 0.16601851875
1 0.3428125 0.0070370375 0.3428125 0.0699074078125 0.4408854171875 0.0699074078125 0.4408854171875 0.0070370375 0.3428125 0.0070370375
1 0.4113020828125 0.0570370375 0.4113020828125 0.10962962968750001 0.46177083281250003 0.10962962968750001 0.46177083281250003 0.0570370375 0.4113020828125 0.0570370375
1 0.7466145828124999 0.09675925937499999 0.7466145828124999 0.026296296875000003 0.71921875 0.026296296875000003 0.71921875 0.09675925937499999 0.7466145828124999 0.09675925937499999
3 0.9969791671875001 0.6145370375 0.9969791671875001 0.48944444374999996 0.8895312499999999 0.48944444374999996 0.8895312499999999 0.6145370375 0.9969791671875001 0.6145370375
3 0.8907812500000001 0.562222221875 0.8907812500000001 0.47583333281250006 0.828125 0.47583333281250006 0.828125 0.562222221875 0.8907812500000001 0.562222221875
3 0.9202083328124999 0.7873148140625 0.9202083328124999 0.7145370375 0.8460416671875001 0.7145370375 0.8460416671875001 0.7873148140625 0.9202083328124999 0.7873148140625
3 0.9202083328124999 0.8213888890625001 0.9202083328124999 0.7463888890625 0.8882291671875 0.7463888890625 0.8882291671875 0.8213888890625001 0.9202083328124999 0.8213888890625001
3 0.9829166671875 0.9077777781249999 0.9829166671875 0.7668518515625 0.91640625 0.7668518515625 0.91640625 0.9077777781249999 0.9829166671875 0.9077777781249999
3 0.9995312500000001 0.9441666671875 0.9995312500000001 0.8373148140625 0.9701041671875 0.8373148140625 0.9701041671875 0.9441666671875 0.9995312500000001 0.9441666671875
3 0.3540104171875 0.74 0.3540104171875 0.612222221875 0.2794791671875 0.612222221875 0.2794791671875 0.74 0.3540104171875 0.74
3 0.2231770828125 0.7486111109375 0.2231770828125 0.6190740734375 0.1745833328125 0.6190740734375 0.1745833328125 0.7486111109375 0.2231770828125 0.7486111109375
3 0.17203125 0.7987037031249999 0.17203125 0.612222221875 0.0428645828125 0.612222221875 0.0428645828125 0.7987037031249999 0.17203125 0.7987037031249999
3 0 0.7623148140625 0.06203125 0.7623148140625 0.06203125 0.6925925921875 0 0.6925925921875 0 0.7623148140625
3 0.06588541718749999 0.8146296296875001 0.06588541718749999 0.7395370375 0.0019270828125 0.7395370375 0.0019270828125 0.8146296296875001 0.06588541718749999 0.8146296296875001
3 0.0645833328125 0.8668518515624999 0.0645833328125 0.7849999999999999 0.0019270828125 0.7849999999999999 0.0019270828125 0.8668518515624999 0.0645833328125 0.8668518515624999
3 0.1141145828125 0.6059259265625 0.1141145828125 0.5125 0.0008854171875 0.5125 0.0008854171875 0.6059259265625 0.1141145828125 0.6059259265625
3 0.2088541671875 0.5650925921875001 0.2088541671875 0.50194444375 0.10453125 0.50194444375 0.10453125 0.5650925921875001 0.2088541671875 0.5650925921875001
3 0.2458854171875 0.5545370375 0.2458854171875 0.4875 0.1963020828125 0.4875 0.1963020828125 0.5545370375 0.2458854171875 0.5545370375
3 0.27989583281249997 0.4809259265625 0.27989583281249997 0.45851851874999994 0.20369791718750002 0.45851851874999994 0.20369791718750002 0.4809259265625 0.27989583281249997 0.4809259265625
3 0.27989583281249997 0.5150925921875 0.27989583281249997 0.4809259265625 0.24807291718750002 0.4809259265625 0.24807291718750002 0.5150925921875 0.27989583281249997 0.5150925921875
3 0.28359375 0.5440740734375 0.28359375 0.5150925921875 0.24807291718750002 0.5150925921875 0.24807291718750002 0.5440740734375 0.28359375 0.5440740734375
3 0.3302604171875 0.4703703703125 0.3302604171875 0.44277777812499997 0.28359375 0.44277777812499997 0.28359375 0.4703703703125 0.3302604171875 0.4703703703125
3 0.32953125 0.49935185156250006 0.32953125 0.4703703703125 0.28953125 0.4703703703125 0.28953125 0.49935185156250006 0.32953125 0.49935185156250006
3 0.33171875 0.5375 0.33171875 0.49935185156250006 0.28953125 0.49935185156250006 0.28953125 0.5375 0.33171875 0.5375
3 0.38723958281250004 0.6125 0.38723958281250004 0.5427777781249999 0.33468749999999997 0.5427777781249999 0.33468749999999997 0.6125 0.38723958281250004 0.6125
3 0.0024479171875 0.0021296296874999997 0.0024479171875 0.0731481484375 0.0796875 0.0731481484375 0.0796875 0.0021296296874999997 0.0024479171875 0.0021296296874999997
3 0.1365625 0.114259259375 0.1365625 0.04944444375 0.0779166671875 0.04944444375 0.0779166671875 0.114259259375 0.1365625 0.114259259375
3 0.0788020828125 0.0068518515625 0.0788020828125 0.06999999999999999 0.1311979171875 0.06999999999999999 0.1311979171875 0.0068518515625 0.0788020828125 0.0068518515625
3 0.0823958328125 0.003703703125 0.0823958328125 0.035277778125 0.1347916671875 0.035277778125 0.1347916671875 0.003703703125 0.0823958328125 0.003703703125
3 0.38625 0.1781481484375 0.38625 0.134722221875 0.3115104171875 0.134722221875 0.3115104171875 0.1781481484375 0.38625 0.1781481484375
3 0.38109375 0.1926851859375 0.38109375 0.16768518593749998 0.31375000000000003 0.16768518593749998 0.31375000000000003 0.1926851859375 0.38109375 0.1926851859375
3 0.3944270828125 0.2334259265625 0.3944270828125 0.2018518515625 0.3263020828125 0.2018518515625 0.3263020828125 0.2334259265625 0.3944270828125 0.2334259265625
3 0.38921875 0.2624074078125 0.38921875 0.22157407343750002 0.3559375 0.22157407343750002 0.3559375 0.2624074078125 0.38921875 0.2624074078125
3 0.3818229171875 0.2834259265625 0.3818229171875 0.2558333328125 0.3603645828125 0.2558333328125 0.3603645828125 0.2834259265625 0.3818229171875 0.2834259265625
3 0.3936979171875 0.29657407343750003 0.3936979171875 0.2715740734375 0.3803645828125 0.2715740734375 0.3803645828125 0.29657407343750003 0.3936979171875 0.29657407343750003
3 0.47942708281249996 0.50648148125 0.47942708281249996 0.4863888890625 0.46401041718749997 0.4863888890625 0.46401041718749997 0.50648148125 0.47942708281249996 0.50648148125
3 0.48354166718749997 0.5248148140625 0.48354166718749997 0.50648148125 0.46401041718749997 0.50648148125 0.46401041718749997 0.5248148140625 0.48354166718749997 0.5248148140625
3 0.4840625 0.5466666671875 0.4840625 0.5248148140625 0.46401041718749997 0.5248148140625 0.46401041718749997 0.5466666671875 0.4840625 0.5466666671875
3 0.4861458328125 0.5631481484374999 0.4861458328125 0.5466666671875 0.46401041718749997 0.5466666671875 0.46401041718749997 0.5631481484374999 0.4861458328125 0.5631481484374999
3 0.45578124999999997 0.54305555625 0.45578124999999997 0.5284259265625 0.42291666718750004 0.5284259265625 0.42291666718750004 0.54305555625 0.45578124999999997 0.54305555625
3 0.3977083328125 0.5796296296875 0.3977083328125 0.5503703703125 0.38640625 0.5503703703125 0.38640625 0.5796296296875 0.3977083328125 0.5796296296875
3 0.39979166718750003 0.599722221875 0.39979166718750003 0.573240740625 0.3858854171875 0.573240740625 0.3858854171875 0.599722221875 0.39979166718750003 0.599722221875
3 0.36994791718750003 0.5128703703124999 0.36994791718750003 0.4863888890625 0.35041666718750003 0.4863888890625 0.35041666718750003 0.5128703703124999 0.36994791718750003 0.5128703703124999
3 0.34322916718749996 0.5137962968750001 0.34322916718749996 0.4763888890625 0.32578125 0.4763888890625 0.32578125 0.5137962968750001 0.34322916718749996 0.5137962968750001
3 0.3941145828125 0.4681481484375 0.3941145828125 0.44898148125 0.34630208281249997 0.44898148125 0.34630208281249997 0.4681481484375 0.3941145828125 0.4681481484375
3 0.3941145828125 0.4863888890625 0.3941145828125 0.46907407343749996 0.36484375 0.46907407343749996 0.36484375 0.4863888890625 0.3941145828125 0.4863888890625
3 0.39515625 0.50194444375 0.39515625 0.48546296250000004 0.3663541671875 0.48546296250000004 0.3663541671875 0.50194444375 0.39515625 0.50194444375
3 0.4136458328125 0.4918518515625 0.4136458328125 0.46175925937500006 0.3977083328125 0.46175925937500006 0.3977083328125 0.4918518515625 0.4136458328125 0.4918518515625
3 0.42291666718750004 0.4891666671875 0.42291666718750004 0.4653703703125 0.41208333281250004 0.4653703703125 0.41208333281250004 0.4891666671875 0.42291666718750004 0.4891666671875
3 0.4331770828125 0.48370370312500005 0.4331770828125 0.45805555625 0.4223958328125 0.45805555625 0.4223958328125 0.48370370312500005 0.4331770828125 0.48370370312500005
3 0.44296875 0.48546296250000004 0.44296875 0.46175925937500006 0.4311458328125 0.46175925937500006 0.4311458328125 0.48546296250000004 0.44296875 0.48546296250000004
3 0.45989583281249996 0.46444444375 0.45989583281249996 0.43981481406249995 0.42651041718749994 0.43981481406249995 0.42651041718749994 0.46444444375 0.45989583281249996 0.46444444375
3 0.459375 0.4809259265625 0.459375 0.46444444375 0.44343750000000004 0.46444444375 0.44343750000000004 0.4809259265625 0.459375 0.4809259265625
3 0.46609375000000003 0.4809259265625 0.46609375000000003 0.4325 0.44604166718749994 0.4325 0.44604166718749994 0.4809259265625 0.46609375000000003 0.4809259265625
3 0.8342708328124999 0.6470370375 0.8342708328124999 0.6049074078125 0.7861458328125 0.6049074078125 0.7861458328125 0.6470370375 0.8342708328124999 0.6470370375
3 0.7861458328125 0.6390740734375 0.7861458328125 0.5890740734375 0.7572916671875001 0.5890740734375 0.7572916671875001 0.6390740734375 0.7861458328125 0.6390740734375
3 0.8612500000000001 0.7378703703125 0.8612500000000001 0.6641666671875 0.8106249999999999 0.6641666671875 0.8106249999999999 0.7378703703125 0.8612500000000001 0.7378703703125
3 0.8478125000000001 0.109722221875 0.8478125000000001 0.011018518750000001 0.821875 0.011018518750000001 0.821875 0.109722221875 0.8478125000000001 0.109722221875
3 0.8452083328125 0 0.8452083328125 0.042129629687499996 0.88890625 0.042129629687499996 0.88890625 0 0.8452083328125 0
1 0.47026041718749995 0.56101851875 0.47026041718749995 0.5781481484375 0.4871875 0.5781481484375 0.4871875 0.56101851875 0.47026041718749995 0.56101851875
3 0.2190625 0.6540740734375 0.2190625 0.7208333328125 0.24937499999999999 0.7208333328125 0.24937499999999999 0.6540740734375 0.2190625 0.6540740734375