2 0.63796875 0.3539583328125 0.63796875 0.9202083328124999 0.9785937499999999 0.9202083328124999 0.9785937499999999 0.3539583328125 0.63796875 0.3539583328125
2 0.5432812499999999 0.9970833328125 0.5432812499999999 0.5895833328125 0.3778125 0.5895833328125 0.3778125 0.9970833328125 0.5432812499999999 0.9970833328125
1 0.79125 0.5135416671875 0.79125 0.4464583328125 0.5493750000000001 0.4464583328125 0.5493750000000001 0.5135416671875 0.79125 0.5135416671875
1 0.8009375000000001 0.5470833328125 0.8009375000000001 0.4889583328125 0.54640625 0.4889583328125 0.54640625 0.5470833328125 0.8009375000000001 0.5470833328125
1 0.79609375 0.5947916671875 0.79609375 0.5160416671875 0.5532812500000001 0.5160416671875 0.5532812500000001 0.5947916671875 0.79609375 0.5947916671875
1 0.8985937500000001 0.5575 0.8985937500000001 0.6 0.9925 0.6 0.9925 0.5575 0.8985937500000001 0.5575
1 0.7737499999999999 0.8425 0.7737499999999999 0.8102083328124999 0.6596875 0.8102083328124999 0.6596875 0.8425 0.7737499999999999 0.8425
1 0.80953125 0.7729166671875001 0.80953125 0.5458333328125 0.77 0.5458333328125 0.77 0.7729166671875001 0.80953125 0.7729166671875001
1 0.65390625 0.7547916671875 0.65390625 0.8202083328124999 0.76890625 0.8202083328124999 0.76890625 0.7547916671875 0.65390625 0.7547916671875
1 0.5310937499999999 0.7631249999999999 0.5310937499999999 0.8016666671875001 0.628125 0.8016666671875001 0.628125 0.7631249999999999 0.5310937499999999 0.7631249999999999
4 0.9096875000000001 0.6327083328125 0.9096875000000001 0.4916666671875 0.81640625 0.4916666671875 0.81640625 0.6327083328125 0.9096875000000001 0.6327083328125
4 0.8971875 0.7314583328125 0.8971875 0.6275000000000001 0.83078125 0.6275000000000001 0.83078125 0.7314583328125 0.8971875 0.7314583328125
4 0.001875 0.12875 0.001875 0.7725 0.45484375000000005 0.7725 0.45484375000000005 0.12875 0.001875 0.12875
4 0.54515625 0.6864583328125 0.54515625 0.3095833328125 0.15578125 0.3095833328125 0.15578125 0.6864583328125 0.54515625 0.6864583328125
4 0.5509375000000001 0.996875 0.5509375000000001 0.6852083328125 0.26828124999999997 0.6852083328125 0.26828124999999997 0.996875 0.5509375000000001 0.996875
4 0.448125 0.996875 0.448125 0.696875 0.001875 0.696875 0.001875 0.996875 0.448125 0.996875
1 0.5314062500000001 0.7447916671875 0.5314062500000001 0.7810416671875 0.6278125 0.7810416671875 0.6278125 0.7447916671875 0.5314062500000001 0.7447916671875
1 0.5315624999999999 0.71875 0.5315624999999999 0.7489583328125 0.62546875 0.7489583328125 0.62546875 0.71875 0.5315624999999999 0.71875
1 0.5315624999999999 0.7006249999999999 0.5315624999999999 0.7306250000000001 0.62609375 0.7306250000000001 0.62609375 0.7006249999999999 0.5315624999999999 0.7006249999999999
1 0.5326562499999999 0.68125 0.5326562499999999 0.7097916671875 0.6284375 0.7097916671875 0.6284375 0.68125 0.5326562499999999 0.68125
1 0.53453125 0.655625 0.53453125 0.6860416671875 0.6285937500000001 0.6860416671875 0.6285937500000001 0.655625 0.53453125 0.655625
1 0.54078125 0.6379166671875 0.54078125 0.665625 0.6212500000000001 0.665625 0.6212500000000001 0.6379166671875 0.54078125 0.6379166671875
1 0.6259375 0.7320833328125 0.6259375 0.7495833328125 0.6481250000000001 0.7495833328125 0.6481250000000001 0.7320833328125 0.6259375 0.7320833328125
1 0.6251562500000001 0.7150000000000001 0.6251562500000001 0.7347916671875 0.65171875 0.7347916671875 0.65171875 0.7150000000000001 0.6251562500000001 0.7150000000000001
1 0.62609375 0.7029166671875 0.62609375 0.72 0.6503125 0.72 0.6503125 0.7029166671875 0.62609375 0.7029166671875
1 0.6215625 0.68875 0.6215625 0.7079166671875 0.65328125 0.7079166671875 0.65328125 0.68875 0.6215625 0.68875
1 0.6235937500000001 0.6785416671875 0.6235937500000001 0.6945833328125001 0.65109375 0.6945833328125001 0.65109375 0.6785416671875 0.6235937500000001 0.6785416671875
1 0.6253124999999999 0.6654166671875 0.6253124999999999 0.6808333328125 0.6515625 0.6808333328125 0.6515625 0.6654166671875 0.6253124999999999 0.6654166671875
1 0.651875 0.66625 0.651875 0.6495833328125 0.6165625 0.6495833328125 0.6165625 0.66625 0.651875 0.66625
1 0.65234375 0.6535416671875 0.65234375 0.6339583328125 0.59046875 0.6339583328125 0.59046875 0.6535416671875 0.65234375 0.6535416671875
1 0.65328125 0.6414583328125001 0.65328125 0.6224999999999999 0.588125 0.6224999999999999 0.588125 0.6414583328125001 0.65328125 0.6414583328125001
1 0.66015625 0.628125 0.66015625 0.6075 0.5862499999999999 0.6075 0.5862499999999999 0.628125 0.66015625 0.628125
1 0.658125 0.6131249999999999 0.658125 0.5929166671874999 0.58828125 0.5929166671874999 0.58828125 0.6131249999999999 0.658125 0.6131249999999999
1 0.9540625 0.5947916671875 0.9540625 0.8012499999999999 0.99640625 0.8012499999999999 0.99640625 0.5947916671875 0.9540625 0.5947916671875