1 0.40093750000000006 0.6235416671875 0.40093750000000006 0.5875 0.315625 0.5875 0.315625 0.6235416671875 0.40093750000000006 0.6235416671875
1 0.491875 0.6160416671875 0.491875 0.5818749999999999 0.41234374999999995 0.5818749999999999 0.41234374999999995 0.6160416671875 0.491875 0.6160416671875
1 0.03421875 0.468125 0.03421875 0.515625 0.13374999999999998 0.515625 0.13374999999999998 0.468125 0.03421875 0.468125
1 0.16359375 0.6254166671875 0.16359375 0.589375 0.1125 0.589375 0.1125 0.6254166671875 0.16359375 0.6254166671875
2 0.3625 0.675 0.3625 0.37875000000000003 0.125 0.37875000000000003 0.125 0.675 0.3625 0.675
3 0.5221875 0.0629166671875 0.5221875 0.23583333281250002 0.7029687499999999 0.23583333281250002 0.7029687499999999 0.0629166671875 0.5221875 0.0629166671875
3 0.69265625 0.3404166671875 0.69265625 0.174375 0.5221875 0.174375 0.5221875 0.3404166671875 0.69265625 0.3404166671875
3 0.8018750000000001 0.38125 0.8018750000000001 0.2585416671875 0.6859375 0.2585416671875 0.6859375 0.38125 0.8018750000000001 0.38125
3 0.70640625 0.1447916671875 0.70640625 0.2970833328125 0.80859375 0.2970833328125 0.80859375 0.1447916671875 0.70640625 0.1447916671875
3 0.9246874999999999 0.3266666671875 0.9246874999999999 0.21749999999999997 0.8035937499999999 0.21749999999999997 0.8035937499999999 0.3266666671875 0.9246874999999999 0.3266666671875
3 0.97921875 0.3585416671875 0.97921875 0.25166666718749997 0.9178124999999999 0.25166666718749997 0.9178124999999999 0.3585416671875 0.97921875 0.3585416671875
3 0.965625 0.4266666671875 0.965625 0.3447916671875 0.9126562500000001 0.3447916671875 0.9126562500000001 0.4266666671875 0.965625 0.4266666671875
3 0.9996875 0.44729166718749996 0.9996875 0.399375 0.95703125 0.399375 0.95703125 0.44729166718749996 0.9996875 0.44729166718749996
3 0.8018750000000001 0.3085416671875 0.8018750000000001 0.4108333328125 0.9229687500000001 0.4108333328125 0.9229687500000001 0.3085416671875 0.8018750000000001 0.3085416671875
3 0.78828125 0.6085416671874999 0.78828125 0.5085416671874999 0.5767187500000001 0.5085416671874999 0.5767187500000001 0.6085416671874999 0.78828125 0.6085416671874999
3 0.77796875 0.73375 0.77796875 0.6085416671874999 0.5767187500000001 0.6085416671874999 0.5767187500000001 0.73375 0.77796875 0.73375
3 0.86328125 0.7110416671875 0.86328125 0.6177083328124999 0.7693749999999999 0.6177083328124999 0.7693749999999999 0.7110416671875 0.86328125 0.7110416671875
3 0.9246874999999999 0.7064583328125 0.9246874999999999 0.6018749999999999 0.8495312500000001 0.6018749999999999 0.8495312500000001 0.7064583328125 0.9246874999999999 0.7064583328125
3 0.77453125 0.488125 0.77453125 0.5677083328125 0.9996875 0.5677083328125 0.9996875 0.488125 0.77453125 0.488125
3 0.9979687500000001 0.626875 0.9979687500000001 0.5700000000000001 0.7814062500000001 0.5700000000000001 0.7814062500000001 0.626875 0.9979687500000001 0.626875
3 0.9996875 0.6950000000000001 0.9996875 0.6291666671875 0.9075 0.6291666671875 0.9075 0.6950000000000001 0.9996875 0.6950000000000001
3 0.2425 0.8314583328125 0.2425 0.6064583328125 0.00375 0.6064583328125 0.00375 0.8314583328125 0.2425 0.8314583328125
3 0.00546875 0.445 0.00546875 0.595 0.05828124999999999 0.595 0.05828124999999999 0.445 0.00546875 0.445
3 0.0028125 0.0043749999999999995 0.0028125 0.2008333328125 0.30234375 0.2008333328125 0.30234375 0.0043749999999999995 0.0028125 0.0043749999999999995
3 0.50875 0.289375 0.50875 0.083125 0.28765625 0.083125 0.28765625 0.289375 0.50875 0.289375
3 0.2975 0.0077083328125000005 0.2975 0.1485416671875 0.50125 0.1485416671875 0.50125 0.0077083328125000005 0.2975 0.0077083328125000005