1 0.8759375 0.6643749999999999 0.8759375 0.55 0.67859375 0.55 0.67859375 0.6643749999999999 0.8759375 0.6643749999999999
1 0.91640625 0.6381249999999999 0.91640625 0.5658333328125 0.8740625 0.5658333328125 0.8740625 0.6381249999999999 0.91640625 0.6381249999999999
1 0.96578125 0.6947916671875001 0.96578125 0.6170833328125 0.91640625 0.6170833328125 0.91640625 0.6947916671875001 0.96578125 0.6947916671875001
1 0.8612500000000001 0.2341666671875 0.8612500000000001 0.1816666671875 0.8256249999999999 0.1816666671875 0.8256249999999999 0.2341666671875 0.8612500000000001 0.2341666671875
1 0.8246874999999999 0.24874999999999997 0.8246874999999999 0.21437499999999998 0.795 0.21437499999999998 0.795 0.24874999999999997 0.8246874999999999 0.24874999999999997
1 0.8196875 0.2 0.8196875 0.160625 0.79015625 0.160625 0.79015625 0.2 0.8196875 0.2
1 0.81578125 0.1447916671875 0.81578125 0.10916666718750001 0.788125 0.10916666718750001 0.788125 0.1447916671875 0.81578125 0.1447916671875
1 0.9214062500000001 0.2052083328125 0.9214062500000001 0.1433333328125 0.8670312499999999 0.1433333328125 0.8670312499999999 0.2052083328125 0.9214062500000001 0.2052083328125
1 0.9115624999999999 0.1289583328125 0.9115624999999999 0.088125 0.85234375 0.088125 0.85234375 0.1289583328125 0.9115624999999999 0.1289583328125
1 0.93125 0.0960416671875 0.93125 0.16833333281250001 0.9934375 0.16833333281250001 0.9934375 0.0960416671875 0.93125 0.0960416671875
1 0.7071875000000001 0.43937499999999996 0.7071875000000001 0.41979166718750005 0.62234375 0.41979166718750005 0.62234375 0.43937499999999996 0.7071875000000001 0.43937499999999996
1 0.70921875 0.475 0.70921875 0.45125000000000004 0.61546875 0.45125000000000004 0.61546875 0.475 0.70921875 0.475
1 0.22765624999999998 0.07375000000000001 0.22765624999999998 0.14875 0.29578125 0.14875 0.29578125 0.07375000000000001 0.22765624999999998 0.07375000000000001
1 0 0.12833333281249998 0.22890625 0.12833333281249998 0.22890625 0.00041666718749999997 0 0.00041666718749999997 0 0.12833333281249998
2 1 0.57875 0.90859375 0.57875 0.90859375 0.9981249999999999 1 0.9981249999999999 1 0.57875
4 0.0028125 0.4635416671875 0.0028125 0.8364583328125 0.08078125 0.8364583328125 0.08078125 0.4635416671875 0.0028125 0.4635416671875
3 0.19265625 0.4339583328125 0.19265625 0.3614583328125 0.038593749999999996 0.3614583328125 0.038593749999999996 0.4339583328125 0.19265625 0.4339583328125
3 0.2684375 0.41500000000000004 0.2684375 0.2935416671875 0.139375 0.2935416671875 0.139375 0.41500000000000004 0.2684375 0.41500000000000004
3 0.296875 0.405625 0.296875 0.36291666718750004 0.24937499999999999 0.36291666718750004 0.24937499999999999 0.405625 0.296875 0.405625
3 0.32171875 0.36770833281250004 0.32171875 0.32979166718749997 0.26015625 0.32979166718749997 0.26015625 0.36770833281250004 0.32171875 0.36770833281250004
3 0.33234375 0.3991666671875 0.33234375 0.3691666671875 0.296875 0.3691666671875 0.296875 0.3991666671875 0.33234375 0.3991666671875
3 0.35609375 0.3614583328125 0.35609375 0.3314583328125 0.31109375 0.3314583328125 0.31109375 0.3614583328125 0.35609375 0.3614583328125
3 0.35609375 0.3991666671875 0.35609375 0.36291666718750004 0.3253125 0.36291666718750004 0.3253125 0.3991666671875 0.35609375 0.3991666671875
3 0.37374999999999997 0.3708333328125 0.37374999999999997 0.3408333328125 0.35609375 0.3408333328125 0.35609375 0.3708333328125 0.37374999999999997 0.3708333328125
3 0.37374999999999997 0.4025 0.37374999999999997 0.3708333328125 0.34890625000000003 0.3708333328125 0.34890625000000003 0.4025 0.37374999999999997 0.4025
3 0.39625 0.3725 0.39625 0.3377083328125 0.37265625 0.3377083328125 0.37265625 0.3725 0.39625 0.3725
3 0.39625 0.3929166671875 0.39625 0.3725 0.37859375 0.3725 0.37859375 0.3929166671875 0.39625 0.3929166671875
3 0.41531250000000003 0.3725 0.41531250000000003 0.3470833328125 0.3903125 0.3470833328125 0.3903125 0.3725 0.41531250000000003 0.3725
3 0.41281249999999997 0.3945833328125 0.41281249999999997 0.3739583328125 0.39625 0.3739583328125 0.39625 0.3945833328125 0.41281249999999997 0.3945833328125
3 0.29093749999999996 0.5177083328125 0.29093749999999996 0.46875 0.15828124999999998 0.46875 0.15828124999999998 0.5177083328125 0.29093749999999996 0.5177083328125
3 0.2009375 0.5035416671874999 0.2009375 0.4608333328125 0.09078125000000001 0.4608333328125 0.09078125000000001 0.5035416671874999 0.2009375 0.5035416671874999
3 0.31453125000000004 0.5477083328125001 0.31453125000000004 0.4939583328125 0.091875 0.4939583328125 0.091875 0.5477083328125001 0.31453125000000004 0.5477083328125001
3 0.19265625 0.6139583328125 0.19265625 0.5508333328125 0.06828125 0.5508333328125 0.06828125 0.6139583328125 0.19265625 0.6139583328125
3 0.16421875 0.6504166671875 0.16421875 0.5650000000000001 0.049375 0.5650000000000001 0.049375 0.6504166671875 0.16421875 0.6504166671875
3 0.37374999999999997 0.46875 0.37374999999999997 0.43187499999999995 0.30671875000000004 0.43187499999999995 0.30671875000000004 0.46875 0.37374999999999997 0.46875
3 0.366875 0.49895833281249996 0.366875 0.46875 0.30671875000000004 0.46875 0.30671875000000004 0.49895833281249996 0.366875 0.49895833281249996
3 0.37484375000000003 0.4925 0.37484375000000003 0.4620833328125 0.361875 0.4620833328125 0.361875 0.4925 0.37484375000000003 0.4925
3 0.3975 0.48708333281250005 0.3975 0.44770833281250005 0.36890625 0.44770833281250005 0.36890625 0.48708333281250005 0.3975 0.48708333281250005
3 0.4103125 0.43062500000000004 0.4103125 0.4029166671875 0.34609375 0.4029166671875 0.34609375 0.43062500000000004 0.4103125 0.43062500000000004
3 0.41328125 0.45416666718750004 0.41328125 0.42395833281249995 0.35109375 0.42395833281249995 0.35109375 0.45416666718750004 0.41328125 0.45416666718750004
3 0.4171875 0.47791666718750003 0.4171875 0.4516666671875 0.390625 0.4516666671875 0.390625 0.47791666718750003 0.4171875 0.47791666718750003
3 0.43296875 0.4291666671875 0.43296875 0.40041666718749996 0.40140624999999996 0.40041666718749996 0.40140624999999996 0.4291666671875 0.43296875 0.4291666671875
3 0.42703125000000003 0.45041666718749995 0.42703125000000003 0.42395833281249995 0.41125 0.42395833281249995 0.41125 0.45041666718749995 0.42703125000000003 0.45041666718749995
3 0.42515625 0.4727083328125 0.42515625 0.44895833281249997 0.40140624999999996 0.44895833281249997 0.40140624999999996 0.4727083328125 0.42515625 0.4727083328125
3 0.44875 0.3885416671875 0.44875 0.3410416671875 0.42312500000000003 0.3410416671875 0.42312500000000003 0.3885416671875 0.44875 0.3885416671875
3 0.4409375 0.46604166718749995 0.4409375 0.43979166718749996 0.42515625 0.43979166718749996 0.42515625 0.46604166718749995 0.4409375 0.46604166718749995
3 0.46265625000000005 0.4266666671875 0.46265625000000005 0.41208333281250004 0.44484375 0.41208333281250004 0.44484375 0.4266666671875 0.46265625000000005 0.4266666671875
3 0.46265625000000005 0.383125 0.46265625000000005 0.3489583328125 0.44484375 0.3489583328125 0.44484375 0.383125 0.46265625000000005 0.383125
3 0.9418749999999999 0.3154166671875 0.9418749999999999 0.28375 0.87765625 0.28375 0.87765625 0.3154166671875 0.9418749999999999 0.3154166671875
3 0.9428124999999999 0.348125 0.9428124999999999 0.3154166671875 0.8728125 0.3154166671875 0.8728125 0.348125 0.9428124999999999 0.348125
3 0.9467187499999999 0.3745833328125 0.9467187499999999 0.348125 0.87375 0.348125 0.87375 0.3745833328125 0.9467187499999999 0.3745833328125
3 0.9467187499999999 0.41 0.9467187499999999 0.3745833328125 0.8815625 0.3745833328125 0.8815625 0.41 0.9467187499999999 0.41