1 0.42046875000000006 0.7604166671875 0.42046875000000006 0.8239583328125001 0.55765625 0.8239583328125001 0.55765625 0.7604166671875 0.42046875000000006 0.7604166671875
1 0.3509375 0.7985416671875 0.3509375 0.7547916671875 0.27749999999999997 0.7547916671875 0.27749999999999997 0.7985416671875 0.3509375 0.7985416671875
1 0.35203125 0.7095833328125 0.35203125 0.6708333328125 0.27937500000000004 0.6708333328125 0.27937500000000004 0.7095833328125 0.35203125 0.7095833328125
1 0.34515625 0.7535416671874999 0.34515625 0.72 0.2784375 0.72 0.2784375 0.7535416671874999 0.34515625 0.7535416671874999
1 0.2784375 0.6929166671875 0.2784375 0.663125 0.17203125 0.663125 0.17203125 0.6929166671875 0.2784375 0.6929166671875
1 0.27546875000000004 0.7314583328125 0.27546875000000004 0.7058333328125 0.19046875000000002 0.7058333328125 0.19046875000000002 0.7314583328125 0.27546875000000004 0.7314583328125
1 0.27546875000000004 0.7741666671874999 0.27546875000000004 0.7418750000000001 0.206875 0.7418750000000001 0.206875 0.7741666671874999 0.27546875000000004 0.7741666671874999
1 0.3471875 0.9172916671875001 0.3471875 0.9997916671875 0.47874999999999995 0.9997916671875 0.47874999999999995 0.9172916671875001 0.3471875 0.9172916671875001
2 0.9268750000000001 0.8864583328125001 0.9268750000000001 0.5891666671875 0.8106249999999999 0.5891666671875 0.8106249999999999 0.8864583328125001 0.9268750000000001 0.8864583328125001
2 0.40671875 0.803125 0.40671875 0.6185416671875 0.323125 0.6185416671875 0.323125 0.803125 0.40671875 0.803125
2 0.20578124999999997 0.7737499999999999 0.20578124999999997 0.675 0.1596875 0.675 0.1596875 0.7737499999999999 0.20578124999999997 0.7737499999999999
4 0.94140625 0.6725 0.94140625 0.43645833281249996 0.7971874999999999 0.43645833281249996 0.7971874999999999 0.6725 0.94140625 0.6725
4 0.9490624999999999 0.8864583328125001 0.9490624999999999 0.6583333328125 0.79421875 0.6583333328125 0.79421875 0.8864583328125001 0.9490624999999999 0.8864583328125001
4 0.7884375 0.42874999999999996 0.7884375 0.3391666671875 0.6846875 0.3391666671875 0.6846875 0.42874999999999996 0.7884375 0.42874999999999996
4 0.7990625 0.500625 0.7990625 0.42374999999999996 0.6846875 0.42374999999999996 0.6846875 0.500625 0.7990625 0.500625
4 0.7971874999999999 0.5827083328125 0.7971874999999999 0.499375 0.6884375 0.499375 0.6884375 0.5827083328125 0.7971874999999999 0.5827083328125
4 0.79609375 0.6608333328125 0.79609375 0.5827083328125 0.6846875 0.5827083328125 0.6846875 0.6608333328125 0.79609375 0.6608333328125
4 0.79515625 0.7379166671874999 0.79515625 0.6608333328125 0.6875 0.6608333328125 0.6875 0.7379166671874999 0.79515625 0.7379166671874999
4 0.7932812499999999 0.8275 0.7932812499999999 0.7352083328125001 0.68265625 0.7352083328125001 0.68265625 0.8275 0.7932812499999999 0.8275
4 1 0.6441666671874999 0.9346875000000001 0.6441666671874999 0.9346875000000001 0.8635416671874999 1 0.8635416671874999 1 0.6441666671874999
4 0.9375 0.4379166671875 0.9375 0.6429166671875 0.99609375 0.6429166671875 0.99609375 0.4379166671875 0.9375 0.4379166671875
4 0.18078125 0.7697916671875 0.18078125 0.6275000000000001 0.08359375 0.6275000000000001 0.08359375 0.7697916671875 0.18078125 0.7697916671875
4 0.6725 0.8233333328124999 0.6725 0.71875 0.5739062500000001 0.71875 0.5739062500000001 0.8233333328124999 0.6725 0.8233333328124999