1 0.15640625 0.2235416671875 0.15640625 0.20750000000000002 0.143125 0.20750000000000002 0.143125 0.2235416671875 0.15640625 0.2235416671875
1 0.1859375 0.20208333281250002 0.1859375 0.1833333328125 0.17109375 0.1833333328125 0.17109375 0.20208333281250002 0.1859375 0.20208333281250002
1 0.19468749999999999 0.3014583328125 0.19468749999999999 0.2833333328125 0.17859375 0.2833333328125 0.17859375 0.3014583328125 0.19468749999999999 0.3014583328125
1 0.21812499999999999 0.2939583328125 0.21812499999999999 0.27875 0.1965625 0.27875 0.1965625 0.2939583328125 0.21812499999999999 0.2939583328125
1 0.13046875 0.31062500000000004 0.13046875 0.3002083328125 0.12140625000000001 0.3002083328125 0.12140625000000001 0.31062500000000004 0.13046875 0.31062500000000004
1 0.20296875 0.1895833328125 0.20296875 0.1716666671875 0.18562499999999998 0.1716666671875 0.18562499999999998 0.1895833328125 0.20296875 0.1895833328125
1 0.2509375 0.160625 0.2509375 0.13625 0.22640625 0.13625 0.22640625 0.160625 0.2509375 0.160625
1 0.2790625 0.146875 0.2790625 0.115625 0.24890625000000002 0.115625 0.24890625000000002 0.146875 0.2790625 0.146875
1 0.241875 0.2939583328125 0.241875 0.2714583328125 0.2209375 0.2714583328125 0.2209375 0.2939583328125 0.241875 0.2939583328125
1 0.29640625 0.285625 0.29640625 0.26208333281249996 0.24140625 0.26208333281249996 0.24140625 0.285625 0.29640625 0.285625
1 0.24203125 0.3227083328125 0.24203125 0.30520833281250004 0.21953125 0.30520833281250004 0.21953125 0.3227083328125 0.24203125 0.3227083328125
1 0.2759375 0.321875 0.2759375 0.299375 0.24109375000000002 0.299375 0.24109375000000002 0.321875 0.2759375 0.321875
1 0.3103125 0.31083333281250003 0.3103125 0.2935416671875 0.274375 0.2935416671875 0.274375 0.31083333281250003 0.3103125 0.31083333281250003
1 0.18109375 0.4308333328125 0.18109375 0.4091666671875 0.1053125 0.4091666671875 0.1053125 0.4308333328125 0.18109375 0.4308333328125
1 0.18296874999999999 0.4608333328125 0.18296874999999999 0.43666666718749997 0.10171875 0.43666666718749997 0.10171875 0.4608333328125 0.18296874999999999 0.4608333328125
1 0.23640625 0.46687500000000004 0.23640625 0.44875 0.2146875 0.44875 0.2146875 0.46687500000000004 0.23640625 0.46687500000000004
1 0.3040625 0.4479166671875 0.3040625 0.4291666671875 0.26515625 0.4291666671875 0.26515625 0.4479166671875 0.3040625 0.4479166671875
1 0.29109375000000004 0.46645833281250004 0.29109375000000004 0.446875 0.26156250000000003 0.446875 0.26156250000000003 0.46645833281250004 0.29109375000000004 0.46645833281250004
1 0.2890625 0.48375 0.2890625 0.4608333328125 0.26078125 0.4608333328125 0.26078125 0.48375 0.2890625 0.48375
1 0.4565625 0.5695833328125001 0.4565625 0.5102083328125 0.28500000000000003 0.5102083328125 0.28500000000000003 0.5695833328125001 0.4565625 0.5695833328125001
1 0.8026562500000001 0.6212500000000001 0.8026562500000001 0.5620833328125 0.68640625 0.5620833328125 0.68640625 0.6212500000000001 0.8026562500000001 0.6212500000000001
1 0.294375 0.0452083328125 0.294375 0.008541667187500001 0.263125 0.008541667187500001 0.263125 0.0452083328125 0.294375 0.0452083328125
1 0.29515625 0 0.29515625 0.0164583328125 0.31671875 0.0164583328125 0.31671875 0 0.29515625 0
1 0.32078125 0.12625 0.32078125 0.093125 0.28125 0.093125 0.28125 0.12625 0.32078125 0.12625
1 0.36921875000000004 0.10187500000000001 0.36921875000000004 0.0645833328125 0.32406250000000003 0.0645833328125 0.32406250000000003 0.10187500000000001 0.36921875000000004 0.10187500000000001
1 0.42078125 0.074375 0.42078125 0.03375 0.3703125 0.03375 0.3703125 0.074375 0.42078125 0.074375
1 0.48921875000000004 0.047291667187500004 0.48921875000000004 0.0039583328125 0.42109375 0.0039583328125 0.42109375 0.047291667187500004 0.48921875000000004 0.047291667187500004
1 0.4340625 0.145625 0.4340625 0.1110416671875 0.36453125000000003 0.1110416671875 0.36453125000000003 0.145625 0.4340625 0.145625
1 0.3628125 0.165625 0.3628125 0.1304166671875 0.3178125 0.1304166671875 0.3178125 0.165625 0.3628125 0.165625
1 0.36 0.2010416671875 0.36 0.17124999999999999 0.31828124999999996 0.17124999999999999 0.31828124999999996 0.2010416671875 0.36 0.2010416671875
1 0.42000000000000004 0.18895833281250002 0.42000000000000004 0.1564583328125 0.36109375 0.1564583328125 0.36109375 0.18895833281250002 0.42000000000000004 0.18895833281250002
1 0.4890625 0.16833333281250001 0.4890625 0.1302083328125 0.42015624999999995 0.1302083328125 0.42015624999999995 0.16833333281250001 0.4890625 0.16833333281250001
1 0.48609375000000005 0.216875 0.48609375000000005 0.1789583328125 0.42000000000000004 0.1789583328125 0.42000000000000004 0.216875 0.48609375000000005 0.216875
1 0.41921875000000003 0.2316666671875 0.41921875000000003 0.2022916671875 0.36078125 0.2022916671875 0.36078125 0.2316666671875 0.41921875000000003 0.2316666671875
1 0.35921875000000003 0.24500000000000002 0.35921875000000003 0.2152083328125 0.31328125 0.2152083328125 0.31328125 0.24500000000000002 0.35921875000000003 0.24500000000000002
1 0.81703125 0.10500000000000001 0.81703125 0.0641666671875 0.6959375 0.0641666671875 0.6959375 0.10500000000000001 0.81703125 0.10500000000000001
1 0.8253125000000001 0.1720833328125 0.8253125000000001 0.13374999999999998 0.70546875 0.13374999999999998 0.70546875 0.1720833328125 0.8253125000000001 0.1720833328125
1 0.694375 0.179375 0.694375 0.1416666671875 0.63234375 0.1416666671875 0.63234375 0.179375 0.694375 0.179375
1 0.6095312500000001 0.1427083328125 0.6095312500000001 0.0997916671875 0.50515625 0.0997916671875 0.50515625 0.1427083328125 0.6095312500000001 0.1427083328125
1 0.26515625 0.4735416671875 0.26515625 0.45479166718749997 0.24312499999999998 0.45479166718749997 0.24312499999999998 0.4735416671875 0.26515625 0.4735416671875
2 0.6646875 0.6470833328125 0.6646875 0.1070833328125 0.44718749999999996 0.1070833328125 0.44718749999999996 0.6470833328125 0.6646875 0.6470833328125
4 0 0.9981249999999999 0.17015625 0.9981249999999999 0.17015625 0.37625000000000003 0 0.37625000000000003 0 0.9981249999999999
3 0.7162499999999999 0.3916666671875 0.7162499999999999 0.3647916671875 0.6859375 0.3647916671875 0.6859375 0.3916666671875 0.7162499999999999 0.3916666671875
3 0.6837500000000001 0.3902083328125 0.6837500000000001 0.361875 0.66359375 0.361875 0.66359375 0.3902083328125 0.6837500000000001 0.3902083328125