1 0 0.5266666671875 0.35875 0.5266666671875 0.35875 0.3404166671875 0 0.3404166671875 0 0.5266666671875
1 0 0.8108333328124999 0.35484375 0.8108333328124999 0.35484375 0.6466666671875 0 0.6466666671875 0 0.8108333328124999
1 0.82890625 0.774375 0.82890625 0.69625 0.7478125 0.69625 0.7478125 0.774375 0.82890625 0.774375
1 0.9081250000000001 0.7247916671875 0.9081250000000001 0.681875 0.8309374999999999 0.681875 0.8309374999999999 0.7247916671875 0.9081250000000001 0.7247916671875
1 0.87984375 0.3977083328125 0.87984375 0.30375 0.7634375 0.30375 0.7634375 0.3977083328125 0.87984375 0.3977083328125
1 0.94046875 0.43541666718750005 0.94046875 0.3572916671875 0.87984375 0.3572916671875 0.87984375 0.43541666718750005 0.94046875 0.43541666718750005
1 0.75171875 0.22833333281249998 0.75171875 0.0666666671875 0.5953125 0.0666666671875 0.5953125 0.22833333281249998 0.75171875 0.22833333281249998
1 0.45265625 0 0.45265625 0.1227083328125 0.6129687500000001 0.1227083328125 0.6129687500000001 0 0.45265625 0
1 0.8300000000000001 0 0.8300000000000001 0.0979166671875 0.90625 0.0979166671875 0.90625 0 0.8300000000000001 0
1 0.94046875 0.15125 0.94046875 0.0627083328125 0.8964062500000001 0.0627083328125 0.8964062500000001 0.15125 0.94046875 0.15125
1 0.975625 0.45625 0.975625 0.4029166671875 0.9365625 0.4029166671875 0.9365625 0.45625 0.975625 0.45625
1 0.44671874999999994 0.680625 0.44671874999999994 0.6154166671875 0.34796875 0.6154166671875 0.34796875 0.680625 0.44671874999999994 0.680625