1 0.021406249999999998 0 0.021406249999999998 0.0822916671875 0.1828125 0.0822916671875 0.1828125 0 0.021406249999999998 0
1 0.38125 0.1747916671875 0.38125 0.0079166671875 0.18578125 0.0079166671875 0.18578125 0.1747916671875 0.38125 0.1747916671875
1 0 0.39375 0.3665625 0.39375 0.3665625 0.2764583328125 0 0.2764583328125 0 0.39375
1 0.36265625 0.5241666671874999 0.36265625 0.4264583328125 0.001875 0.4264583328125 0.001875 0.5241666671874999 0.36265625 0.5241666671874999
1 0.35484375 0.7535416671874999 0.35484375 0.6610416671875 0.15437499999999998 0.6610416671875 0.15437499999999998 0.7535416671874999 0.35484375 0.7535416671874999
1 0 0.775625 0.14765625 0.775625 0.14765625 0.681875 0 0.681875 0 0.775625
1 0.5034375 0.39895833281250004 0.5034375 0.32458333281249996 0.38421875 0.32458333281249996 0.38421875 0.39895833281250004 0.5034375 0.39895833281250004
1 0.53078125 0.2595833328125 0.53078125 0.1422916671875 0.3909375 0.1422916671875 0.3909375 0.2595833328125 0.53078125 0.2595833328125
1 0.526875 0.1447916671875 0.526875 0.0235416671875 0.3959375 0.0235416671875 0.3959375 0.1447916671875 0.526875 0.1447916671875
1 0.6178125 0.3064583328125 0.6178125 0.2125 0.52296875 0.2125 0.52296875 0.3064583328125 0.6178125 0.3064583328125
1 0.693125 0.258125 0.693125 0.1747916671875 0.56015625 0.1747916671875 0.56015625 0.258125 0.693125 0.258125
1 0.6910937500000001 0.3416666671875 0.6910937500000001 0.27 0.61 0.27 0.61 0.3416666671875 0.6910937500000001 0.3416666671875
1 0.64125 0 0.64125 0.0522916671875 0.7009375 0.0522916671875 0.7009375 0 0.64125 0
1 0.7634375 0.1160416671875 0.7634375 0.0195833328125 0.7028125000000001 0.0195833328125 0.7028125000000001 0.1160416671875 0.7634375 0.1160416671875
1 0.8025 0.0847916671875 0.8025 0.0235416671875 0.764375 0.0235416671875 0.764375 0.0847916671875 0.8025 0.0847916671875
1 0.8015625 0.1604166671875 0.8015625 0.0875 0.7615624999999999 0.0875 0.7615624999999999 0.1604166671875 0.8015625 0.1604166671875
1 0.8339062500000001 0.19958333281250001 0.8339062500000001 0.1408333328125 0.79859375 0.1408333328125 0.79859375 0.19958333281250001 0.8339062500000001 0.19958333281250001
1 0.7546875 0.2972916671875 0.7546875 0.2335416671875 0.693125 0.2335416671875 0.693125 0.2972916671875 0.7546875 0.2972916671875
1 0.7928124999999999 0.3260416671875 0.7928124999999999 0.2816666671875 0.75171875 0.2816666671875 0.75171875 0.3260416671875 0.7928124999999999 0.3260416671875
1 0.74875 0.37687499999999996 0.74875 0.318125 0.69015625 0.318125 0.69015625 0.37687499999999996 0.74875 0.37687499999999996
1 0.7946875 0.3964583328125 0.7946875 0.346875 0.7459374999999999 0.346875 0.7459374999999999 0.3964583328125 0.7946875 0.3964583328125
1 0.8231249999999999 0.410625 0.8231249999999999 0.3729166671875 0.79078125 0.3729166671875 0.79078125 0.410625 0.8231249999999999 0.410625
1 0.7379687500000001 0.4641666671875 0.7379687500000001 0.42770833281250004 0.69015625 0.42770833281250004 0.69015625 0.4641666671875 0.7379687500000001 0.4641666671875
1 0.78796875 0.47729166718749994 0.78796875 0.44729166718749996 0.74 0.44729166718749996 0.74 0.47729166718749994 0.78796875 0.47729166718749994
1 0.6910937500000001 0.5670833328125 0.6910937500000001 0.5241666671874999 0.58546875 0.5241666671874999 0.58546875 0.5670833328125 0.6910937500000001 0.5670833328125
1 0.5845312500000001 0.5997916671875 0.5845312500000001 0.5489583328125 0.49749999999999994 0.5489583328125 0.49749999999999994 0.5997916671875 0.5845312500000001 0.5997916671875
1 0.58546875 0.6975 0.58546875 0.6375 0.48968749999999994 0.6375 0.48968749999999994 0.6975 0.58546875 0.6975
1 0.68421875 0.684375 0.68421875 0.635 0.5845312500000001 0.635 0.5845312500000001 0.684375 0.68421875 0.684375
1 0.8201562499999999 0.5422916671875 0.8201562499999999 0.5085416671874999 0.7859375 0.5085416671874999 0.7859375 0.5422916671875 0.8201562499999999 0.5422916671875
1 0.8543749999999999 0.499375 0.8543749999999999 0.471875 0.8270312499999999 0.471875 0.8270312499999999 0.499375 0.8543749999999999 0.499375
1 0.8231249999999999 0.6010416671875001 0.8231249999999999 0.5658333328125 0.78203125 0.5658333328125 0.78203125 0.6010416671875001 0.8231249999999999 0.6010416671875001
1 0.82109375 0.6583333328125 0.82109375 0.623125 0.78203125 0.623125 0.78203125 0.6583333328125 0.82109375 0.6583333328125
1 0.8748437499999999 0.623125 0.8748437499999999 0.6010416671875001 0.8465624999999999 0.6010416671875001 0.8465624999999999 0.623125 0.8748437499999999 0.623125
1 0.98734375 0.6610416671875 0.98734375 0.6258333328125001 0.8846875000000001 0.6258333328125001 0.8846875000000001 0.6610416671875 0.98734375 0.6610416671875
1 0.8787499999999999 0.63875 0.8787499999999999 0.623125 0.8484375 0.623125 0.8484375 0.63875 0.8787499999999999 0.63875
4 0.6653125 0.448125 0.6653125 0.67125 0.74609375 0.67125 0.74609375 0.448125 0.6653125 0.448125
4 0.52109375 0.7135416671875 0.52109375 0.3647916671875 0.3625 0.3647916671875 0.3625 0.7135416671875 0.52109375 0.7135416671875
4 0.8009375000000001 0.6647916671874999 0.8009375000000001 0.4685416671875 0.735625 0.4685416671875 0.735625 0.6647916671874999 0.8009375000000001 0.6647916671874999
4 0.8653124999999999 0.6558333328125 0.8653124999999999 0.4839583328125 0.8134375 0.4839583328125 0.8134375 0.6558333328125 0.8653124999999999 0.6558333328125
3 0.9875 0.639375 0.9875 0.5710416671874999 0.93328125 0.5710416671874999 0.93328125 0.639375 0.9875 0.639375
3 0.99640625 0.36583333281249997 0.99640625 0.336875 0.943125 0.336875 0.943125 0.36583333281249997 0.99640625 0.36583333281249997
3 0.99734375 0.3920833328125 0.99734375 0.36583333281249997 0.94703125 0.36583333281249997 0.94703125 0.3920833328125 0.99734375 0.3920833328125
3 0.94796875 0.36583333281249997 0.94796875 0.339375 0.89765625 0.339375 0.89765625 0.36583333281249997 0.94796875 0.36583333281249997
3 0.94703125 0.39729166718750003 0.94703125 0.3670833328125 0.89578125 0.3670833328125 0.89578125 0.39729166718750003 0.94703125 0.39729166718750003
3 0.94703125 0.41979166718750005 0.94703125 0.39729166718750003 0.89765625 0.39729166718750003 0.89765625 0.41979166718750005 0.94703125 0.41979166718750005
3 0.94203125 0.44729166718749996 0.94203125 0.41979166718750005 0.89765625 0.41979166718750005 0.89765625 0.44729166718749996 0.94203125 0.44729166718749996
3 0.943125 0.46979166718750004 0.943125 0.44729166718749996 0.8917187500000001 0.44729166718749996 0.8917187500000001 0.46979166718750004 0.943125 0.46979166718750004
3 0.943125 0.4920833328125 0.943125 0.46979166718750004 0.8917187500000001 0.46979166718750004 0.8917187500000001 0.4920833328125 0.943125 0.4920833328125
3 0.94109375 0.5170833328125 0.94109375 0.4947916671875 0.8878125000000001 0.4947916671875 0.8878125000000001 0.5170833328125 0.94109375 0.5170833328125
3 0.94015625 0.5420833328125 0.94015625 0.5170833328125 0.8887499999999999 0.5170833328125 0.8887499999999999 0.5420833328125 0.94015625 0.5420833328125
3 0.93921875 0.5658333328125 0.93921875 0.5420833328125 0.89578125 0.5420833328125 0.89578125 0.5658333328125 0.93921875 0.5658333328125
3 0.93625 0.5856250000000001 0.93625 0.563125 0.88984375 0.563125 0.88984375 0.5856250000000001 0.93625 0.5856250000000001
3 0.9371875 0.6066666671875 0.9371875 0.5856250000000001 0.8878125000000001 0.5856250000000001 0.8878125000000001 0.6066666671875 0.9371875 0.6066666671875
3 0.93125 0.635625 0.93125 0.6052083328125 0.88984375 0.6052083328125 0.88984375 0.635625 0.93125 0.635625
3 0.9959374999999999 0.5743750000000001 0.9959374999999999 0.5508333328125 0.936875 0.5508333328125 0.936875 0.5743750000000001 0.9959374999999999 0.5743750000000001
3 0.9959374999999999 0.5491666671875 0.9959374999999999 0.5191666671874999 0.934375 0.5191666671874999 0.934375 0.5491666671875 0.9959374999999999 0.5491666671875
3 0.9925 0.5191666671874999 0.9925 0.4954166671875 0.9379687499999999 0.4954166671875 0.9379687499999999 0.5191666671874999 0.9925 0.5191666671874999
1 0.8640625 0.26625 0.8640625 0.246875 0.8360937500000001 0.246875 0.8360937500000001 0.26625 0.8640625 0.26625
1 0.8315625000000001 0.2708333328125 0.8315625000000001 0.28125 0.86296875 0.28125 0.86296875 0.2708333328125 0.8315625000000001 0.2708333328125
1 0.8684375 0.2991666671875 0.8684375 0.28125 0.83265625 0.28125 0.83265625 0.2991666671875 0.8684375 0.2991666671875
1 0.8684375 0.3020833328125 0.8684375 0.2991666671875 0.829375 0.2991666671875 0.829375 0.3020833328125 0.8684375 0.3020833328125
1 0.86296875 0.323125 0.86296875 0.3020833328125 0.829375 0.3020833328125 0.829375 0.323125 0.86296875 0.323125
1 0.86296875 0.3304166671875 0.86296875 0.323125 0.829375 0.323125 0.829375 0.3304166671875 0.86296875 0.3304166671875
1 0.8584375 0.3439583328125 0.8584375 0.3304166671875 0.829375 0.3304166671875 0.829375 0.3439583328125 0.8584375 0.3439583328125
1 0.8584375 0.3514583328125 0.8584375 0.3439583328125 0.828125 0.3439583328125 0.828125 0.3514583328125 0.8584375 0.3514583328125
1 0.850625 0.3633333328125 0.850625 0.35291666718750003 0.828125 0.35291666718750003 0.828125 0.3633333328125 0.850625 0.3633333328125
1 0.850625 0.3752083328125 0.850625 0.3633333328125 0.83046875 0.3633333328125 0.83046875 0.3752083328125 0.850625 0.3752083328125
1 0.8573437500000001 0.3916666671875 0.8573437500000001 0.3752083328125 0.83046875 0.3752083328125 0.83046875 0.3916666671875 0.8573437500000001 0.3916666671875
1 0.8360937500000001 0.3991666671875 0.8360937500000001 0.42000000000000004 0.85625 0.42000000000000004 0.85625 0.3991666671875 0.8360937500000001 0.3991666671875