1 0 0.9152083328125 0.1671875 0.9152083328125 0.1671875 0.7875 0 0.7875 0 0.9152083328125
1 0.63734375 0.7979166671875 0.63734375 0.6075 0.1896875 0.6075 0.1896875 0.7979166671875 0.63734375 0.7979166671875
1 0.5376562500000001 0.166875 0.5376562500000001 0.041875 0.20625 0.041875 0.20625 0.166875 0.5376562500000001 0.166875
1 0.7409375 0.2464583328125 0.7409375 0.1447916671875 0.53859375 0.1447916671875 0.53859375 0.2464583328125 0.7409375 0.2464583328125
1 0.8103125 0.2791666671875 0.8103125 0.2164583328125 0.73703125 0.2164583328125 0.73703125 0.2791666671875 0.8103125 0.2791666671875
1 0.73609375 0.6270833328125 0.73609375 0.5345833328125 0.62953125 0.5345833328125 0.62953125 0.6270833328125 0.73609375 0.6270833328125
1 0.8171875 0.5735416671875 0.8171875 0.5122916671875 0.7321875 0.5122916671875 0.7321875 0.5735416671875 0.8171875 0.5735416671875
1 0.8699999999999999 0.5333333328125 0.8699999999999999 0.49145833281250006 0.8171875 0.49145833281250006 0.8171875 0.5333333328125 0.8699999999999999 0.5333333328125
1 0.8787499999999999 0.32083333281250004 0.8787499999999999 0.28291666718749997 0.8279687499999999 0.28291666718749997 0.8279687499999999 0.32083333281250004 0.8787499999999999 0.32083333281250004
1 0.9090624999999999 0.3389583328125 0.9090624999999999 0.30520833281250004 0.8768750000000001 0.30520833281250004 0.8768750000000001 0.3389583328125 0.9090624999999999 0.3389583328125
1 0.90234375 0.5085416671874999 0.90234375 0.47458333281250004 0.868125 0.47458333281250004 0.868125 0.5085416671874999 0.90234375 0.5085416671874999
1 0.9237500000000001 0.49291666718749994 0.9237500000000001 0.46666666718750005 0.899375 0.46666666718750005 0.899375 0.49291666718749994 0.9237500000000001 0.49291666718749994
1 0.93453125 0.48250000000000004 0.93453125 0.46291666718749996 0.9228125 0.46291666718749996 0.9228125 0.48250000000000004 0.93453125 0.48250000000000004
1 0.96 0.469375 0.96 0.45375 0.94828125 0.45375 0.94828125 0.469375 0.96 0.469375
1 0.92609375 0.3452083328125 0.92609375 0.32166666718750003 0.90703125 0.32166666718750003 0.90703125 0.3452083328125 0.92609375 0.3452083328125
1 0.7565625 0 0.7565625 0.0764583328125 0.8271875 0.0764583328125 0.8271875 0 0.7565625 0
1 0.8675 0.12625 0.8675 0.0616666671875 0.8246874999999999 0.0616666671875 0.8246874999999999 0.12625 0.8675 0.12625