1 0.76046875 0.7683333328125 0.76046875 0.685625 0.6559375000000001 0.685625 0.6559375000000001 0.7683333328125 0.76046875 0.7683333328125
1 0.8295312499999999 0.7460416671875 0.8295312499999999 0.67625 0.7535937500000001 0.67625 0.7535937500000001 0.7460416671875 0.8295312499999999 0.7460416671875
1 0.8365625 0.5658333328125 0.8365625 0.5158333328125 0.75265625 0.5158333328125 0.75265625 0.5658333328125 0.8365625 0.5658333328125
1 0.7684375 0.338125 0.7684375 0.20916666718750002 0.656875 0.20916666718750002 0.656875 0.338125 0.7684375 0.338125
1 0.84640625 0.375 0.84640625 0.27625 0.7732812499999999 0.27625 0.7732812499999999 0.375 0.84640625 0.375
1 0.8878125000000001 0.3960416671875 0.8878125000000001 0.33166666718750004 0.8425 0.33166666718750004 0.8425 0.3960416671875 0.8878125000000001 0.3960416671875
1 0.94203125 0.7027083328125 0.94203125 0.6579166671875 0.89671875 0.6579166671875 0.89671875 0.7027083328125 0.94203125 0.7027083328125
1 0.9785937499999999 0.6972916671875 0.9785937499999999 0.65125 0.93515625 0.65125 0.93515625 0.6972916671875 0.9785937499999999 0.6972916671875
1 0.66078125 0.2670833328125 0.66078125 0.0841666671875 0.47921874999999997 0.0841666671875 0.47921874999999997 0.2670833328125 0.66078125 0.2670833328125
1 0.17265625 0.0016666671875 0.17265625 0.164375 0.48125 0.164375 0.48125 0.0016666671875 0.17265625 0.0016666671875
1 0.42703125000000003 0.6368750000000001 0.42703125000000003 0.5131249999999999 0.11015625 0.5131249999999999 0.11015625 0.6368750000000001 0.42703125000000003 0.6368750000000001
1 0.43 0.8908333328125 0.43 0.735625 0.10625 0.735625 0.10625 0.8908333328125 0.43 0.8908333328125
1 0.10828125 0.9316666671875 0.10828125 0.786875 0.000625 0.786875 0.000625 0.9316666671875 0.10828125 0.9316666671875
1 0.9709375 0.14375 0.9709375 0.0225 0.9112500000000001 0.0225 0.9112500000000001 0.14375 0.9709375 0.14375
4 0.64515625 0.8314583328125 0.64515625 0.2545833328125 0.22218749999999998 0.2545833328125 0.22218749999999998 0.8314583328125 0.64515625 0.8314583328125
4 0.8778124999999999 0.7120833328125 0.8778124999999999 0.41604166718749996 0.7865624999999999 0.41604166718749996 0.7865624999999999 0.7120833328125 0.8778124999999999 0.7120833328125
4 0.89515625 0.1160416671875 0.89515625 0.38395833281249997 0.97109375 0.38395833281249997 0.97109375 0.1160416671875 0.89515625 0.1160416671875