1 0.6959375 0.6583333328125 0.6959375 0.4966666671875 0.24234375 0.4966666671875 0.24234375 0.6583333328125 0.6959375 0.6583333328125
1 0.8787499999999999 0.3664583328125 0.8787499999999999 0.285625 0.7996875 0.285625 0.7996875 0.3664583328125 0.8787499999999999 0.3664583328125
1 0.23390624999999998 0.44000000000000006 0.23390624999999998 0.5729166671875 0.69734375 0.5729166671875 0.69734375 0.44000000000000006 0.23390624999999998 0.44000000000000006
4 1 0.1275 0.85484375 0.1275 0.85484375 0.57625 1 0.57625 1 0.1275
4 0.8643750000000001 0.000625 0.8643750000000001 0.148125 0.9990625 0.148125 0.9990625 0.000625 0.8643750000000001 0.000625
1 0.00046875 0.009375 0.00046875 0.0720833328125 0.2759375 0.0720833328125 0.2759375 0.009375 0.00046875 0.009375
1 0 0.11229166718750001 0.30281250000000004 0.11229166718750001 0.30281250000000004 0.0764583328125 0 0.0764583328125 0 0.11229166718750001
1 0.0015625 0.11395833281250001 0.0015625 0.1602083328125 0.2971875 0.1602083328125 0.2971875 0.11395833281250001 0.0015625 0.11395833281250001
1 0.005 0.1602083328125 0.005 0.1977083328125 0.25921875 0.1977083328125 0.25921875 0.1602083328125 0.005 0.1602083328125
1 0.00375 0.20208333281250002 0.00375 0.2379166671875 0.23562500000000003 0.2379166671875 0.23562500000000003 0.20208333281250002 0.00375 0.20208333281250002
1 0.005 0.2379166671875 0.005 0.285625 0.1584375 0.285625 0.1584375 0.2379166671875 0.005 0.2379166671875
1 0.0026562499999999998 0.2797916671875 0.0026562499999999998 0.323125 0.1740625 0.323125 0.1740625 0.2797916671875 0.0026562499999999998 0.2797916671875
1 0.00046875 0.3260416671875 0.00046875 0.3722916671875 0.17296875 0.3722916671875 0.17296875 0.3260416671875 0.00046875 0.3260416671875
1 0.00375 0.3752083328125 0.00375 0.4141666671875 0.17625 0.4141666671875 0.17625 0.3752083328125 0.00375 0.3752083328125
1 0.0015625 0.4185416671875 0.0015625 0.46187500000000004 0.1740625 0.46187500000000004 0.1740625 0.4185416671875 0.0015625 0.4185416671875
1 0.00609375 0.46645833281250004 0.00609375 0.5052083328125 0.1796875 0.5052083328125 0.1796875 0.46645833281250004 0.00609375 0.46645833281250004
1 0.16734374999999999 0.23333333281250002 0.16734374999999999 0.2797916671875 0.46296875000000004 0.2797916671875 0.46296875000000004 0.23333333281250002 0.16734374999999999 0.23333333281250002
1 0.45515625000000004 0.3289583328125 0.45515625000000004 0.2766666671875 0.17515624999999999 0.2766666671875 0.17515624999999999 0.3289583328125 0.45515625000000004 0.3289583328125
1 0.45515625000000004 0.361875 0.45515625000000004 0.3289583328125 0.18640625 0.3289583328125 0.18640625 0.361875 0.45515625000000004 0.361875
1 0.45406250000000004 0.4110416671875 0.45406250000000004 0.361875 0.18640625 0.361875 0.18640625 0.4110416671875 0.45406250000000004 0.4110416671875
1 0.45406250000000004 0.4604166671875 0.45406250000000004 0.4110416671875 0.18859375 0.4110416671875 0.18859375 0.4604166671875 0.45406250000000004 0.4604166671875
1 0.24796875 0.49916666718749997 0.24796875 0.4604166671875 0.18859375 0.4604166671875 0.18859375 0.49916666718749997 0.24796875 0.49916666718749997