1 0.7278125 0.003125 0.7278125 0.08791666718749999 0.9509375 0.08791666718749999 0.9509375 0.003125 0.7278125 0.003125
1 0.99609375 0.14416666718749999 0.99609375 0.0379166671875 0.9481249999999999 0.0379166671875 0.9481249999999999 0.14416666718749999 0.99609375 0.14416666718749999
3 0.655 0.8487500000000001 0.655 0.538125 0.40031249999999996 0.538125 0.40031249999999996 0.8487500000000001 0.655 0.8487500000000001
3 0.79203125 0.7816666671875 0.79203125 0.536875 0.63515625 0.536875 0.63515625 0.7816666671875 0.79203125 0.7816666671875
3 0.8550000000000001 0.7447916671875 0.8550000000000001 0.6310416671875 0.78125 0.6310416671875 0.78125 0.7447916671875 0.8550000000000001 0.7447916671875
3 0.99734375 0.79875 0.99734375 0.6012500000000001 0.8928125 0.6012500000000001 0.8928125 0.79875 0.99734375 0.79875
3 0.89671875 0.46708333281250003 0.89671875 0.38166666718750003 0.7970312500000001 0.38166666718750003 0.7970312500000001 0.46708333281250003 0.89671875 0.46708333281250003
3 0.80171875 0.464375 0.80171875 0.37666666718749997 0.58484375 0.37666666718749997 0.58484375 0.464375 0.80171875 0.464375
3 0.48921875000000004 0.48020833281249997 0.48921875000000004 0.35 0.174375 0.35 0.174375 0.48020833281249997 0.48921875000000004 0.48020833281249997
3 0.32921875 0.3722916671875 0.32921875 0.2789583328125 0.1753125 0.2789583328125 0.1753125 0.3722916671875 0.32921875 0.3722916671875
3 0.48125 0.3670833328125 0.48125 0.27770833281249996 0.32625000000000004 0.27770833281249996 0.32625000000000004 0.3670833328125 0.48125 0.3670833328125
3 0.30859375 0.7368750000000001 0.30859375 0.5920833328125 0.1496875 0.5920833328125 0.1496875 0.7368750000000001 0.30859375 0.7368750000000001
3 0.30859375 0.8027083328125 0.30859375 0.7341666671875 0.1575 0.7341666671875 0.1575 0.8027083328125 0.30859375 0.8027083328125
3 0.3115625 0.8566666671875 0.3115625 0.8027083328125 0.15859375 0.8027083328125 0.15859375 0.8566666671875 0.3115625 0.8566666671875
3 0.43 0.7302083328125 0.43 0.6131249999999999 0.32328125 0.6131249999999999 0.32328125 0.7302083328125 0.43 0.7302083328125
3 0.094375 0.8487500000000001 0.094375 0.689375 0.0035937499999999997 0.689375 0.0035937499999999997 0.8487500000000001 0.094375 0.8487500000000001
3 0.0696875 0.4947916671875 0.0696875 0.3920833328125 0.0035937499999999997 0.3920833328125 0.0035937499999999997 0.4947916671875 0.0696875 0.4947916671875
3 0.9440625 0.385625 0.9440625 0.3289583328125 0.8196875 0.3289583328125 0.8196875 0.385625 0.9440625 0.385625
3 0.9440625 0.4222916671875 0.9440625 0.38687499999999997 0.8829687500000001 0.38687499999999997 0.8829687500000001 0.4222916671875 0.9440625 0.4222916671875
3 0.93328125 0.460625 0.93328125 0.4222916671875 0.8829687500000001 0.4222916671875 0.8829687500000001 0.460625 0.93328125 0.460625
3 0.994375 0.4566666671875 0.994375 0.338125 0.961875 0.338125 0.961875 0.4566666671875 0.994375 0.4566666671875
3 0.994375 0.6079166671875 0.994375 0.5079166671875 0.89578125 0.5079166671875 0.89578125 0.6079166671875 0.994375 0.6079166671875