1 0.0016666671875 0.0019444437500000002 0.0016666671875 0.0699074078125 0.0485416671875 0.0699074078125 0.0485416671875 0.0019444437500000002 0.0016666671875 0.0019444437500000002
3 0.9998958328124999 0.6431481484375 0.9998958328124999 0.43944444374999997 0.7884895828125 0.43944444374999997 0.7884895828125 0.6431481484375 0.9998958328124999 0.6431481484375
3 0.7965104171874999 0.57148148125 0.7965104171874999 0.42398148124999996 0.6642187500000001 0.42398148124999996 0.6642187500000001 0.57148148125 0.7965104171874999 0.57148148125
3 0.5993229171875 0.518703703125 0.5993229171875 0.365 0.3584375 0.365 0.3584375 0.518703703125 0.5993229171875 0.518703703125
3 0.7143229171875001 0.9827777781249999 0.7143229171875001 0.6950000000000001 0.45677083281249997 0.6950000000000001 0.45677083281249997 0.9827777781249999 0.7143229171875001 0.9827777781249999
3 0.6654166671875 0.7366666671875 0.6654166671875 0.609722221875 0.5310937499999999 0.609722221875 0.5310937499999999 0.7366666671875 0.6654166671875 0.7366666671875
3 0.49312500000000004 0.821759259375 0.49312500000000004 0.5242592593750001 0.30026041718749996 0.5242592593750001 0.30026041718749996 0.821759259375 0.49312500000000004 0.821759259375
3 0.3072916671875 0.6021296296875 0.3072916671875 0.5054629625 0.2391145828125 0.5054629625 0.2391145828125 0.6021296296875 0.3072916671875 0.6021296296875
3 0.3072916671875 0.6816666671875 0.3072916671875 0.58694444375 0.23802083281250003 0.58694444375 0.23802083281250003 0.6816666671875 0.3072916671875 0.6816666671875
3 0.3072916671875 0.75555555625 0.3072916671875 0.6418518515625 0.2411979171875 0.6418518515625 0.2411979171875 0.75555555625 0.3072916671875 0.75555555625
3 0.2444270828125 0.5775 0.2444270828125 0.48842592656250006 0.2060416671875 0.48842592656250006 0.2060416671875 0.5775 0.2444270828125 0.5775
3 0.24546874999999999 0.64944444375 0.24546874999999999 0.5679629625 0.1975 0.5679629625 0.1975 0.64944444375 0.24546874999999999 0.64944444375
3 0.2476041671875 0.7233333328125 0.2476041671875 0.64 0.2007291671875 0.64 0.2007291671875 0.7233333328125 0.2476041671875 0.7233333328125
3 0.2124479171875 0.6778703703125 0.2124479171875 0.5793518515625 0.15703125 0.5793518515625 0.15703125 0.6778703703125 0.2124479171875 0.6778703703125
3 0.20817708281249997 0.6646296296875 0.20817708281249997 0.5604629625 0.1314583328125 0.5604629625 0.1314583328125 0.6646296296875 0.20817708281249997 0.6646296296875
3 0.21031249999999999 0.626759259375 0.21031249999999999 0.5206481484375 0.08989583281249999 0.5206481484375 0.08989583281249999 0.626759259375 0.21031249999999999 0.626759259375
3 0.3392708328125 0.36148148125 0.3392708328125 0.2856481484375 0.15703125 0.2856481484375 0.15703125 0.36148148125 0.3392708328125 0.36148148125
3 0.24869791718749998 0.4486111109375 0.24869791718749998 0.3576851859375 0.1655729171875 0.3576851859375 0.1655729171875 0.4486111109375 0.24869791718749998 0.4486111109375
3 0.3616666671875 0.47138888906250004 0.3616666671875 0.33870370312500003 0.2391145828125 0.33870370312500003 0.2391145828125 0.47138888906250004 0.3616666671875 0.47138888906250004
3 0.37124999999999997 0.48842592656250006 0.37124999999999997 0.3899074078125 0.29984375 0.3899074078125 0.29984375 0.48842592656250006 0.37124999999999997 0.48842592656250006
3 0.6931770828125 0.3916666671875 0.6931770828125 0.2779629625 0.5237499999999999 0.2779629625 0.5237499999999999 0.3916666671875 0.6931770828125 0.3916666671875
3 0.8966666671875 0.35583333281249996 0.8966666671875 0.2553703703125 0.6973958328125 0.2553703703125 0.6973958328125 0.35583333281249996 0.8966666671875 0.35583333281249996
3 0.9009375000000001 0.482777778125 0.9009375000000001 0.3595370375 0.6963020828125 0.3595370375 0.6963020828125 0.482777778125 0.9009375000000001 0.482777778125
3 0.1740625 0.427777778125 0.1740625 0.3538888890625 0.1346354171875 0.3538888890625 0.1346354171875 0.427777778125 0.1740625 0.427777778125
3 0.1580729171875 0.3576851859375 0.1580729171875 0.29898148125 0.0589583328125 0.29898148125 0.0589583328125 0.3576851859375 0.1580729171875 0.3576851859375
3 0.1399479171875 0.4201851859375 0.1399479171875 0.36148148125 0.055781250000000004 0.36148148125 0.055781250000000004 0.4201851859375 0.1399479171875 0.4201851859375
3 0.049375 0.35583333281249996 0.049375 0.29898148125 0.0184895828125 0.29898148125 0.0184895828125 0.35583333281249996 0.049375 0.35583333281249996
3 0.05046874999999999 0.393703703125 0.05046874999999999 0.348240740625 0.025937500000000002 0.348240740625 0.025937500000000002 0.393703703125 0.05046874999999999 0.393703703125
3 0.1176041671875 0.5206481484375 0.1176041671875 0.45999999999999996 0.0386979171875 0.45999999999999996 0.0386979171875 0.5206481484375 0.1176041671875 0.5206481484375
3 0.08989583281249999 0.5963888890625 0.08989583281249999 0.52444444375 0.055781250000000004 0.52444444375 0.055781250000000004 0.5963888890625 0.08989583281249999 0.5963888890625
3 0.0643229171875 0.5679629625 0.0643229171875 0.51305555625 0.0461979171875 0.51305555625 0.0461979171875 0.5679629625 0.0643229171875 0.5679629625
3 0.048333332812500004 0.5528703703125 0.048333332812500004 0.5036111109375 0.0216666671875 0.5036111109375 0.0216666671875 0.5528703703125 0.048333332812500004 0.5528703703125
3 0.0280729171875 0.5490740734374999 0.0280729171875 0.492222221875 0.0067708328125 0.492222221875 0.0067708328125 0.5490740734374999 0.0280729171875 0.5490740734374999
3 0.03125 0.39555555625 0.03125 0.33685185156249997 0.0046354171875 0.33685185156249997 0.0046354171875 0.39555555625 0.03125 0.39555555625