2 0.6684375 0.548125 0.6684375 0.095 0.5387500000000001 0.095 0.5387500000000001 0.548125 0.6684375 0.548125
1 0.99046875 0.2452083328125 0.99046875 0.1885416671875 0.8240624999999999 0.1885416671875 0.8240624999999999 0.2452083328125 0.99046875 0.2452083328125
1 1 0.24395833281249998 0.8985937500000001 0.24395833281249998 0.8985937500000001 0.45416666718750004 1 0.45416666718750004 1 0.24395833281249998
1 0.9207812499999999 0.4529166671875 0.9207812499999999 0.4141666671875 0.8279687499999999 0.4141666671875 0.8279687499999999 0.4529166671875 0.9207812499999999 0.4529166671875
1 0.690625 0.459375 0.690625 0.42458333281250005 0.61515625 0.42458333281250005 0.61515625 0.459375 0.690625 0.459375
1 0.70609375 0.4360416671875 0.70609375 0.2270833328125 0.6682812499999999 0.2270833328125 0.6682812499999999 0.4360416671875 0.70609375 0.4360416671875
4 0.1896875 0.193125 0.1896875 0.561875 0.54375 0.561875 0.54375 0.193125 0.1896875 0.193125
4 0.1875 0.003125 0.1875 0.1902083328125 0.5470312500000001 0.1902083328125 0.5470312500000001 0.003125 0.1875 0.003125
4 0.0028125 0.001875 0.0028125 0.1891666671875 0.1 0.1891666671875 0.1 0.001875 0.0028125 0.001875
4 0.10093749999999999 0.3672916671875 0.10093749999999999 0.1314583328125 0.0009375 0.1314583328125 0.0009375 0.3672916671875 0.10093749999999999 0.3672916671875
4 0.10968750000000001 0.598125 0.10968750000000001 0.3570833328125 0.0028125 0.3570833328125 0.0028125 0.598125 0.10968750000000001 0.598125
4 0.08937500000000001 0.3672916671875 0.08937500000000001 0.5514583328125 0.18640625 0.5514583328125 0.18640625 0.3672916671875 0.08937500000000001 0.3672916671875
4 0.0653125 0.0725 0.0653125 0.1904166671875 0.17890625 0.1904166671875 0.17890625 0.0725 0.0653125 0.0725
4 0.07984375 0.0083333328125 0.07984375 0.07375000000000001 0.18265625000000002 0.07375000000000001 0.18265625000000002 0.0083333328125 0.07984375 0.0083333328125
4 0.8259375 0.2841666671875 0.8259375 0.13333333281249998 0.69828125 0.13333333281249998 0.69828125 0.2841666671875 0.8259375 0.2841666671875
4 0.705 0.285625 0.705 0.4410416671875 0.8237500000000001 0.4410416671875 0.8237500000000001 0.285625 0.705 0.285625