3 0.6990624999999999 0.6350925921874999 0.6990624999999999 0.41861111093750003 0.46109375 0.41861111093750003 0.46109375 0.6350925921874999 0.6990624999999999 0.6350925921874999
3 0.8848437499999999 0.7658333328125 0.8848437499999999 0.46842592656250004 0.5977083328125 0.46842592656250004 0.5977083328125 0.7658333328125 0.8848437499999999 0.7658333328125
3 0.660625 0.3684259265625 0.660625 0.2775925921875 0.5177604171875 0.2775925921875 0.5177604171875 0.3684259265625 0.660625 0.3684259265625
3 0.5247395828125 0.42240740781249997 0.5247395828125 0.27953703750000003 0.2708333328125 0.27953703750000003 0.2708333328125 0.42240740781249997 0.5247395828125 0.42240740781249997
3 0.47484374999999995 0.5631481484374999 0.47484374999999995 0.3974074078125 0.2757291671875 0.3974074078125 0.2757291671875 0.5631481484374999 0.47484374999999995 0.5631481484374999
3 0.2876041671875 0.5210185187499999 0.2876041671875 0.375 0.2069270828125 0.375 0.2069270828125 0.5210185187499999 0.2876041671875 0.5210185187499999
3 0.2794270828125 0.38416666718750003 0.2794270828125 0.2921296296875 0.09515625 0.2921296296875 0.09515625 0.38416666718750003 0.2794270828125 0.38416666718750003
3 0.22020833281250002 0.48944444374999996 0.22020833281250002 0.37759259218749996 0.08921875 0.37759259218749996 0.08921875 0.48944444374999996 0.22020833281250002 0.48944444374999996
3 0.44078125 0.83694444375 0.44078125 0.6349074078125 0.33953125 0.6349074078125 0.33953125 0.83694444375 0.44078125 0.83694444375
3 0.5953125 0.922222221875 0.5953125 0.691759259375 0.42744791718749997 0.691759259375 0.42744791718749997 0.922222221875 0.5953125 0.922222221875
3 0.5738020828125 0.998796296875 0.5738020828125 0.8441666671875 0.44078125 0.8441666671875 0.44078125 0.998796296875 0.5738020828125 0.998796296875
3 0.8487500000000001 0.989722221875 0.8487500000000001 0.8191666671875 0.57890625 0.8191666671875 0.57890625 0.989722221875 0.8487500000000001 0.989722221875
3 0.4573958328125 0.969259259375 0.4573958328125 0.7918518515625 0.3473958328125 0.7918518515625 0.3473958328125 0.969259259375 0.4573958328125 0.969259259375
3 0.44718749999999996 0.99648148125 0.44718749999999996 0.9010185187499999 0.34098958281249997 0.9010185187499999 0.34098958281249997 0.99648148125 0.44718749999999996 0.99648148125
3 0.39729166718750003 0.9851851859374999 0.39729166718750003 0.7463888890625 0.25276041718750003 0.7463888890625 0.25276041718750003 0.9851851859374999 0.39729166718750003 0.9851851859374999
3 0.3453645828125 0.8646296296875 0.3453645828125 0.70148148125 0.20671875 0.70148148125 0.20671875 0.8646296296875 0.3453645828125 0.8646296296875
3 0.1338020828125 0.61 0.1338020828125 0.77601851875 0.3256770828125 0.77601851875 0.3256770828125 0.61 0.1338020828125 0.61
3 0.13 0.6076851859375 0.13 0.5190740734375 0.0877604171875 0.5190740734375 0.0877604171875 0.6076851859375 0.13 0.6076851859375
3 0.1440625 0.707777778125 0.1440625 0.6054629625 0.0941666671875 0.6054629625 0.0941666671875 0.707777778125 0.1440625 0.707777778125
3 0.1042708328125 0.6768518515624999 0.1042708328125 0.60194444375 0.09244791718749999 0.60194444375 0.09244791718749999 0.6768518515624999 0.1042708328125 0.6768518515624999
3 0.10375000000000001 0.641203703125 0.10375000000000001 0.5525925921875 0.0678125 0.5525925921875 0.0678125 0.641203703125 0.10375000000000001 0.641203703125
3 0.08375 0.6165740734375 0.08375 0.5261111109375001 0.0415625 0.5261111109375001 0.0415625 0.6165740734375 0.08375 0.6165740734375
3 0.06546874999999999 0.5778703703125 0.06546874999999999 0.5305555562500001 0.0089583328125 0.5305555562500001 0.0089583328125 0.5778703703125 0.06546874999999999 0.5778703703125
3 0.0974479171875 0.5343518515625 0.0974479171875 0.48509259218749995 0.0228125 0.48509259218749995 0.0228125 0.5343518515625 0.0974479171875 0.5343518515625
3 0.22531249999999997 0.365740740625 0.22531249999999997 0.2368518515625 0.07609375 0.2368518515625 0.07609375 0.365740740625 0.22531249999999997 0.365740740625
3 0.0910416671875 0.3695370375 0.0910416671875 0.28611111093749997 0.056927082812499995 0.28611111093749997 0.056927082812499995 0.3695370375 0.0910416671875 0.3695370375
3 0.0910416671875 0.42259259218749995 0.0910416671875 0.3695370375 0.06119791718749999 0.3695370375 0.06119791718749999 0.42259259218749995 0.0910416671875 0.42259259218749995
3 0.0697395828125 0.42629629687500004 0.0697395828125 0.346759259375 0.0185416671875 0.346759259375 0.0185416671875 0.42629629687500004 0.0697395828125 0.42629629687500004
3 0.029427082812499998 0.40601851875 0.029427082812499998 0.33629629687499996 0.0042708328125 0.33629629687499996 0.0042708328125 0.40601851875 0.029427082812499998 0.40601851875
3 0.0094791671875 0.546759259375 0.0094791671875 0.4888888890625 0.0013020828125 0.4888888890625 0.0013020828125 0.546759259375 0.0094791671875 0.546759259375