1 0.775625 0.6514583328125 0.775625 0.528125 0.6165625 0.528125 0.6165625 0.6514583328125 0.775625 0.6514583328125
1 0.7485937500000001 0.9089583328125 0.7485937500000001 0.7329166671875 0.5923437500000001 0.7329166671875 0.5923437500000001 0.9089583328125 0.7485937500000001 0.9089583328125
1 0.8339062500000001 0.755625 0.8339062500000001 0.6514583328125 0.7415625 0.6514583328125 0.7415625 0.755625 0.8339062500000001 0.755625
1 0.650625 0.0014583328125 0.650625 0.105625 0.78984375 0.105625 0.78984375 0.0014583328125 0.650625 0.0014583328125
1 0.85375 0.164375 0.85375 0.2364583328125 0.905 0.2364583328125 0.905 0.164375 0.85375 0.164375
1 0.8989062499999999 0.2047916671875 0.8989062499999999 0.270625 0.9290625 0.270625 0.9290625 0.2047916671875 0.8989062499999999 0.2047916671875
4 0.889375 0.6814583328125 0.889375 0.3916666671875 0.7971874999999999 0.3916666671875 0.7971874999999999 0.6814583328125 0.889375 0.6814583328125
4 0.9153125 0.625 0.9153125 0.401875 0.8865624999999999 0.401875 0.8865624999999999 0.625 0.9153125 0.625
4 0.94234375 0.6018749999999999 0.94234375 0.40833333281249995 0.91828125 0.40833333281249995 0.91828125 0.6018749999999999 0.94234375 0.6018749999999999
4 0.95859375 0.5672916671875 0.95859375 0.4095833328125 0.94140625 0.4095833328125 0.94140625 0.5672916671875 0.95859375 0.5672916671875
4 0.97984375 0.5493750000000001 0.97984375 0.40708333281250003 0.9615625 0.40708333281250003 0.9615625 0.5493750000000001 0.97984375 0.5493750000000001
3 0.8196875 0.5341666671875 0.8196875 0.3933333328125 0.75171875 0.3933333328125 0.75171875 0.5341666671875 0.8196875 0.5341666671875
3 0.67265625 0.12625 0.67265625 0.2920833328125 0.7693749999999999 0.2920833328125 0.7693749999999999 0.12625 0.67265625 0.12625
3 0.844375 0.3289583328125 0.844375 0.2710416671875 0.80203125 0.2710416671875 0.80203125 0.3289583328125 0.844375 0.3289583328125
3 0.8829687500000001 0.3433333328125 0.8829687500000001 0.23937499999999998 0.79203125 0.23937499999999998 0.79203125 0.3433333328125 0.8829687500000001 0.3433333328125
3 0.8996875 0.3539583328125 0.8996875 0.2658333328125 0.8829687500000001 0.2658333328125 0.8829687500000001 0.3539583328125 0.8996875 0.3539583328125
3 0.9321875000000001 0.3616666671875 0.9321875000000001 0.2939583328125 0.9082812499999999 0.2939583328125 0.9082812499999999 0.3616666671875 0.9321875000000001 0.3616666671875
3 0.9534375 0.3727083328125 0.9534375 0.3104166671875 0.928125 0.3104166671875 0.928125 0.3727083328125 0.9534375 0.3727083328125