1 0.210625 0.3025925921875 0.210625 0.223703703125 0.14697916718749998 0.223703703125 0.14697916718749998 0.3025925921875 0.210625 0.3025925921875
1 0.25354166718750004 0.32898148125 0.25354166718750004 0.2618518515625 0.20765625000000001 0.2618518515625 0.20765625000000001 0.32898148125 0.25354166718750004 0.32898148125
1 0.1491666671875 0.2631481484375 0.1491666671875 0.15657407343750002 0.0396354171875 0.15657407343750002 0.0396354171875 0.2631481484375 0.1491666671875 0.2631481484375
1 0.2528125 0.44870370312499996 0.2528125 0.4 0.18765625 0.4 0.18765625 0.44870370312499996 0.2528125 0.44870370312499996
1 0.2461458328125 0.81055555625 0.2461458328125 0.71055555625 0.04109375 0.71055555625 0.04109375 0.81055555625 0.2461458328125 0.81055555625
1 0.5214583328125 0.598703703125 0.5214583328125 0.5671296296875 0.4622395828125 0.5671296296875 0.4622395828125 0.598703703125 0.5214583328125 0.598703703125
1 0.45854166718749995 0.6025925921875 0.45854166718749995 0.5658333328125 0.3919270828125 0.5658333328125 0.3919270828125 0.6025925921875 0.45854166718749995 0.6025925921875
1 0.3919270828125 0.6078703703125 0.3919270828125 0.56444444375 0.3208854171875 0.56444444375 0.3208854171875 0.6078703703125 0.3919270828125 0.6078703703125
1 0.6872395828125 0.7539814812500001 0.6872395828125 0.648703703125 0.6132291671875 0.648703703125 0.6132291671875 0.7539814812500001 0.6872395828125 0.7539814812500001
1 0.6221354171875 0.6934259265625 0.6221354171875 0.6131481484375 0.5903125 0.6131481484375 0.5903125 0.6934259265625 0.6221354171875 0.6934259265625
1 0.6102604171875 0.626296296875 0.6102604171875 0.57101851875 0.58140625 0.57101851875 0.58140625 0.626296296875 0.6102604171875 0.626296296875
1 0.6842708328125 0.6868518515625001 0.6842708328125 0.6025925921875 0.6132291671875 0.6025925921875 0.6132291671875 0.6868518515625001 0.6842708328125 0.6868518515625001
1 0.7376041671875 0.4171296296875 0.7376041671875 0.3224074078125 0.6731770828125 0.3224074078125 0.6731770828125 0.4171296296875 0.7376041671875 0.4171296296875
1 0.9004166671875 0.41055555625 0.9004166671875 0.2578703703125 0.73390625 0.2578703703125 0.73390625 0.41055555625 0.9004166671875 0.41055555625
1 0.9033854171875 0.3224074078125 0.9033854171875 0.17629629687499998 0.7346354171875 0.17629629687499998 0.7346354171875 0.3224074078125 0.9033854171875 0.3224074078125
1 0.9990104171875 0.3890740734375 0.9990104171875 0.2208333328125 0.89671875 0.2208333328125 0.89671875 0.3890740734375 0.9990104171875 0.3890740734375
1 0.9990104171875 0.9370370375 0.9990104171875 0.7074074078125 0.7688020828125001 0.7074074078125 0.7688020828125001 0.9370370375 0.9990104171875 0.9370370375
1 0.7623958328125 0.9938888890625 0.7623958328125 0.8301851859375 0.6856770828125 0.8301851859375 0.6856770828125 0.9938888890625 0.7623958328125 0.9938888890625
1 0.7470833328125 0.22537037031249998 0.7470833328125 0.075277778125 0.66140625 0.075277778125 0.66140625 0.22537037031249998 0.7470833328125 0.22537037031249998
1 0.6703125 0.13898148125 0.6703125 0.0070370375 0.6166145828125 0.0070370375 0.6166145828125 0.13898148125 0.6703125 0.13898148125
1 0.62046875 0.19583333281249998 0.62046875 0.09805555625 0.5923437500000001 0.09805555625 0.5923437500000001 0.19583333281249998 0.62046875 0.19583333281249998
1 0.5974479171875 0.2116666671875 0.5974479171875 0.1616666671875 0.5808333328125 0.1616666671875 0.5808333328125 0.2116666671875 0.5974479171875 0.2116666671875
1 0.5966145828125 0.48685185156250005 0.5966145828125 0.44870370312499996 0.5781770828125 0.44870370312499996 0.5781770828125 0.48685185156250005 0.5966145828125 0.48685185156250005
1 0.6213020828125 0.4968518515625 0.6213020828125 0.45194444375 0.5954166671875 0.45194444375 0.5954166671875 0.4968518515625 0.6213020828125 0.4968518515625
1 0.0008854171875 0.112777778125 0.0008854171875 0.20120370312500002 0.0355208328125 0.20120370312500002 0.0355208328125 0.112777778125 0.0008854171875 0.112777778125
2 0.25338541718749996 0.42629629687500004 0.25338541718749996 0.6147222218749999 0.3132291671875 0.6147222218749999 0.3132291671875 0.42629629687500004 0.25338541718749996 0.42629629687500004
4 0.6803125 0.5070370375000001 0.6803125 0.13398148125 0.6146874999999999 0.13398148125 0.6146874999999999 0.5070370375000001 0.6803125 0.5070370375000001