1 0.425 0.8724074078124999 0.425 0.7096296296875 0.2209375 0.7096296296875 0.2209375 0.8724074078124999 0.425 0.8724074078124999
1 0.19640625 0.8416666671874999 0.19640625 0.7326851859375 0.134375 0.7326851859375 0.134375 0.8416666671874999 0.19640625 0.8416666671874999
1 0.1422916671875 0.996759259375 0.1422916671875 0.8109259265625001 0.0016666671875 0.8109259265625001 0.0016666671875 0.996759259375 0.1422916671875 0.996759259375
1 0.1105729171875 0.0865740734375 0.1105729171875 0.1916666671875 0.1913541671875 0.1916666671875 0.1913541671875 0.0865740734375 0.1105729171875 0.0865740734375
1 0.0009375 0.004444443750000001 0.0009375 0.1390740734375 0.1077083328125 0.1390740734375 0.1077083328125 0.004444443750000001 0.0009375 0.004444443750000001
1 0.10406249999999999 0.0019444437500000002 0.10406249999999999 0.0903703703125 0.19567708281250001 0.0903703703125 0.19567708281250001 0.0019444437500000002 0.10406249999999999 0.0019444437500000002
1 0.24906250000000002 0.146759259375 0.24906250000000002 0.064722221875 0.1898958328125 0.064722221875 0.1898958328125 0.146759259375 0.24906250000000002 0.146759259375
1 0.2461458328125 0.244259259375 0.2461458328125 0.15444444375 0.1920833328125 0.15444444375 0.1920833328125 0.244259259375 0.2461458328125 0.244259259375
1 0.28796875 0.2724074078125 0.28796875 0.212222221875 0.2511979171875 0.212222221875 0.2511979171875 0.2724074078125 0.28796875 0.2724074078125
1 0.32406250000000003 0.29555555624999996 0.32406250000000003 0.235277778125 0.2922916671875 0.235277778125 0.2922916671875 0.29555555624999996 0.32406250000000003 0.29555555624999996
1 0.2584375 0.162222221875 0.2584375 0.23398148124999998 0.3190104171875 0.23398148124999998 0.3190104171875 0.162222221875 0.2584375 0.162222221875
1 0.22020833281250002 0.004444443750000001 0.22020833281250002 0.058333332812500006 0.31755208281249997 0.058333332812500006 0.31755208281249997 0.004444443750000001 0.22020833281250002 0.004444443750000001
1 0.82453125 0.026296296875000003 0.82453125 0.1609259265625 0.9067187499999999 0.1609259265625 0.9067187499999999 0.026296296875000003 0.82453125 0.026296296875000003
1 0.91828125 0.005740740625 0.91828125 0.06601851875 0.9940104171874999 0.06601851875 0.9940104171874999 0.005740740625 0.91828125 0.005740740625
1 0.8273958328125 0.20962962968749999 0.8273958328125 0.1006481484375 0.7747395828125 0.1006481484375 0.7747395828125 0.20962962968749999 0.8273958328125 0.20962962968749999
1 0.7776562499999999 0.2506481484375 0.7776562499999999 0.17629629687499998 0.7293229171875 0.17629629687499998 0.7293229171875 0.2506481484375 0.7776562499999999 0.2506481484375
2 0.5757291671875 0.6224074078124999 0.5757291671875 0.28398148125 0.48125 0.28398148125 0.48125 0.6224074078124999 0.5757291671875 0.6224074078124999
2 0.425 0.6109259265625 0.425 0.2326851859375 0.3168229171875 0.2326851859375 0.3168229171875 0.6109259265625 0.425 0.6109259265625
4 0.6766666671875 0.6147222218749999 0.6766666671875 0.44555555625 0.5533854171875 0.44555555625 0.5533854171875 0.6147222218749999 0.6766666671875 0.6147222218749999
4 0.7257291671874999 0.66601851875 0.7257291671874999 0.45574074062500003 0.6875 0.45574074062500003 0.6875 0.66601851875 0.7257291671874999 0.66601851875
3 0.9917708328125 0.4920370375 0.9917708328125 0.40203703749999997 0.9322916671874999 0.40203703749999997 0.9322916671874999 0.4920370375 0.9917708328125 0.4920370375
3 0.9970833328125 0.4936111109375 0.9970833328125 0.40833333281249995 0.9891145828125 0.40833333281249995 0.9891145828125 0.4936111109375 0.9970833328125 0.4936111109375
3 0.9926562499999999 0.5678703703125 0.9926562499999999 0.4904629625 0.9322916671874999 0.4904629625 0.9322916671874999 0.5678703703125 0.9926562499999999 0.5678703703125
3 0.9997916671875 0.57101851875 0.9997916671875 0.496759259375 0.99 0.496759259375 0.99 0.57101851875 0.9997916671875 0.57101851875
3 0.97046875 0.7320370375 0.97046875 0.656296296875 0.8194791671875 0.656296296875 0.8194791671875 0.7320370375 0.97046875 0.7320370375
3 0.9082812499999999 0.6499074078125 0.9082812499999999 0.5883333328125 0.7928124999999999 0.5883333328125 0.7928124999999999 0.6499074078125 0.9082812499999999 0.6499074078125
3 0.9038541671875 0.7020370375 0.9038541671875 0.6325925921875 0.7919270828125 0.6325925921875 0.7919270828125 0.7020370375 0.9038541671875 0.7020370375
3 0.9135937500000001 0.48101851875 0.9135937500000001 0.41944444374999995 0.8701041671875 0.41944444374999995 0.8701041671875 0.48101851875 0.9135937500000001 0.48101851875
3 0.9198437500000001 0.5425925921875 0.9198437500000001 0.47305555625 0.8736458328125 0.47305555625 0.8736458328125 0.5425925921875 0.9198437500000001 0.5425925921875
3 0.8736458328125 0.5236111109375 0.8736458328125 0.466759259375 0.8328125 0.466759259375 0.8328125 0.5236111109375 0.8736458328125 0.5236111109375
3 0.9135937500000001 0.5220370375 0.9135937500000001 0.3925925921875 0.7981770828125 0.3925925921875 0.7981770828125 0.5220370375 0.9135937500000001 0.5220370375
3 0.7972916671875 0.5046296296875 0.7972916671875 0.45574074062500003 0.7377604171875001 0.45574074062500003 0.7377604171875001 0.5046296296875 0.7972916671875 0.5046296296875
3 0.7972916671875 0.6388888890625 0.7972916671875 0.5867592593750001 0.7297916671875 0.5867592593750001 0.7297916671875 0.6388888890625 0.7972916671875 0.6388888890625
3 0.7945833328125 0.656296296875 0.7945833328125 0.6104629625 0.7546354171874999 0.6104629625 0.7546354171874999 0.656296296875 0.7945833328125 0.656296296875