1 0.42307291718749995 0.6100925921875 0.42307291718749995 0.5595370375 0.31828124999999996 0.5595370375 0.31828124999999996 0.6100925921875 0.42307291718749995 0.6100925921875
1 0.4213020828125 0.6716666671875 0.4213020828125 0.6163888890625 0.3227083328125 0.6163888890625 0.3227083328125 0.6716666671875 0.4213020828125 0.6716666671875
1 0.765 0.48370370312500005 0.765 0.44268518593749995 0.73125 0.44268518593749995 0.73125 0.48370370312500005 0.765 0.48370370312500005
1 0.9240104171875 0.48685185156250005 0.9240104171875 0.44898148125 0.7658854171875 0.44898148125 0.7658854171875 0.48685185156250005 0.9240104171875 0.48685185156250005
1 0.9266666671875001 0.24055555625 0.9266666671875001 0.3211111109375 0.9968229171875 0.3211111109375 0.9968229171875 0.24055555625 0.9266666671875001 0.24055555625
1 0.9213020828125 0.07953703749999999 0.9213020828125 0.1868518515625 0.9968229171875 0.1868518515625 0.9968229171875 0.07953703749999999 0.9213020828125 0.07953703749999999
1 0.9222916671875 0.15148148125 0.9222916671875 0.0433333328125 0.8250520828125 0.0433333328125 0.8250520828125 0.15148148125 0.9222916671875 0.15148148125
1 0.9163020828124999 0.2443518515625 0.9163020828124999 0.156759259375 0.82890625 0.156759259375 0.82890625 0.2443518515625 0.9163020828124999 0.2443518515625
1 0.9141145828124999 0.3471296296875 0.9141145828124999 0.2771296296875 0.8319270828124999 0.2771296296875 0.8319270828124999 0.3471296296875 0.9141145828124999 0.3471296296875
1 0.8276041671875 0.3600925921875 0.8276041671875 0.3075925921875 0.7753645828125 0.3075925921875 0.7753645828125 0.3600925921875 0.8276041671875 0.3600925921875
1 0.77234375 0.3723148140625 0.77234375 0.3281481484375 0.7346874999999999 0.3281481484375 0.7346874999999999 0.3723148140625 0.77234375 0.3723148140625
1 0.7788020828125 0.2999074078125 0.7788020828125 0.2474074078125 0.7368229171875 0.2474074078125 0.7368229171875 0.2999074078125 0.7788020828125 0.2999074078125
1 0.8306250000000001 0.2778703703125 0.8306250000000001 0.21314814843750002 0.77453125 0.21314814843750002 0.77453125 0.2778703703125 0.8306250000000001 0.2778703703125
1 0.8113541671875 0.23444444375 0.8113541671875 0.1598148140625 0.7308333328125001 0.1598148140625 0.7308333328125001 0.23444444375 0.8113541671875 0.23444444375
1 0.7338020828125 0.0311111109375 0.7338020828125 0.101203703125 0.7736458328125 0.101203703125 0.7736458328125 0.0311111109375 0.7338020828125 0.0311111109375
1 0.7722395828125 0.00305555625 0.7722395828125 0.0458333328125 0.83515625 0.0458333328125 0.83515625 0.00305555625 0.7722395828125 0.00305555625
1 0.0890104171875 0.7433333328125 0.0890104171875 0.632777778125 0.00015625 0.632777778125 0.00015625 0.7433333328125 0.0890104171875 0.7433333328125
1 0.1874479171875 0.6025925921875 0.1874479171875 0.5236111109375 0.0334895828125 0.5236111109375 0.0334895828125 0.6025925921875 0.1874479171875 0.6025925921875
1 0.18375 0.790740740625 0.18375 0.6841666671875 0.1075 0.6841666671875 0.1075 0.790740740625 0.18375 0.790740740625
1 0.23703124999999997 0.73944444375 0.23703124999999997 0.6446296296875 0.18 0.6446296296875 0.18 0.73944444375 0.23703124999999997 0.73944444375
1 0.2718229171875 0.690740740625 0.2718229171875 0.6117592593750001 0.2325520828125 0.6117592593750001 0.2325520828125 0.690740740625 0.2718229171875 0.690740740625
1 0.2747395828125 0.5538888890625 0.2747395828125 0.50648148125 0.1852083328125 0.50648148125 0.1852083328125 0.5538888890625 0.2747395828125 0.5538888890625
1 0.18963541718750002 0.3249074078125 0.18963541718750002 0.2775925921875 0.1030729171875 0.2775925921875 0.1030729171875 0.3249074078125 0.18963541718750002 0.3249074078125
1 0.0867708328125 0.3183333328125 0.0867708328125 0.2170370375 0.0016666671875 0.2170370375 0.0016666671875 0.3183333328125 0.0867708328125 0.3183333328125
1 0.08156250000000001 0.190740740625 0.08156250000000001 0.082777778125 0.0009375 0.082777778125 0.0009375 0.190740740625 0.08156250000000001 0.190740740625
1 0.079375 0.0025925921875000002 0.079375 0.0723148140625 0.21109375 0.0723148140625 0.21109375 0.0025925921875000002 0.079375 0.0025925921875000002
1 0.2599479171875 0.1341666671875 0.2599479171875 0.055185185937500006 0.22000000000000003 0.055185185937500006 0.22000000000000003 0.1341666671875 0.2599479171875 0.1341666671875
1 0.22369791718749998 0.2104629625 0.22369791718749998 0.2670370375 0.26734375 0.2670370375 0.26734375 0.2104629625 0.22369791718749998 0.2104629625
1 0.2288541671875 0.3236111109375 0.2288541671875 0.3749074078125 0.2688541671875 0.3749074078125 0.2688541671875 0.3236111109375 0.2288541671875 0.3236111109375
1 0.7166145828125 0.5183333328125 0.7166145828125 0.48805555624999997 0.6507291671875 0.48805555624999997 0.6507291671875 0.5183333328125 0.7166145828125 0.5183333328125
1 0.718125 0.5670370375 0.718125 0.53805555625 0.6559375000000001 0.53805555625 0.6559375000000001 0.5670370375 0.718125 0.5670370375
1 0.7277083328125 0.361759259375 0.7277083328125 0.33546296249999996 0.6833333328125 0.33546296249999996 0.6833333328125 0.361759259375 0.7277083328125 0.361759259375
1 0.6944270828125 0.3223148140625 0.6944270828125 0.2854629625 0.6692708328125 0.2854629625 0.6692708328125 0.3223148140625 0.6944270828125 0.3223148140625
1 0.7166145828125 0.2801851859375 0.7166145828125 0.23148148124999998 0.6692708328125 0.23148148124999998 0.6692708328125 0.2801851859375 0.7166145828125 0.2801851859375
1 0.67515625 0.2854629625 0.67515625 0.2538888890625 0.6522395828125 0.2538888890625 0.6522395828125 0.2854629625 0.67515625 0.2854629625
1 0.6707291671875 0.332777778125 0.6707291671875 0.30648148124999997 0.6559375000000001 0.30648148124999997 0.6559375000000001 0.332777778125 0.6707291671875 0.332777778125
1 0.6559375000000001 0.34731481406250003 0.6559375000000001 0.3170370375 0.6374479171874999 0.3170370375 0.6374479171874999 0.34731481406250003 0.6559375000000001 0.34731481406250003
1 0.6573958328125 0.3854629625 0.6573958328125 0.36833333281249997 0.63890625 0.36833333281249997 0.63890625 0.3854629625 0.6573958328125 0.3854629625
1 0.67 0.38416666718750003 0.67 0.3538888890625 0.6552083328125 0.3538888890625 0.6552083328125 0.38416666718750003 0.67 0.38416666718750003
1 0.6914583328125 0.37759259218749996 0.6914583328125 0.3499074078125 0.67 0.3499074078125 0.67 0.37759259218749996 0.6914583328125 0.37759259218749996
1 0.6736979171875 0.190740740625 0.6736979171875 0.13944444375 0.65296875 0.13944444375 0.65296875 0.190740740625 0.6736979171875 0.190740740625
1 0.6544270828125 0.211759259375 0.6544270828125 0.17361111093749998 0.6381770828125 0.17361111093749998 0.6381770828125 0.211759259375 0.6544270828125 0.211759259375
1 0.67 0.140740740625 0.67 0.09074074062500001 0.6507291671875 0.09074074062500001 0.6507291671875 0.140740740625 0.67 0.140740740625
1 0.65 0.1670370375 0.65 0.126203703125 0.6366666671875 0.126203703125 0.6366666671875 0.1670370375 0.65 0.1670370375
2 0.81515625 0.7429629624999999 0.81515625 0.396759259375 0.70984375 0.396759259375 0.70984375 0.7429629624999999 0.81515625 0.7429629624999999
4 0.9824479171875 0.7429629624999999 0.9824479171875 0.4699074078125 0.7603125000000001 0.4699074078125 0.7603125000000001 0.7429629624999999 0.9824479171875 0.7429629624999999
4 0.7632291671875 0.6365740734374999 0.7632291671875 0.45444444375000004 0.72859375 0.45444444375000004 0.72859375 0.6365740734374999 0.7632291671875 0.6365740734374999
4 0.09109375 0.0699074078125 0.09109375 0.37240740781250004 0.2367708328125 0.37240740781250004 0.2367708328125 0.0699074078125 0.09109375 0.0699074078125
4 0.6882291671874999 0.003240740625 0.6882291671874999 0.126296296875 0.734375 0.126296296875 0.734375 0.003240740625 0.6882291671874999 0.003240740625
4 0.66515625 0.0006481484375 0.66515625 0.155740740625 0.69328125 0.155740740625 0.69328125 0.0006481484375 0.66515625 0.0006481484375
4 0.25046875 0.0173148140625 0.25046875 0.1634259265625 0.31828124999999996 0.1634259265625 0.31828124999999996 0.0173148140625 0.25046875 0.0173148140625