1 0.7418750000000001 0.1579166671875 0.7418750000000001 0.1395833328125 0.7067187500000001 0.1395833328125 0.7067187500000001 0.1579166671875 0.7418750000000001 0.1579166671875
1 0.94921875 0.2320833328125 0.94921875 0.1891666671875 0.8592187499999999 0.1891666671875 0.8592187499999999 0.2320833328125 0.94921875 0.2320833328125
1 0.93359375 0.560625 0.93359375 0.46666666718750005 0.8339062500000001 0.46666666718750005 0.8339062500000001 0.560625 0.93359375 0.560625
1 0.8573437500000001 0.24125000000000002 0.8573437500000001 0.2047916671875 0.8357812499999999 0.2047916671875 0.8357812499999999 0.24125000000000002 0.8573437500000001 0.24125000000000002
1 0.6598437500000001 0.47854166718749996 0.6598437500000001 0.436875 0.5092187499999999 0.436875 0.5092187499999999 0.47854166718749996 0.6598437500000001 0.47854166718749996
1 0.51125 0.4641666671875 0.51125 0.42104166718749997 0.42625 0.42104166718749997 0.42625 0.4641666671875 0.51125 0.4641666671875
1 0.5875 0.2425 0.5875 0.21770833281250002 0.44578125 0.21770833281250002 0.44578125 0.2425 0.5875 0.2425
1 0.603125 0.24 0.603125 0.22562500000000002 0.58546875 0.22562500000000002 0.58546875 0.24 0.603125 0.24
1 0.625625 0.2452083328125 0.625625 0.22833333281249998 0.6129687500000001 0.22833333281249998 0.6129687500000001 0.2452083328125 0.625625 0.2452083328125
1 0.78984375 0.2047916671875 0.78984375 0.1864583328125 0.7537499999999999 0.1864583328125 0.7537499999999999 0.2047916671875 0.78984375 0.2047916671875
1 0.7418750000000001 0.1983333328125 0.7418750000000001 0.18395833281250001 0.7145312500000001 0.18395833281250001 0.7145312500000001 0.1983333328125 0.7418750000000001 0.1983333328125
2 0.68703125 0.0810416671875 0.68703125 0.5216666671875 0.8159375000000001 0.5216666671875 0.8159375000000001 0.0810416671875 0.68703125 0.0810416671875