1 1 0.5945833328125001 0.92578125 0.5945833328125001 0.92578125 0.6766666671875 1 0.6766666671875 1 0.5945833328125001
1 0.8514062499999999 0.4877083328125 0.8514062499999999 0.41208333281250004 0.6725 0.41208333281250004 0.6725 0.4877083328125 0.8514062499999999 0.4877083328125
1 0.8495312500000001 0.5502083328125 0.8495312500000001 0.4797916671875 0.6676562500000001 0.4797916671875 0.6676562500000001 0.5502083328125 0.8495312500000001 0.5502083328125
1 1 0.1920833328125 0.9760937500000001 0.1920833328125 0.9760937500000001 0.221875 1 0.221875 1 0.1920833328125
1 0.9629687499999999 0.225 0.9629687499999999 0.1852083328125 0.905 0.1852083328125 0.905 0.225 0.9629687499999999 0.225
1 0.903125 0.2314583328125 0.903125 0.1979166671875 0.85234375 0.1979166671875 0.85234375 0.2314583328125 0.903125 0.2314583328125
1 0.85 0.2370833328125 0.85 0.2095833328125 0.8126562500000001 0.2095833328125 0.8126562500000001 0.2370833328125 0.85 0.2370833328125
1 0.8110937500000001 0.24333333281249997 0.8110937500000001 0.2210416671875 0.7796875 0.2210416671875 0.7796875 0.24333333281249997 0.8110937500000001 0.24333333281249997
1 0.73875 0.241875 0.73875 0.2258333328125 0.7246875 0.2258333328125 0.7246875 0.241875 0.73875 0.241875
1 0.72890625 0.14937499999999998 0.72890625 0.12875 0.7106250000000001 0.12875 0.7106250000000001 0.14937499999999998 0.72890625 0.14937499999999998
1 0.74328125 0.134375 0.74328125 0.114375 0.72828125 0.114375 0.72828125 0.134375 0.74328125 0.134375
1 0.76484375 0.12041666718749999 0.76484375 0.09 0.745 0.09 0.745 0.12041666718749999 0.76484375 0.12041666718749999
1 0.7931250000000001 0.1025 0.7931250000000001 0.0725 0.7675 0.0725 0.7675 0.1025 0.7931250000000001 0.1025
1 0.81765625 0.0829166671875 0.81765625 0.057499999999999996 0.795 0.057499999999999996 0.795 0.0829166671875 0.81765625 0.0829166671875
1 0.8529687499999999 0.0566666671875 0.8529687499999999 0.017499999999999998 0.8228125000000001 0.017499999999999998 0.8228125000000001 0.0566666671875 0.8529687499999999 0.0566666671875
1 0.7521875 0 0.7521875 0.024791667187499998 0.7659374999999999 0.024791667187499998 0.7659374999999999 0 0.7521875 0
3 0.9598437499999999 0.436875 0.9598437499999999 0.34875 0.9175000000000001 0.34875 0.9175000000000001 0.436875 0.9598437499999999 0.436875
3 0.9232812499999999 0.388125 0.9232812499999999 0.34208333281250003 0.8887499999999999 0.34208333281250003 0.8887499999999999 0.388125 0.9232812499999999 0.388125
3 0.88578125 0.395625 0.8878125000000001 0.4026388890625 0.88578125 0.40791666718749997 0.8766796875 0.40791666718749997 0.849375 0.3710416671875 0.849375 0.40791666718749997 0.867578125 0.40791666718749997 0.8878125000000001 0.4158333328125 0.9243750000000001 0.4158333328125 0.9243750000000001 0.37625000000000003 0.8969531249999999 0.37625000000000003 0.88578125 0.3710416671875 0.8878125000000001 0.37625000000000003 0.88578125 0.38333333281250004 0.8878125000000001 0.38944444375 0.88578125 0.395625
3 0.90953125 0.5118750000000001 0.90953125 0.4222916671875 0.84546875 0.4222916671875 0.84546875 0.5118750000000001 0.90953125 0.5118750000000001
3 0.90953125 0.5341666671875 0.90953125 0.48687500000000006 0.881875 0.48687500000000006 0.881875 0.5341666671875 0.90953125 0.5341666671875
3 0.93921875 0.5552083328124999 0.93921875 0.5027083328125 0.90265625 0.5027083328125 0.90265625 0.5552083328124999 0.93921875 0.5552083328124999
3 0.15859375 0.48562500000000003 0.15859375 0.36062500000000003 0.06671875000000001 0.36062500000000003 0.06671875000000001 0.48562500000000003 0.15859375 0.48562500000000003
3 0.07078124999999999 0.5210416671875 0.07078124999999999 0.38416666718750003 0.0017187500000000002 0.38416666718750003 0.0017187500000000002 0.5210416671875 0.07078124999999999 0.5210416671875
3 0.07265625 0.6131249999999999 0.07265625 0.48687500000000006 0.000625 0.48687500000000006 0.000625 0.6131249999999999 0.07265625 0.6131249999999999
3 0.07765625000000001 0.689375 0.07765625000000001 0.5527083328125 0.0026562499999999998 0.5527083328125 0.0026562499999999998 0.689375 0.07765625000000001 0.689375
3 0.16343749999999999 0.6277083328125 0.16343749999999999 0.510625 0.07265625 0.510625 0.07265625 0.6277083328125 0.16343749999999999 0.6277083328125
3 0.0678125 0.4527083328125 0.0678125 0.5683333328125 0.1496875 0.5683333328125 0.1496875 0.4527083328125 0.0678125 0.4527083328125
3 0.125 0.3329166671875 0.125 0.25 0.000625 0.25 0.000625 0.3329166671875 0.125 0.3329166671875
3 0.2946875 0.3079166671875 0.2946875 0.1591666671875 0.12593749999999998 0.1591666671875 0.12593749999999998 0.3079166671875 0.2946875 0.3079166671875
3 0.355 0.260625 0.355 0.20916666718750002 0.2759375 0.20916666718750002 0.2759375 0.260625 0.355 0.260625
3 0.343125 0.3066666671875 0.343125 0.2683333328125 0.28296875 0.2683333328125 0.28296875 0.3066666671875 0.343125 0.3066666671875
3 0.37078125 0.3027083328125 0.37078125 0.25916666718750003 0.34500000000000003 0.25916666718750003 0.34500000000000003 0.3027083328125 0.37078125 0.3027083328125
3 0.32140625 0.42895833281250006 0.32140625 0.35125 0.20390625 0.35125 0.20390625 0.42895833281250006 0.32140625 0.42895833281250006
3 0.32328125 0.4579166671875 0.32328125 0.410625 0.28875 0.410625 0.28875 0.4579166671875 0.32328125 0.4579166671875
3 0.2946875 0.4841666671875 0.2946875 0.414375 0.244375 0.414375 0.244375 0.4841666671875 0.2946875 0.4841666671875
3 0.25421875 0.5131249999999999 0.25421875 0.425 0.1615625 0.425 0.1615625 0.5131249999999999 0.25421875 0.5131249999999999
3 0.22078125 0.55 0.22078125 0.4722916671875 0.14671875 0.4722916671875 0.14671875 0.55 0.22078125 0.55
3 0.355 0.4066666671875 0.355 0.34729166718750004 0.30265624999999996 0.34729166718750004 0.30265624999999996 0.4066666671875 0.355 0.4066666671875
3 0.34796875 0.4420833328125 0.34796875 0.39729166718750003 0.3134375 0.39729166718750003 0.3134375 0.4420833328125 0.34796875 0.4420833328125
3 0.41015625 0.4091666671875 0.41015625 0.3222916671875 0.36375 0.3222916671875 0.36375 0.4091666671875 0.41015625 0.4091666671875
3 0.4190625 0.361875 0.4190625 0.3341666671875 0.39640624999999996 0.3341666671875 0.39640624999999996 0.361875 0.4190625 0.361875
3 0.43187499999999995 0.39729166718750003 0.43187499999999995 0.364375 0.399375 0.364375 0.399375 0.39729166718750003 0.43187499999999995 0.39729166718750003
3 0.40125 0.2527083328125 0.40125 0.21833333281249998 0.3678125 0.21833333281249998 0.3678125 0.2527083328125 0.40125 0.2527083328125
3 0.39640624999999996 0.27625 0.39640624999999996 0.2527083328125 0.3678125 0.2527083328125 0.3678125 0.27625 0.39640624999999996 0.27625
3 0.42000000000000004 0.3079166671875 0.42000000000000004 0.2316666671875 0.38453125 0.2316666671875 0.38453125 0.3079166671875 0.42000000000000004 0.3079166671875
3 0.4378125 0.3079166671875 0.4378125 0.28291666718749997 0.40921874999999996 0.28291666718749997 0.40921874999999996 0.3079166671875 0.4378125 0.3079166671875
3 0.8028124999999999 0.37374999999999997 0.8028124999999999 0.34208333281250003 0.77609375 0.34208333281250003 0.77609375 0.37374999999999997 0.8028124999999999 0.37374999999999997