1 0.666875 0.0408333328125 0.666875 0.1670833328125 0.7892187500000001 0.1670833328125 0.7892187500000001 0.0408333328125 0.666875 0.0408333328125
1 0.844375 0.2289583328125 0.844375 0.1316666671875 0.78625 0.1316666671875 0.78625 0.2289583328125 0.844375 0.2289583328125
1 0.88578125 0.26187499999999997 0.88578125 0.18937500000000002 0.8434375 0.18937500000000002 0.8434375 0.26187499999999997 0.88578125 0.26187499999999997
1 0.8878125000000001 0.24479166718749998 0.8878125000000001 0.2920833328125 0.9175000000000001 0.2920833328125 0.9175000000000001 0.24479166718749998 0.8878125000000001 0.24479166718749998
1 0.865625 0.634375 0.865625 0.5677083328125 0.820625 0.5677083328125 0.820625 0.634375 0.865625 0.634375
1 0.803125 0.6670833328125 0.803125 0.61625 0.77 0.61625 0.77 0.6670833328125 0.803125 0.6670833328125
1 0.89359375 0.5829166671875 0.89359375 0.5489583328125 0.8659375 0.5489583328125 0.8659375 0.5829166671875 0.89359375 0.5829166671875
1 0.9209375 0.573125 0.9209375 0.5345833328125 0.8921875 0.5345833328125 0.8921875 0.573125 0.9209375 0.573125
1 0.95 0.5358333328125 0.95 0.5089583328125 0.93515625 0.5089583328125 0.93515625 0.5358333328125 0.95 0.5358333328125
1 0.9298437500000001 0.305 0.9298437500000001 0.268125 0.91171875 0.268125 0.91171875 0.305 0.9298437500000001 0.305
1 0.9275 0.2922916671875 0.9275 0.3229166671875 0.9465625 0.3229166671875 0.9465625 0.2922916671875 0.9275 0.2922916671875
4 0.4259375 0.999375 0.4259375 0.3583333328125 0.001875 0.3583333328125 0.001875 0.999375 0.4259375 0.999375
4 0 0.999375 0.075 0.999375 0.075 0.703125 0 0.703125 0 0.999375
4 0.6990624999999999 0.899375 0.6990624999999999 0.3608333328125 0.43359375 0.3608333328125 0.43359375 0.899375 0.6990624999999999 0.899375
4 0.7932812499999999 0.7429166671874999 0.7932812499999999 0.36604166718750003 0.673125 0.36604166718750003 0.673125 0.7429166671874999 0.7932812499999999 0.7429166671874999
4 0.94609375 0.5441666671875 0.94609375 0.4058333328125 0.91640625 0.4058333328125 0.91640625 0.5441666671875 0.94609375 0.5441666671875
3 0.85125 0.3566666671875 0.85125 0.25 0.81875 0.25 0.81875 0.3566666671875 0.85125 0.3566666671875
3 0.868125 0.35 0.868125 0.27625 0.85125 0.27625 0.85125 0.35 0.868125 0.35
3 0.89765625 0.36833333281249997 0.89765625 0.3027083328125 0.8800000000000001 0.3027083328125 0.8800000000000001 0.36833333281249997 0.89765625 0.36833333281249997
3 0.91046875 0.3697916671875 0.91046875 0.311875 0.89875 0.311875 0.89875 0.3697916671875 0.91046875 0.3697916671875
3 0.9520312499999999 0.385625 0.9520312499999999 0.339375 0.938125 0.339375 0.938125 0.385625 0.9520312499999999 0.385625
1 0.54921875 0.0033333328125 0.54921875 0.07958333281249999 0.6646875 0.07958333281249999 0.6646875 0.0033333328125 0.54921875 0.0033333328125