2 0.68125 0.9960416671875001 0.68125 0.5974999999999999 0.5326562499999999 0.5974999999999999 0.5326562499999999 0.9960416671875001 0.68125 0.9960416671875001
1 1 0.7547916671875 0.9315625000000001 0.7547916671875 0.9315625000000001 0.8 1 0.8 1 0.7547916671875
1 0.825 0.6116666671875 0.825 0.80375 0.91890625 0.80375 0.91890625 0.6116666671875 0.825 0.6116666671875
1 0.8821875 0.619375 0.8821875 0.5754166671875 0.76125 0.5754166671875 0.76125 0.619375 0.8821875 0.619375
1 0.83953125 0.8012499999999999 0.83953125 0.7495833328125 0.7631249999999999 0.7495833328125 0.7631249999999999 0.8012499999999999 0.83953125 0.8012499999999999
1 0.5609375 0.8 0.5609375 0.8347916671875 0.6682812499999999 0.8347916671875 0.6682812499999999 0.8 0.5609375 0.8
4 0.77109375 0.653125 0.77109375 0.5147916671874999 0.6625 0.5147916671874999 0.6625 0.653125 0.77109375 0.653125
4 0.7759375000000001 0.796875 0.7759375000000001 0.6454166671875 0.675 0.6454166671875 0.675 0.796875 0.7759375000000001 0.796875
4 0.54609375 0.72375 0.54609375 0.1775 0.06640625 0.1775 0.06640625 0.72375 0.54609375 0.72375
4 0.17781249999999998 0.649375 0.17781249999999998 0.3879166671875 0.00390625 0.3879166671875 0.00390625 0.649375 0.17781249999999998 0.649375
4 0.1740625 0.9941666671875 0.1740625 0.6697916671875 0.0028125 0.6697916671875 0.0028125 0.9941666671875 0.1740625 0.9941666671875
4 0.5375 0.999375 0.5375 0.6916666671875 0.076875 0.6916666671875 0.076875 0.999375 0.5375 0.999375