1 0.6961458328125001 0.355277778125 0.6961458328125001 0.30129629687500004 0.5688541671875 0.30129629687500004 0.5688541671875 0.355277778125 0.6961458328125001 0.355277778125
1 0.1208333328125 0.606759259375 0.1208333328125 0.50305555625 0.0870833328125 0.50305555625 0.0870833328125 0.606759259375 0.1208333328125 0.606759259375
1 0.08401041718749999 0.6476851859375 0.08401041718749999 0.53305555625 0.0655729171875 0.53305555625 0.0655729171875 0.6476851859375 0.08401041718749999 0.6476851859375
1 0.05791666718750001 0.6940740734374999 0.05791666718750001 0.5849074078125 0.0010937499999999999 0.5849074078125 0.0010937499999999999 0.6940740734374999 0.05791666718750001 0.6940740734374999
1 0.17671874999999998 0.2046296296875 0.17671874999999998 0.1746296296875 0.1234375 0.1746296296875 0.1234375 0.2046296296875 0.17671874999999998 0.2046296296875
1 0.1696354171875 0.12092592656250001 0.1696354171875 0.086203703125 0.12166666718750001 0.086203703125 0.12166666718750001 0.12092592656250001 0.1696354171875 0.12092592656250001
1 0.11541666718750002 0.11777777812500001 0.11541666718750002 0.086203703125 0.0666145828125 0.086203703125 0.0666145828125 0.11777777812500001 0.11541666718750002 0.11777777812500001
1 0.1234375 0.23777777812499998 0.1234375 0.2125 0.07369791718749999 0.2125 0.07369791718749999 0.23777777812499998 0.1234375 0.23777777812499998
2 0.29375 0.003240740625 0.29375 0.9993518515625001 0.6716145828125 0.9993518515625001 0.6716145828125 0.003240740625 0.29375 0.003240740625
4 0.70625 0.5070370375000001 0.70625 0.3326851859375 0.55984375 0.3326851859375 0.55984375 0.5070370375000001 0.70625 0.5070370375000001
4 0.1827083328125 0.476296296875 0.1827083328125 0.31990740781250004 0.0377604171875 0.31990740781250004 0.0377604171875 0.476296296875 0.1827083328125 0.476296296875
2 0.2858333328125 0.4903703703125 0.2858333328125 0.15324074062499998 0.1675520828125 0.15324074062499998 0.1675520828125 0.4903703703125 0.2858333328125 0.4903703703125
2 0.3305208328125 0.46472222187499995 0.3305208328125 0.2826851859375 0.2865625 0.2826851859375 0.2865625 0.46472222187499995 0.3305208328125 0.46472222187499995
4 0.8944791671875001 0.5800925921875 0.8944791671875001 0.3890740734375 0.8223437499999999 0.3890740734375 0.8223437499999999 0.5800925921875 0.8944791671875001 0.5800925921875
2 0.1740625 0.3326851859375 0.1740625 0.2070370375 0.1300520828125 0.2070370375 0.1300520828125 0.3326851859375 0.1740625 0.3326851859375
2 0.8821875 0.3686111109375 0.8821875 0.253240740625 0.8309895828125 0.253240740625 0.8309895828125 0.3686111109375 0.8821875 0.3686111109375