1 1 0.103125 0.975625 0.103125 0.975625 0.1539583328125 1 0.1539583328125 1 0.103125
1 0.9707812499999999 0.17875000000000002 0.9707812499999999 0.1291666671875 0.9042187500000001 0.1291666671875 0.9042187500000001 0.17875000000000002 0.9707812499999999 0.17875000000000002
1 0.9071875 0.1983333328125 0.9071875 0.15270833281250001 0.85640625 0.15270833281250001 0.85640625 0.1983333328125 0.9071875 0.1983333328125
1 0.8543749999999999 0.2060416671875 0.8543749999999999 0.1735416671875 0.8162499999999999 0.1735416671875 0.8162499999999999 0.2060416671875 0.8543749999999999 0.2060416671875
1 0.8153124999999999 0.21916666718750002 0.8153124999999999 0.1879166671875 0.7840625 0.1879166671875 0.7840625 0.21916666718750002 0.8153124999999999 0.21916666718750002
1 0.8162499999999999 0.073125 0.8162499999999999 0.027500000000000004 0.786875 0.027500000000000004 0.786875 0.073125 0.8162499999999999 0.073125
1 0.7859375 0.08875 0.7859375 0.0627083328125 0.76828125 0.0627083328125 0.76828125 0.08875 0.7859375 0.08875
1 0.76640625 0.10833333281249999 0.76640625 0.0835416671875 0.7478125 0.0835416671875 0.7478125 0.10833333281249999 0.76640625 0.10833333281249999
1 0.43015625 0.14750000000000002 0.43015625 0.1160416671875 0.40953125 0.1160416671875 0.40953125 0.14750000000000002 0.43015625 0.14750000000000002
1 0.3596875 0.0627083328125 0.3596875 0.00020833281250000002 0.30796875 0.00020833281250000002 0.30796875 0.0627083328125 0.3596875 0.0627083328125
1 0.54640625 0.3545833328125 0.54640625 0.3377083328125 0.495625 0.3377083328125 0.495625 0.3545833328125 0.54640625 0.3545833328125
1 0.54640625 0.3885416671875 0.54640625 0.3625 0.4965625 0.3625 0.4965625 0.3885416671875 0.54640625 0.3885416671875
3 0.8660937499999999 0.36583333281249997 0.8660937499999999 0.339375 0.8503125 0.339375 0.8503125 0.36583333281249997 0.8660937499999999 0.36583333281249997
3 0.8848437499999999 0.3697916671875 0.8848437499999999 0.3408333328125 0.8660937499999999 0.3408333328125 0.8660937499999999 0.3697916671875 0.8848437499999999 0.3697916671875
3 0.90265625 0.3722916671875 0.90265625 0.339375 0.8839062500000001 0.339375 0.8839062500000001 0.3722916671875 0.90265625 0.3722916671875
3 0.9232812499999999 0.3777083328125 0.9232812499999999 0.34729166718750004 0.90171875 0.34729166718750004 0.90171875 0.3777083328125 0.9232812499999999 0.3777083328125
3 0.9667187500000001 0.414375 0.9667187500000001 0.3552083328125 0.9134375 0.3552083328125 0.9134375 0.414375 0.9667187500000001 0.414375
3 0.96484375 0.438125 0.96484375 0.39729166718750003 0.9243750000000001 0.39729166718750003 0.9243750000000001 0.438125 0.96484375 0.438125
3 0.99828125 0.4447916671875 0.99828125 0.40791666718749997 0.9865625 0.40791666718749997 0.9865625 0.4447916671875 0.99828125 0.4447916671875
3 0.99734375 0.5527083328125 0.99734375 0.5027083328125 0.96875 0.5027083328125 0.96875 0.5527083328125 0.99734375 0.5527083328125
3 0.99828125 0.5789583328125001 0.99828125 0.5393749999999999 0.95796875 0.5393749999999999 0.95796875 0.5789583328125001 0.99828125 0.5789583328125001
3 0.99828125 0.6066666671875 0.99828125 0.5710416671874999 0.9550000000000001 0.5710416671874999 0.9550000000000001 0.6066666671875 0.99828125 0.6066666671875
3 0.9589062500000001 0.5683333328125 0.9589062500000001 0.5237499999999999 0.9184374999999999 0.5237499999999999 0.9184374999999999 0.5683333328125 0.9589062500000001 0.5683333328125
3 0.9204687500000001 0.5408333328125 0.9204687500000001 0.488125 0.8631249999999999 0.488125 0.8631249999999999 0.5408333328125 0.9204687500000001 0.5408333328125
3 0.86421875 0.4947916671875 0.86421875 0.4579166671875 0.81671875 0.4579166671875 0.81671875 0.4947916671875 0.86421875 0.4947916671875
3 0.8612500000000001 0.3947916671875 0.8612500000000001 0.36583333281249997 0.844375 0.36583333281249997 0.844375 0.3947916671875 0.8612500000000001 0.3947916671875
3 0.881875 0.40125 0.881875 0.3710416671875 0.8612500000000001 0.3710416671875 0.8612500000000001 0.40125 0.881875 0.40125
3 0.900625 0.414375 0.900625 0.3777083328125 0.8800000000000001 0.3777083328125 0.8800000000000001 0.414375 0.900625 0.414375
3 0.91640625 0.4158333328125 0.91640625 0.38687499999999997 0.90359375 0.38687499999999997 0.90359375 0.4158333328125 0.91640625 0.4158333328125
3 0.84828125 0.388125 0.84828125 0.3579166671875 0.8276562500000001 0.3579166671875 0.8276562500000001 0.388125 0.84828125 0.388125
3 0.8246874999999999 0.388125 0.8246874999999999 0.36062500000000003 0.80984375 0.36062500000000003 0.80984375 0.388125 0.8246874999999999 0.388125
3 0.8878125000000001 0.12625 0.8878125000000001 0.0920833328125 0.8285937499999999 0.0920833328125 0.8285937499999999 0.12625 0.8878125000000001 0.12625
3 0.8800000000000001 0.1433333328125 0.8800000000000001 0.1183333328125 0.8295312499999999 0.1183333328125 0.8295312499999999 0.1433333328125 0.8800000000000001 0.1433333328125
3 0.8809374999999999 0.1539583328125 0.8809374999999999 0.139375 0.8295312499999999 0.139375 0.8295312499999999 0.1539583328125 0.8809374999999999 0.1539583328125
3 0.8759375 0.1829166671875 0.8759375 0.1539583328125 0.8434375 0.1539583328125 0.8434375 0.1829166671875 0.8759375 0.1829166671875
3 0.8365625 0.1447916671875 0.8365625 0.12104166718750001 0.8207812499999999 0.12104166718750001 0.8207812499999999 0.1447916671875 0.8365625 0.1447916671875
3 0.84140625 0.1579166671875 0.84140625 0.1460416671875 0.8207812499999999 0.1460416671875 0.8207812499999999 0.1579166671875 0.84140625 0.1579166671875
3 0.84046875 0.17625 0.84046875 0.1579166671875 0.8196875 0.1579166671875 0.8196875 0.17625 0.84046875 0.17625
3 0.9115624999999999 0.160625 0.9115624999999999 0.1289583328125 0.8770312499999999 0.1289583328125 0.8770312499999999 0.160625 0.9115624999999999 0.160625
3 0.9675 0.00625 0.9675 0.0429166671875 0.9962500000000001 0.0429166671875 0.9962500000000001 0.00625 0.9675 0.00625
3 1 0.0352083328125 0.9745312500000001 0.0352083328125 0.9745312500000001 0.0627083328125 1 0.0627083328125 1 0.0352083328125
3 0.9962500000000001 0.08125 0.9962500000000001 0.058750000000000004 0.9745312500000001 0.058750000000000004 0.9745312500000001 0.08125 0.9962500000000001 0.08125
3 0.9962500000000001 0.11145833281249999 0.9962500000000001 0.08125 0.9724999999999999 0.08125 0.9724999999999999 0.11145833281249999 0.9962500000000001 0.11145833281249999
3 0.26687500000000003 0.3127083328125 0.26687500000000003 0.24562499999999998 0.13765624999999998 0.24562499999999998 0.13765624999999998 0.3127083328125 0.26687500000000003 0.3127083328125
3 0.14750000000000002 0.33125 0.14750000000000002 0.2389583328125 0.05671875 0.2389583328125 0.05671875 0.33125 0.14750000000000002 0.33125
3 0 0.3039583328125 0.059687500000000004 0.3039583328125 0.059687500000000004 0.220625 0 0.220625 0 0.3039583328125
3 0.047343750000000004 0.60875 0.047343750000000004 0.48250000000000004 0.0035937499999999997 0.48250000000000004 0.0035937499999999997 0.60875 0.047343750000000004 0.60875
3 0.14796875 0.5614583328125 0.14796875 0.4808333328125 0.045 0.4808333328125 0.045 0.5614583328125 0.14796875 0.5614583328125
3 0.190625 0.5060416671875 0.190625 0.45083333281250004 0.08046875 0.45083333281250004 0.08046875 0.5060416671875 0.190625 0.5060416671875
3 0.23453125 0.4966666671875 0.23453125 0.4145833328125 0.12078124999999999 0.4145833328125 0.12078124999999999 0.4966666671875 0.23453125 0.4966666671875
3 0.30546875 0.4002083328125 0.30546875 0.3514583328125 0.19296875 0.3514583328125 0.19296875 0.4002083328125 0.30546875 0.4002083328125
3 0.2653125 0.46979166718750004 0.2653125 0.4002083328125 0.191875 0.4002083328125 0.191875 0.46979166718750004 0.2653125 0.46979166718750004
3 0.2996875 0.44770833281250005 0.2996875 0.40354166718749995 0.26875 0.40354166718749995 0.26875 0.44770833281250005 0.2996875 0.44770833281250005
3 0.2984375 0.2645833328125 0.2984375 0.2125 0.18359375 0.2125 0.18359375 0.2645833328125 0.2984375 0.2645833328125
3 0.2984375 0.305625 0.2984375 0.2629166671875 0.25578124999999996 0.2629166671875 0.25578124999999996 0.305625 0.2984375 0.305625
3 0.3328125 0.30874999999999997 0.3328125 0.1966666671875 0.27125 0.1966666671875 0.27125 0.30874999999999997 0.3328125 0.30874999999999997
3 0.371875 0.27395833281250004 0.371875 0.2297916671875 0.3328125 0.2297916671875 0.3328125 0.27395833281250004 0.371875 0.27395833281250004
3 0.37296874999999996 0.305625 0.37296874999999996 0.27395833281250004 0.3315625 0.27395833281250004 0.3315625 0.305625 0.37296874999999996 0.305625
3 0.32687499999999997 0.438125 0.32687499999999997 0.3877083328125 0.2971875 0.3877083328125 0.2971875 0.438125 0.32687499999999997 0.438125
3 0.34109375000000003 0.43187499999999995 0.34109375000000003 0.375 0.32328125 0.375 0.32328125 0.43187499999999995 0.34109375000000003 0.43187499999999995
3 0.36828125 0.42083333281249996 0.36828125 0.378125 0.34109375000000003 0.378125 0.34109375000000003 0.42083333281249996 0.36828125 0.42083333281249996
3 0.38609375 0.40354166718749995 0.38609375 0.36875 0.35531250000000003 0.36875 0.35531250000000003 0.40354166718749995 0.38609375 0.40354166718749995
3 0.40265625 0.34500000000000003 0.40265625 0.32145833281249997 0.35046875 0.32145833281249997 0.35046875 0.34500000000000003 0.40265625 0.34500000000000003
3 0.40265625 0.3702083328125 0.40265625 0.3435416671875 0.35640625 0.3435416671875 0.35640625 0.3702083328125 0.40265625 0.3702083328125
3 0.40031249999999996 0.395625 0.40031249999999996 0.375 0.38609375 0.375 0.38609375 0.395625 0.40031249999999996 0.395625
3 0.416875 0.39708333281249997 0.416875 0.32458333281249996 0.39671875 0.32458333281249996 0.39671875 0.39708333281249997 0.416875 0.39708333281249997
3 0.38609375 0.3070833328125 0.38609375 0.27395833281250004 0.36953125 0.27395833281250004 0.36953125 0.3070833328125 0.38609375 0.3070833328125
3 0.40031249999999996 0.2802083328125 0.40031249999999996 0.2360416671875 0.3646875 0.2360416671875 0.3646875 0.2802083328125 0.40031249999999996 0.2802083328125
3 0.40374999999999994 0.305625 0.40374999999999994 0.27875 0.38609375 0.27875 0.38609375 0.305625 0.40374999999999994 0.305625
3 0.415625 0.3102083328125 0.415625 0.2802083328125 0.3990625 0.2802083328125 0.3990625 0.3102083328125 0.415625 0.3102083328125
3 0.4334375 0.3070833328125 0.4334375 0.2835416671875 0.416875 0.2835416671875 0.416875 0.3070833328125 0.4334375 0.3070833328125
3 0.8 0.3408333328125 0.8 0.31875 0.76046875 0.31875 0.76046875 0.3408333328125 0.8 0.3408333328125
3 0.7753125 0.3735416671875 0.7753125 0.34187500000000004 0.7564062500000001 0.34187500000000004 0.7564062500000001 0.3735416671875 0.7753125 0.3735416671875
3 0.79421875 0.3647916671875 0.79421875 0.3483333328125 0.7753125 0.3483333328125 0.7753125 0.3647916671875 0.79421875 0.3647916671875
3 0.8196875 0.4285416671875 0.8196875 0.40208333281249997 0.77859375 0.40208333281249997 0.77859375 0.4285416671875 0.8196875 0.4285416671875
3 0.8032812500000001 0.4625 0.8032812500000001 0.4372916671875 0.78015625 0.4372916671875 0.78015625 0.4625 0.8032812500000001 0.4625
3 0.7834375 0.45041666718749995 0.7834375 0.4295833328125 0.7678125 0.4295833328125 0.7678125 0.45041666718749995 0.7834375 0.45041666718749995
3 0.78015625 0.4185416671875 0.78015625 0.3977083328125 0.7596875 0.3977083328125 0.7596875 0.4185416671875 0.78015625 0.4185416671875
3 0.77859375 0.4427083328125 0.77859375 0.4185416671875 0.7564062500000001 0.4185416671875 0.7564062500000001 0.4427083328125 0.77859375 0.4427083328125
3 0.76125 0.3604166671875 0.76125 0.33645833281250004 0.7465625 0.33645833281250004 0.7465625 0.3604166671875 0.76125 0.3604166671875
3 0.7571875 0.4329166671875 0.7571875 0.40875000000000006 0.7390625 0.40875000000000006 0.7390625 0.4329166671875 0.7571875 0.4329166671875
3 0.7440625 0.4285416671875 0.7440625 0.4033333328125 0.7309375 0.4033333328125 0.7309375 0.4285416671875 0.7440625 0.4285416671875