1 0.9428645828125 0.44490740781250004 0.9428645828125 0.25851851875 0.7369270828125 0.25851851875 0.7369270828125 0.44490740781250004 0.9428645828125 0.44490740781250004
1 0.7420833328125 0.36990740781250003 0.7420833328125 0.27444444375 0.6602083328125 0.27444444375 0.6602083328125 0.36990740781250003 0.7420833328125 0.36990740781250003
1 0.7356770828125 0.43351851874999997 0.7356770828125 0.3471296296875 0.6615104171875 0.3471296296875 0.6615104171875 0.43351851874999997 0.7356770828125 0.43351851874999997
1 0.6627604171875 0.401759259375 0.6627604171875 0.32444444375 0.6103125 0.32444444375 0.6103125 0.401759259375 0.6627604171875 0.401759259375
1 0.6602083328125 0.43814814843749994 0.6602083328125 0.381296296875 0.6116145828125 0.381296296875 0.6116145828125 0.43814814843749994 0.6602083328125 0.43814814843749994
1 0.61546875 0.4438888890625 0.61546875 0.3925925921875 0.5871875 0.3925925921875 0.5871875 0.4438888890625 0.61546875 0.4438888890625
1 0.5864583328124999 0.4438888890625 0.5864583328124999 0.40703703750000003 0.5605208328125 0.40703703750000003 0.5605208328125 0.4438888890625 0.5864583328124999 0.4438888890625
1 0.6338020828125 0.6043518515625 0.6338020828125 0.5596296296875 0.5782812500000001 0.5596296296875 0.5782812500000001 0.6043518515625 0.6338020828125 0.6043518515625
1 0.8000520828125 0.9998148140625001 0.8000520828125 0.8728703703124999 0.7009375 0.8728703703124999 0.7009375 0.9998148140625001 0.8000520828125 0.9998148140625001
1 0.6390625 0.7896296296875 0.6390625 0.713240740625 0.6013020828125 0.713240740625 0.6013020828125 0.7896296296875 0.6390625 0.7896296296875
1 0.3311458328125 0.6566666671875 0.3311458328125 0.61194444375 0.2053125 0.61194444375 0.2053125 0.6566666671875 0.3311458328125 0.6566666671875
1 0.0015104171875000001 0.14435185156250002 0.0015104171875000001 0.262222221875 0.12307291718749999 0.262222221875 0.12307291718749999 0.14435185156250002 0.0015104171875000001 0.14435185156250002
1 0.12677083281249998 0.2163888890625 0.12677083281249998 0.3113888890625 0.19671875 0.3113888890625 0.19671875 0.2163888890625 0.12677083281249998 0.2163888890625
1 0.1863020828125 0.2600925921875 0.1863020828125 0.33648148125 0.23541666718749998 0.33648148125 0.23541666718749998 0.2600925921875 0.1863020828125 0.2600925921875
1 0.26609375 0.2791666671875 0.26609375 0.2273148140625 0.2246875 0.2273148140625 0.2246875 0.2791666671875 0.26609375 0.2791666671875
1 0.2292708328125 0.292777778125 0.2292708328125 0.34194444375 0.2645833328125 0.34194444375 0.2645833328125 0.292777778125 0.2292708328125 0.292777778125
1 0.2570833328125 0.3181481484375 0.2570833328125 0.3654629625 0.29348958281250004 0.3654629625 0.29348958281250004 0.3181481484375 0.2570833328125 0.3181481484375
1 0.2890625 0.34018518593749997 0.2890625 0.371759259375 0.3147916671875 0.371759259375 0.3147916671875 0.34018518593749997 0.2890625 0.34018518593749997
1 0.1780729171875 0.0021296296874999997 0.1780729171875 0.04305555625 0.2305208328125 0.04305555625 0.2305208328125 0.0021296296874999997 0.1780729171875 0.0021296296874999997
1 0.22156250000000002 0.031666667187500004 0.22156250000000002 0.10898148125 0.27015625 0.10898148125 0.27015625 0.031666667187500004 0.22156250000000002 0.031666667187500004
1 0.2625 0.08851851875 0.2625 0.152222221875 0.290625 0.152222221875 0.290625 0.08851851875 0.2625 0.08851851875
1 0.2850520828125 0.1326851859375 0.2850520828125 0.1945370375 0.31171875 0.1945370375 0.31171875 0.1326851859375 0.2850520828125 0.1326851859375
1 0.4021354171875 0.5694444437499999 0.4021354171875 0.543240740625 0.3509375 0.543240740625 0.3509375 0.5694444437499999 0.4021354171875 0.5694444437499999
1 0.4506770828125 0.56601851875 0.4506770828125 0.543240740625 0.40125 0.543240740625 0.40125 0.56601851875 0.4506770828125 0.56601851875
1 0.5002604171875 0.5641666671875 0.5002604171875 0.5471296296875 0.4538020828125 0.5471296296875 0.4538020828125 0.5641666671875 0.5002604171875 0.5641666671875
1 0.6063020828125001 0.739259259375 0.6063020828125001 0.6748148140625 0.5840625 0.6748148140625 0.5840625 0.739259259375 0.6063020828125001 0.739259259375
1 0.12286458281249998 0.8435185187500001 0.12286458281249998 0.7185185187500001 0.0205208328125 0.7185185187500001 0.0205208328125 0.8435185187500001 0.12286458281249998 0.8435185187500001
1 0.11901041718750001 0.9867592593750001 0.11901041718750001 0.83444444375 0.0230729171875 0.83444444375 0.0230729171875 0.9867592593750001 0.11901041718750001 0.9867592593750001