1 0.36640625 0.6722916671875 0.36640625 0.6220833328125 0.216875 0.6220833328125 0.216875 0.6722916671875 0.36640625 0.6722916671875
1 0.21984374999999998 0.6525000000000001 0.21984374999999998 0.6220833328125 0.17921875 0.6220833328125 0.17921875 0.6525000000000001 0.21984374999999998 0.6525000000000001
1 0.18515625 0.6525000000000001 0.18515625 0.618125 0.1584375 0.618125 0.1584375 0.6525000000000001 0.18515625 0.6525000000000001
1 0.18031250000000001 0.7039583328125001 0.18031250000000001 0.6708333328125 0.16046875 0.6708333328125 0.16046875 0.7039583328125001 0.18031250000000001 0.7039583328125001
1 0.20796874999999998 0.7289583328125 0.20796874999999998 0.6802083328124999 0.17921875 0.6802083328124999 0.17921875 0.7289583328125 0.20796874999999998 0.7289583328125
1 0.2653125 0.7620833328125001 0.2653125 0.7052083328125 0.20890625 0.7052083328125 0.20890625 0.7620833328125001 0.2653125 0.7620833328125001
1 0.32078125 0.8716666671875 0.32078125 0.996875 0.62375 0.996875 0.62375 0.8716666671875 0.32078125 0.8716666671875
1 0.32390625 0.9547916671875001 0.32390625 0.8527083328125 0.26484375 0.8527083328125 0.26484375 0.9547916671875001 0.32390625 0.9547916671875001
1 0.26296875000000003 0.8708333328125001 0.26296875000000003 0.805 0.22140624999999997 0.805 0.22140624999999997 0.8708333328125001 0.26296875000000003 0.8708333328125001
1 0.20593750000000002 0.7908333328125 0.20593750000000002 0.7508333328125001 0.18562499999999998 0.7508333328125001 0.18562499999999998 0.7908333328125 0.20593750000000002 0.7908333328125
1 0.1875 0.76 0.1875 0.7354166671875 0.168125 0.7354166671875 0.168125 0.76 0.1875 0.76