1 1 0.6647916671874999 0.83265625 0.6647916671874999 0.83265625 0.8929166671875001 1 0.8929166671875001 1 0.6647916671874999
1 0.85 0.7185416671875 0.85 0.5864583328124999 0.79515625 0.5864583328124999 0.79515625 0.7185416671875 0.85 0.7185416671875
1 0.8046875 0.5022916671875 0.8046875 0.45562500000000006 0.7634375 0.45562500000000006 0.7634375 0.5022916671875 0.8046875 0.5022916671875
1 0.9134375 0.396875 0.9134375 0.3522916671875 0.77125 0.3522916671875 0.77125 0.396875 0.9134375 0.396875
1 0.78125 0.395 0.78125 0.3675 0.7592187499999999 0.3675 0.7592187499999999 0.395 0.78125 0.395
1 0.7618750000000001 0.3960416671875 0.7618750000000001 0.36833333281249997 0.74453125 0.36833333281249997 0.74453125 0.3960416671875 0.7618750000000001 0.3960416671875
1 0.7424999999999999 0.38708333281249996 0.7424999999999999 0.3675 0.7251562500000001 0.3675 0.7251562500000001 0.38708333281249996 0.7424999999999999 0.38708333281249996
1 0.7390625 0.45479166718749997 0.7390625 0.42000000000000004 0.72171875 0.42000000000000004 0.72171875 0.45479166718749997 0.7390625 0.45479166718749997
1 0.75453125 0.46708333281250003 0.75453125 0.43333333281249997 0.7390625 0.43333333281249997 0.7390625 0.46708333281250003 0.75453125 0.46708333281250003
1 0.771875 0.47520833281249997 0.771875 0.445 0.7571875 0.445 0.7571875 0.47520833281249997 0.771875 0.47520833281249997
1 0.7371875 0.5081249999999999 0.7371875 0.47874999999999995 0.7196875 0.47874999999999995 0.7196875 0.5081249999999999 0.7371875 0.5081249999999999
1 0.7478125 0.5241666671874999 0.7478125 0.49916666718749997 0.7378125 0.49916666718749997 0.7378125 0.5241666671874999 0.7478125 0.5241666671874999
1 0.76453125 0.5472916671875 0.76453125 0.5108333328125 0.7478125 0.5108333328125 0.7478125 0.5472916671875 0.76453125 0.5472916671875
1 0.80796875 0.6239583328125 0.80796875 0.5535416671875 0.76390625 0.5535416671875 0.76390625 0.6239583328125 0.80796875 0.6239583328125