1 0.9981249999999999 0.1879166671875 0.9981249999999999 0.1364583328125 0.8403124999999999 0.1364583328125 0.8403124999999999 0.1879166671875 0.9981249999999999 0.1879166671875
1 0.6759375000000001 0.000625 0.6759375000000001 0.10187500000000001 0.9451562499999999 0.10187500000000001 0.9451562499999999 0.000625 0.6759375000000001 0.000625
3 0.9075 0.46979166718750004 0.9075 0.2697916671875 0.73390625 0.2697916671875 0.73390625 0.46979166718750004 0.9075 0.46979166718750004
3 0.97265625 0.40395833281250004 0.97265625 0.3566666671875 0.90453125 0.3566666671875 0.90453125 0.40395833281250004 0.97265625 0.40395833281250004
3 0.96875 0.46708333281250003 0.96875 0.4091666671875 0.90359375 0.4091666671875 0.90359375 0.46708333281250003 0.96875 0.46708333281250003
3 0.99046875 0.4527083328125 0.99046875 0.4170833328125 0.9667187500000001 0.4170833328125 0.9667187500000001 0.4527083328125 0.99046875 0.4527083328125
3 0.99828125 0.5777083328125 0.99828125 0.4933333328125 0.961875 0.4933333328125 0.961875 0.5777083328125 0.99828125 0.5777083328125
3 0.9746874999999999 0.5789583328125001 0.9746874999999999 0.5289583328125 0.8917187500000001 0.5289583328125 0.8917187500000001 0.5789583328125001 0.9746874999999999 0.5789583328125001
3 0.9785937499999999 0.6289583328125 0.9785937499999999 0.5789583328125001 0.938125 0.5789583328125001 0.938125 0.6289583328125 0.9785937499999999 0.6289583328125
3 0.93515625 0.614375 0.93515625 0.55 0.79609375 0.55 0.79609375 0.614375 0.93515625 0.614375
3 0.93515625 0.6710416671874999 0.93515625 0.6158333328125 0.8759375 0.6158333328125 0.8759375 0.6710416671874999 0.93515625 0.6710416671874999
3 0.89671875 0.7106250000000001 0.89671875 0.6433333328125 0.8324999999999999 0.6433333328125 0.8324999999999999 0.7106250000000001 0.89671875 0.7106250000000001
3 0.85421875 0.7658333328125 0.85421875 0.635625 0.7190624999999999 0.635625 0.7190624999999999 0.7658333328125 0.85421875 0.7658333328125
3 0.80796875 0.8579166671875 0.80796875 0.72375 0.69828125 0.72375 0.69828125 0.8579166671875 0.80796875 0.8579166671875
3 0.7121875 0.7722916671875 0.7121875 0.57375 0.5 0.57375 0.5 0.7722916671875 0.7121875 0.7722916671875
3 0.694375 0.9106249999999999 0.694375 0.711875 0.5059375 0.711875 0.5059375 0.9106249999999999 0.694375 0.9106249999999999
3 0.68453125 0.9881249999999999 0.68453125 0.825 0.5 0.825 0.5 0.9881249999999999 0.68453125 0.9881249999999999
3 0.50390625 0.8539583328125 0.50390625 0.6447916671875 0.15171874999999999 0.6447916671875 0.15171874999999999 0.8539583328125 0.50390625 0.8539583328125
3 0.50890625 0.9829166671875 0.50890625 0.785625 0.19703125 0.785625 0.19703125 0.9829166671875 0.50890625 0.9829166671875
3 0.506875 0.9947916671874999 0.506875 0.8920833328125 0.22390625000000003 0.8920833328125 0.22390625000000003 0.9947916671874999 0.506875 0.9947916671874999
3 0.16828125 0.9979166671874999 0.16828125 0.7579166671875 0.0035937499999999997 0.7579166671875 0.0035937499999999997 0.9979166671874999 0.16828125 0.9979166671874999
3 0.506875 0.4720833328125 0.506875 0.36 0.25578124999999996 0.36 0.25578124999999996 0.4720833328125 0.506875 0.4720833328125
3 0.62171875 0.530625 0.62171875 0.3916666671875 0.33406250000000004 0.3916666671875 0.33406250000000004 0.530625 0.62171875 0.530625
3 0.19421875 0.40895833281250005 0.19421875 0.1516666671875 0.00484375 0.1516666671875 0.00484375 0.40895833281250005 0.19421875 0.40895833281250005
3 0.17765625000000002 0.6316666671875 0.17765625000000002 0.3727083328125 0.0071874999999999994 0.3727083328125 0.0071874999999999994 0.6316666671875 0.17765625000000002 0.6316666671875