1 0.296875 0.4747916671875 0.296875 0.5754166671875 0.63890625 0.5754166671875 0.63890625 0.4747916671875 0.296875 0.4747916671875
1 0.321875 0.11687499999999999 0.321875 0.058750000000000004 0.053125 0.058750000000000004 0.053125 0.11687499999999999 0.321875 0.11687499999999999
1 0.29031250000000003 0.42604166718750003 0.29031250000000003 0.5241666671874999 0.656875 0.5241666671874999 0.656875 0.42604166718750003 0.29031250000000003 0.42604166718750003
1 0.33640625 0.1602083328125 0.33640625 0.12 0.0709375 0.12 0.0709375 0.1602083328125 0.33640625 0.1602083328125
4 0.98359375 0.5395833328124999 0.98359375 0.1945833328125 0.80015625 0.1945833328125 0.80015625 0.5395833328124999 0.98359375 0.5395833328124999
4 0.806875 0.0070833328125 0.806875 0.1870833328125 0.9884375000000001 0.1870833328125 0.9884375000000001 0.0070833328125 0.806875 0.0070833328125
1 0.33203125 0.1916666671875 0.33203125 0.1602083328125 0.0709375 0.1602083328125 0.0709375 0.1916666671875 0.33203125 0.1916666671875
1 0.30625 0.2214583328125 0.30625 0.1960416671875 0.06546874999999999 0.1960416671875 0.06546874999999999 0.2214583328125 0.30625 0.2214583328125
1 0.22781250000000003 0.25729166718749996 0.22781250000000003 0.224375 0.06203125 0.224375 0.06203125 0.25729166718749996 0.22781250000000003 0.25729166718749996
1 0.22781250000000003 0.28875 0.22781250000000003 0.26625 0.0665625 0.26625 0.0665625 0.28875 0.22781250000000003 0.28875
1 0.2446875 0.3260416671875 0.2446875 0.29020833281249997 0.0609375 0.29020833281249997 0.0609375 0.3260416671875 0.2446875 0.3260416671875
1 0.24125000000000002 0.361875 0.24125000000000002 0.3260416671875 0.06203125 0.3260416671875 0.06203125 0.361875 0.24125000000000002 0.361875
1 0.24015625 0.40062499999999995 0.24015625 0.3604166671875 0.063125 0.3604166671875 0.063125 0.40062499999999995 0.24015625 0.40062499999999995
1 0.23796875 0.4454166671875 0.23796875 0.4095833328125 0.0721875 0.4095833328125 0.0721875 0.4454166671875 0.23796875 0.4454166671875
1 0.23796875 0.4783333328125 0.23796875 0.45145833281250003 0.07765625000000001 0.45145833281250003 0.07765625000000001 0.4783333328125 0.23796875 0.4783333328125
1 0.49437499999999995 0.25729166718749996 0.49437499999999995 0.21541666718750002 0.23671875 0.21541666718750002 0.23671875 0.25729166718749996 0.49437499999999995 0.25729166718749996
1 0.49437499999999995 0.29312499999999997 0.49437499999999995 0.25729166718749996 0.24906250000000002 0.25729166718749996 0.24906250000000002 0.29312499999999997 0.49437499999999995 0.29312499999999997
1 0.49328125 0.3335416671875 0.49328125 0.29312499999999997 0.24906250000000002 0.29312499999999997 0.24906250000000002 0.3335416671875 0.49328125 0.3335416671875
1 0.49328125 0.35583333281249996 0.49328125 0.3335416671875 0.24015625 0.3335416671875 0.24015625 0.35583333281249996 0.49328125 0.35583333281249996
1 0.49328125 0.3991666671875 0.49328125 0.35583333281249996 0.24015625 0.35583333281249996 0.24015625 0.3991666671875 0.49328125 0.3991666671875
1 0.49328125 0.44395833281249997 0.49328125 0.3991666671875 0.24343750000000003 0.3991666671875 0.24343750000000003 0.44395833281249997 0.49328125 0.44395833281249997
1 0.3140625 0.4797916671875 0.3140625 0.44395833281249997 0.24343750000000003 0.44395833281249997 0.24343750000000003 0.4797916671875 0.3140625 0.4797916671875
1 0.39468749999999997 0.1922916671875 0.39468749999999997 0.16354166718750002 0.34765625 0.16354166718750002 0.34765625 0.1922916671875 0.39468749999999997 0.1922916671875