3 0.65578125 0.99555555625 0.65578125 0.8224074078125 0.5353125000000001 0.8224074078125 0.5353125000000001 0.99555555625 0.65578125 0.99555555625
3 0.5504687500000001 0.99805555625 0.5504687500000001 0.8570370374999999 0.4596354171875 0.8570370374999999 0.4596354171875 0.99805555625 0.5504687500000001 0.99805555625
3 0.46703124999999995 0.6016666671875 0.46703124999999995 0.6976851859375001 0.5311458328125 0.6976851859375001 0.5311458328125 0.6016666671875 0.46703124999999995 0.6016666671875
3 0.6080208328125 0.61305555625 0.6080208328125 0.5313888890625 0.5411979171875 0.5313888890625 0.5411979171875 0.61305555625 0.6080208328125 0.61305555625
3 0.6146874999999999 0.6993518515625 0.6146874999999999 0.6147222218749999 0.528125 0.6147222218749999 0.528125 0.6993518515625 0.6146874999999999 0.6993518515625
3 0.678125 0.7096296296875 0.678125 0.6134259265625001 0.6045833328125 0.6134259265625001 0.6045833328125 0.7096296296875 0.678125 0.7096296296875
3 0.7807291671875001 0.71398148125 0.7807291671875001 0.6135185187500001 0.7022916671874999 0.6135185187500001 0.7022916671874999 0.71398148125 0.7807291671875001 0.71398148125
3 0.7288541671875 0.49101851874999997 0.7288541671875 0.4063888890625 0.6602083328125 0.4063888890625 0.6602083328125 0.49101851874999997 0.7288541671875 0.49101851874999997
3 0.6364062500000001 0.494259259375 0.6364062500000001 0.3999074078125 0.56921875 0.3999074078125 0.56921875 0.494259259375 0.6364062500000001 0.494259259375
3 0.5569791671875 0.17629629687499998 0.5569791671875 0.26342592656249997 0.6081770828125 0.26342592656249997 0.6081770828125 0.17629629687499998 0.5569791671875 0.17629629687499998
3 0.6571875 0.25574074062499996 0.6571875 0.173703703125 0.6016666671875 0.173703703125 0.6016666671875 0.25574074062499996 0.6571875 0.25574074062499996
3 0.79421875 0.2429629625 0.79421875 0.136296296875 0.7114583328124999 0.136296296875 0.7114583328124999 0.2429629625 0.79421875 0.2429629625
3 0.5366145828125 0.25444444375 0.5366145828125 0.1721296296875 0.4733333328125 0.1721296296875 0.4733333328125 0.25444444375 0.5366145828125 0.25444444375