1 0.5190625 0.6283333328125 0.5190625 0.500625 0.18671875 0.500625 0.18671875 0.6283333328125 0.5190625 0.6283333328125
1 0.8396874999999999 0.41333333281250006 0.8396874999999999 0.365 0.77515625 0.365 0.77515625 0.41333333281250006 0.8396874999999999 0.41333333281250006
1 0.6578125 0.45499999999999996 0.6578125 0.40541666718749997 0.54734375 0.40541666718749997 0.54734375 0.45499999999999996 0.6578125 0.45499999999999996
1 0.655 0.529375 0.655 0.468125 0.540625 0.468125 0.540625 0.529375 0.655 0.529375
1 0.6520312500000001 0.6010416671875001 0.6520312500000001 0.5527083328125 0.56984375 0.5527083328125 0.56984375 0.6010416671875001 0.6520312500000001 0.6010416671875001
1 0.975625 0.46020833281250006 0.975625 0.436875 0.9246874999999999 0.436875 0.9246874999999999 0.46020833281250006 0.975625 0.46020833281250006
2 0.96640625 0.7120833328125 0.96640625 0.3379166671875 0.8182812500000001 0.3379166671875 0.8182812500000001 0.7120833328125 0.96640625 0.7120833328125
2 0.40578125 0.7147916671875 0.40578125 0.0620833328125 0.12593749999999998 0.0620833328125 0.12593749999999998 0.7147916671875 0.40578125 0.7147916671875
4 0.8442187499999999 0.6327083328125 0.8442187499999999 0.36854166718750003 0.64140625 0.36854166718750003 0.64140625 0.6327083328125 0.8442187499999999 0.6327083328125
4 0.9981249999999999 0.6083333328125 0.9981249999999999 0.41479166718749994 0.9653124999999999 0.41479166718749994 0.9653124999999999 0.6083333328125 0.9981249999999999 0.6083333328125
2 0.12156249999999999 0.5022916671875 0.12156249999999999 0.34208333281250003 0.0875 0.34208333281250003 0.0875 0.5022916671875 0.12156249999999999 0.5022916671875