1 0.8895312499999999 0.4954166671875 0.8895312499999999 0.4458333328125 0.8045312499999999 0.4458333328125 0.8045312499999999 0.4954166671875 0.8895312499999999 0.4954166671875
1 0.73125 0.4002083328125 0.73125 0.3597916671875 0.5278125 0.3597916671875 0.5278125 0.4002083328125 0.73125 0.4002083328125
1 0.73609375 0.46020833281250006 0.73609375 0.4225 0.5346875 0.4225 0.5346875 0.46020833281250006 0.73609375 0.46020833281250006
1 0.25609375 0.11750000000000001 0.25609375 0.0704166671875 0.22578125 0.0704166671875 0.22578125 0.11750000000000001 0.25609375 0.11750000000000001
1 0.9042187500000001 0.135625 0.9042187500000001 0.0470833328125 0.82890625 0.0470833328125 0.82890625 0.135625 0.9042187500000001 0.135625
1 0.9540625 0.0914583328125 0.9540625 0.0066666671875 0.90328125 0.0066666671875 0.90328125 0.0914583328125 0.9540625 0.0914583328125
1 0.8885937500000001 0.041875 0.8885937500000001 0.00020833281250000002 0.8328125 0.00020833281250000002 0.8328125 0.041875 0.8885937500000001 0.041875
1 0.8260937500000001 0.08625000000000001 0.8260937500000001 0.010624999999999999 0.76640625 0.010624999999999999 0.76640625 0.08625000000000001 0.8260937500000001 0.08625000000000001
1 0.764375 0.12 0.764375 0.06395833281249999 0.7253125 0.06395833281249999 0.7253125 0.12 0.764375 0.12
1 0.7240624999999999 0.145 0.7240624999999999 0.0983333328125 0.6909375 0.0983333328125 0.6909375 0.145 0.7240624999999999 0.145
1 0.6271875 0.1922916671875 0.6271875 0.1660416671875 0.61234375 0.1660416671875 0.61234375 0.1922916671875 0.6271875 0.1922916671875
1 0.6909375 0.1672916671875 0.6909375 0.1302083328125 0.66609375 0.1302083328125 0.66609375 0.1672916671875 0.6909375 0.1672916671875
2 0.86640625 0.0045833328125 0.86640625 0.650625 0.9990625 0.650625 0.9990625 0.0045833328125 0.86640625 0.0045833328125
3 0.83078125 0.29041666718750003 0.83078125 0.20833333281250002 0.79140625 0.20833333281250002 0.79140625 0.29041666718750003 0.83078125 0.29041666718750003
3 0.7990625 0.2558333328125 0.7990625 0.2160416671875 0.75859375 0.2160416671875 0.75859375 0.2558333328125 0.7990625 0.2558333328125
3 0.79421875 0.28791666718750003 0.79421875 0.2595833328125 0.75484375 0.2595833328125 0.75484375 0.28791666718750003 0.79421875 0.28791666718750003
3 0.8278125 0.425 0.8278125 0.37875000000000003 0.7903125 0.37875000000000003 0.7903125 0.425 0.8278125 0.425
3 0.79234375 0.4185416671875 0.79234375 0.3827083328125 0.7576562499999999 0.3827083328125 0.7576562499999999 0.4185416671875 0.79234375 0.4185416671875
3 0.8134375 0.41604166718749996 0.8134375 0.3352083328125 0.7365625 0.3352083328125 0.7365625 0.41604166718749996 0.8134375 0.41604166718749996
3 0.08937500000000001 0.3852083328125 0.08937500000000001 0.4454166671875 0.1375 0.4454166671875 0.1375 0.3852083328125 0.08937500000000001 0.3852083328125
3 0.0759375 0.4135416671875 0.0759375 0.453125 0.1240625 0.453125 0.1240625 0.4135416671875 0.0759375 0.4135416671875
3 0.034687499999999996 0.41604166718749996 0.034687499999999996 0.46604166718749995 0.07984375 0.46604166718749995 0.07984375 0.41604166718749996 0.034687499999999996 0.41604166718749996
3 0.0009375 0.4135416671875 0.0009375 0.475 0.029843750000000002 0.475 0.029843750000000002 0.4135416671875 0.0009375 0.4135416671875
3 0.00484375 0.353125 0.00484375 0.41208333281250004 0.03359375 0.41208333281250004 0.03359375 0.353125 0.00484375 0.353125
3 0.03078125 0.3635416671875 0.03078125 0.4058333328125 0.0740625 0.4058333328125 0.0740625 0.3635416671875 0.03078125 0.3635416671875
3 0.029843750000000002 0.2839583328125 0.029843750000000002 0.353125 0.0740625 0.353125 0.0740625 0.2839583328125 0.029843750000000002 0.2839583328125
3 0.0028125 0.2891666671875 0.0028125 0.349375 0.03265625 0.349375 0.03265625 0.2891666671875 0.0028125 0.2891666671875
3 0.00390625 0.1929166671875 0.00390625 0.248125 0.04140625 0.248125 0.04140625 0.1929166671875 0.00390625 0.1929166671875
3 0.026875 0.1416666671875 0.026875 0.2697916671875 0.1471875 0.2697916671875 0.1471875 0.1416666671875 0.026875 0.1416666671875
3 0.1375 0.2095833328125 0.1375 0.253125 0.18937500000000002 0.253125 0.18937500000000002 0.2095833328125 0.1375 0.2095833328125
3 0.19421875 0.29812500000000003 0.19421875 0.2545833328125 0.1375 0.2545833328125 0.1375 0.29812500000000003 0.19421875 0.29812500000000003
3 0.21156250000000001 0.301875 0.21156250000000001 0.2545833328125 0.18171874999999998 0.2545833328125 0.18171874999999998 0.301875 0.21156250000000001 0.301875
3 0.1846875 0.399375 0.1846875 0.3391666671875 0.0875 0.3391666671875 0.0875 0.399375 0.1846875 0.399375
3 0.1615625 0.43645833281249996 0.1615625 0.401875 0.12687500000000002 0.401875 0.12687500000000002 0.43645833281249996 0.1615625 0.43645833281249996
3 0.15578125 0.399375 0.15578125 0.425 0.2028125 0.425 0.2028125 0.399375 0.15578125 0.399375
3 0.15859375 0.3352083328125 0.15859375 0.3864583328125 0.2 0.3864583328125 0.2 0.3352083328125 0.15859375 0.3352083328125
3 0.24906250000000002 0.41979166718750005 0.24906250000000002 0.3314583328125 0.210625 0.3314583328125 0.210625 0.41979166718750005 0.24906250000000002 0.41979166718750005
3 0.2384375 0.348125 0.2384375 0.3775 0.27015625 0.3775 0.27015625 0.348125 0.2384375 0.348125
3 0.26640625 0.4108333328125 0.26640625 0.375 0.248125 0.375 0.248125 0.4108333328125 0.26640625 0.4108333328125