1 0.9740624999999999 0.9637499999999999 0.9740624999999999 0.8927083328125001 0.6896875 0.8927083328125001 0.6896875 0.9637499999999999 0.9740624999999999 0.9637499999999999
1 0.9925 0.9095833328125 0.9925 0.8400000000000001 0.6896875 0.8400000000000001 0.6896875 0.9095833328125 0.9925 0.9095833328125
1 1 0.7341666671875 0.6876562500000001 0.7341666671875 0.6876562500000001 0.8631249999999999 1 0.8631249999999999 1 0.7341666671875
1 0.9364062499999999 0.7689583328125 0.9364062499999999 0.6 0.81734375 0.6 0.81734375 0.7689583328125 0.9364062499999999 0.7689583328125
1 0.8985937500000001 0.6116666671875 0.8985937500000001 0.5547916671875 0.7534375 0.5547916671875 0.7534375 0.6116666671875 0.8985937500000001 0.6116666671875
1 0.6121875 0.8735416671875 0.6121875 0.8372916671875 0.47874999999999995 0.8372916671875 0.47874999999999995 0.8735416671875 0.6121875 0.8735416671875
1 0.49578125 0.6027083328125 0.49578125 0.5783333328125 0.4178125 0.5783333328125 0.4178125 0.6027083328125 0.49578125 0.6027083328125
1 0.65 0.7883333328125001 0.65 0.5883333328125 0.61796875 0.5883333328125 0.61796875 0.7883333328125001 0.65 0.7883333328125001
1 0.41593749999999996 0.5970833328125 0.41593749999999996 0.61875 0.49000000000000005 0.61875 0.49000000000000005 0.5970833328125 0.41593749999999996 0.5970833328125
1 0.47390625000000003 0.770625 0.47390625000000003 0.8385416671874999 0.61125 0.8385416671874999 0.61125 0.770625 0.47390625000000003 0.770625
1 0.41218750000000004 0.61375 0.41218750000000004 0.6341666671875 0.49312500000000004 0.6341666671875 0.49312500000000004 0.61375 0.41218750000000004 0.61375
2 0.2346875 0.999375 0.2346875 0.5327083328125 0.05671875 0.5327083328125 0.05671875 0.999375 0.2346875 0.999375
4 0.19421875 0.7302083328125 0.19421875 0.0070833328125 0.00671875 0.0070833328125 0.00671875 0.7302083328125 0.19421875 0.7302083328125
4 0.176875 0.9941666671875 0.176875 0.7083333328125 0.00390625 0.7083333328125 0.00390625 0.9941666671875 0.176875 0.9941666671875
4 0.335625 0.996875 0.335625 0.6954166671875 0.20765625000000001 0.6954166671875 0.20765625000000001 0.996875 0.335625 0.996875
4 0.0028125 0.253125 0.0028125 0.696875 0.32015625000000003 0.696875 0.32015625000000003 0.253125 0.0028125 0.253125
4 0.7596875 0.6570833328125001 0.7596875 0.496875 0.6384375 0.496875 0.6384375 0.6570833328125001 0.7596875 0.6570833328125001
4 0.76640625 0.8172916671875001 0.76640625 0.646875 0.6442187500000001 0.646875 0.6442187500000001 0.8172916671875001 0.76640625 0.8172916671875001
1 0.41484375 0.6275000000000001 0.41484375 0.6475 0.488125 0.6475 0.488125 0.6275000000000001 0.41484375 0.6275000000000001
1 0.44640625 0.6385416671875 0.44640625 0.6608333328125 0.48484375 0.6608333328125 0.48484375 0.6385416671875 0.44640625 0.6385416671875
1 0.44671874999999994 0.659375 0.44671874999999994 0.673125 0.48343749999999996 0.673125 0.48343749999999996 0.659375 0.44671874999999994 0.659375
1 0.44984375 0.6722916671875 0.44984375 0.6904166671875 0.48187499999999994 0.6904166671875 0.48187499999999994 0.6722916671875 0.44984375 0.6722916671875
1 0.44859375 0.68875 0.44859375 0.705 0.4771875 0.705 0.4771875 0.68875 0.44859375 0.68875
1 0.44875 0.7025 0.44875 0.7160416671875 0.4759375 0.7160416671875 0.4759375 0.7025 0.44875 0.7025
1 0.44749999999999995 0.71375 0.44749999999999995 0.7291666671875 0.47546875 0.7291666671875 0.47546875 0.71375 0.44749999999999995 0.71375
1 0.4490625 0.7285416671875 0.4490625 0.7418750000000001 0.47421875 0.7418750000000001 0.47421875 0.7285416671875 0.4490625 0.7285416671875
1 0.4515625 0.7424999999999999 0.4515625 0.7589583328125 0.47484374999999995 0.7589583328125 0.47484374999999995 0.7424999999999999 0.4515625 0.7424999999999999
1 0.328125 0.78125 0.328125 0.81375 0.45171875000000006 0.81375 0.45171875000000006 0.78125 0.328125 0.78125
1 0.3271875 0.7589583328125 0.3271875 0.7902083328125 0.4525 0.7902083328125 0.4525 0.7589583328125 0.3271875 0.7589583328125
1 0.4503125 0.76875 0.4503125 0.7383333328125 0.32640625 0.7383333328125 0.32640625 0.76875 0.4503125 0.76875
1 0.45093750000000005 0.7429166671874999 0.45093750000000005 0.7150000000000001 0.3265625 0.7150000000000001 0.3265625 0.7429166671874999 0.45093750000000005 0.7429166671874999
1 0.4534375 0.7241666671875 0.4534375 0.6945833328125001 0.325 0.6945833328125001 0.325 0.7241666671875 0.4534375 0.7241666671875
1 0.45187499999999997 0.701875 0.45187499999999997 0.6708333328125 0.32328125 0.6708333328125 0.32328125 0.701875 0.45187499999999997 0.701875
1 0.45046875000000003 0.6764583328125 0.45046875000000003 0.6397916671874999 0.32171875 0.6397916671874999 0.32171875 0.6764583328125 0.45046875000000003 0.6764583328125
1 0.21609375000000003 0.3783333328125 0.21609375000000003 0.4570833328125 0.33328125000000003 0.4570833328125 0.33328125000000003 0.3783333328125 0.21609375000000003 0.3783333328125
1 0.22015625 0.4270833328125 0.22015625 0.49437499999999995 0.33078124999999997 0.49437499999999995 0.33078124999999997 0.4270833328125 0.22015625 0.4270833328125
1 0.21968749999999998 0.47520833281249997 0.21968749999999998 0.5297916671875 0.32734375 0.5297916671875 0.32734375 0.47520833281249997 0.21968749999999998 0.47520833281249997
1 0.21812499999999999 0.4997916671875 0.21812499999999999 0.5633333328125001 0.32828124999999997 0.5633333328125001 0.32828124999999997 0.4997916671875 0.21812499999999999 0.4997916671875
1 0.22562500000000002 0.5485416671875 0.22562500000000002 0.599375 0.3253125 0.599375 0.3253125 0.5485416671875 0.22562500000000002 0.5485416671875
1 0.22312500000000002 0.5879166671875 0.22312500000000002 0.6366666671875 0.3278125 0.6366666671875 0.3278125 0.5879166671875 0.22312500000000002 0.5879166671875
1 0.22562500000000002 0.6320833328125001 0.22562500000000002 0.6733333328125 0.32875 0.6733333328125 0.32875 0.6320833328125001 0.22562500000000002 0.6320833328125001
1 0.3021875 0.67625 0.3021875 0.7083333328125 0.33218749999999997 0.7083333328125 0.33218749999999997 0.67625 0.3021875 0.67625
1 0.28625 0.7106250000000001 0.28625 0.7435416671875 0.33140625 0.7435416671875 0.33140625 0.7106250000000001 0.28625 0.7106250000000001
1 0.286875 0.745 0.286875 0.7945833328125 0.33109375 0.7945833328125 0.33109375 0.745 0.286875 0.745
1 0.30390625 0.7960416671874999 0.30390625 0.8229166671874999 0.33359375 0.8229166671874999 0.33359375 0.7960416671874999 0.30390625 0.7960416671874999
1 0.30296875 0.8237500000000001 0.30296875 0.865 0.339375 0.865 0.339375 0.8237500000000001 0.30296875 0.8237500000000001
1 0.305 0.866875 0.305 0.9304166671875 0.3421875 0.9304166671875 0.3421875 0.866875 0.305 0.866875