1 0.65296875 0 0.65296875 0.051041667187499994 0.7096875 0.051041667187499994 0.7096875 0 0.65296875 0
1 0.65296875 0.08875 0.65296875 0.0235416671875 0.61484375 0.0235416671875 0.61484375 0.08875 0.65296875 0.08875
1 0.6118750000000001 0.1160416671875 0.6118750000000001 0.05625 0.5796875 0.05625 0.5796875 0.1160416671875 0.6118750000000001 0.1160416671875
1 0.5767187500000001 0.1395833328125 0.5767187500000001 0.1004166671875 0.55515625 0.1004166671875 0.55515625 0.1395833328125 0.5767187500000001 0.1395833328125
3 0.99828125 0.6120833328125 0.99828125 0.383125 0.8775000000000001 0.383125 0.8775000000000001 0.6120833328125 0.99828125 0.6120833328125
3 0.9532812500000001 0.45895833281250004 0.9532812500000001 0.33729166718750003 0.8360937500000001 0.33729166718750003 0.8360937500000001 0.45895833281250004 0.9532812500000001 0.45895833281250004
3 0.89515625 0.44458333281250006 0.89515625 0.30895833281249996 0.7696875000000001 0.30895833281249996 0.7696875000000001 0.44458333281250006 0.89515625 0.44458333281250006
3 0.7803125 0.3752083328125 0.7803125 0.3389583328125 0.7151562499999999 0.3389583328125 0.7151562499999999 0.3752083328125 0.7803125 0.3752083328125
3 0.77796875 0.40520833281249996 0.77796875 0.3752083328125 0.7259375 0.3752083328125 0.7259375 0.40520833281249996 0.77796875 0.40520833281249996
3 0.76859375 0.43520833281250004 0.76859375 0.40520833281249996 0.72703125 0.40520833281249996 0.72703125 0.43520833281250004 0.76859375 0.43520833281250004
3 0.84671875 0.2772916671875 0.84671875 0.2125 0.72703125 0.2125 0.72703125 0.2772916671875 0.84671875 0.2772916671875
3 0.940625 0.26187499999999997 0.940625 0.18687499999999999 0.84859375 0.18687499999999999 0.84859375 0.26187499999999997 0.940625 0.26187499999999997
3 0.9321875000000001 0.161875 0.9321875000000001 0.2504166671875 0.99515625 0.2504166671875 0.99515625 0.161875 0.9321875000000001 0.161875
3 0.7303124999999999 0.4233333328125 0.7303124999999999 0.38125 0.68984375 0.38125 0.68984375 0.4233333328125 0.7303124999999999 0.4233333328125
3 0.7017187500000001 0.4285416671875 0.7017187500000001 0.3745833328125 0.63859375 0.3745833328125 0.63859375 0.4285416671875 0.7017187500000001 0.4285416671875
3 0.64546875 0.42062499999999997 0.64546875 0.37333333281250003 0.5940624999999999 0.37333333281250003 0.5940624999999999 0.42062499999999997 0.64546875 0.42062499999999997
3 0.033437499999999995 0.24416666718750002 0.033437499999999995 0.19875 0.00078125 0.19875 0.00078125 0.24416666718750002 0.033437499999999995 0.24416666718750002
3 0.033437499999999995 0.2954166671875 0.033437499999999995 0.24416666718750002 0.00078125 0.24416666718750002 0.00078125 0.2954166671875 0.033437499999999995 0.2954166671875
3 0.061875 0.3047916671875 0.061875 0.1835416671875 0.02359375 0.1835416671875 0.02359375 0.3047916671875 0.061875 0.3047916671875
3 0.039218750000000004 0.39187500000000003 0.039218750000000004 0.3427083328125 0.00078125 0.3427083328125 0.00078125 0.39187500000000003 0.039218750000000004 0.39187500000000003
3 0.017812500000000002 0.44875 0.017812500000000002 0.3977083328125 0.005156249999999999 0.3977083328125 0.005156249999999999 0.44875 0.017812500000000002 0.44875
3 0.04625 0.44125 0.04625 0.3958333328125 0.015 0.3958333328125 0.015 0.44125 0.04625 0.44125
3 0.090625 0.318125 0.090625 0.2835416671875 0.057499999999999996 0.2835416671875 0.057499999999999996 0.318125 0.090625 0.318125
3 0.09421874999999999 0.2708333328125 0.09421874999999999 0.2266666671875 0.057499999999999996 0.2266666671875 0.057499999999999996 0.2708333328125 0.09421874999999999 0.2708333328125
3 0.12390625 0.2835416671875 0.12390625 0.24562499999999998 0.091875 0.24562499999999998 0.091875 0.2835416671875 0.12390625 0.2835416671875
3 0.10718749999999999 0.3166666671875 0.10718749999999999 0.2835416671875 0.0859375 0.2835416671875 0.0859375 0.3166666671875 0.10718749999999999 0.3166666671875
3 0.11796875 0.42874999999999996 0.11796875 0.3845833328125 0.07296875 0.3845833328125 0.07296875 0.42874999999999996 0.11796875 0.42874999999999996
3 0.125 0.36875 0.125 0.3339583328125 0.0859375 0.3339583328125 0.0859375 0.36875 0.125 0.36875
3 0.12859375 0.3939583328125 0.12859375 0.3591666671875 0.10015624999999999 0.3591666671875 0.10015624999999999 0.3939583328125 0.12859375 0.3939583328125
3 0.12859375 0.425625 0.12859375 0.4002083328125 0.10015624999999999 0.4002083328125 0.10015624999999999 0.425625 0.12859375 0.425625
3 0.60703125 0.3845833328125 0.60703125 0.35291666718750003 0.5548437500000001 0.35291666718750003 0.5548437500000001 0.3845833328125 0.60703125 0.3845833328125
3 0.5939062500000001 0.4097916671875 0.5939062500000001 0.3845833328125 0.5548437500000001 0.3845833328125 0.5548437500000001 0.4097916671875 0.5939062500000001 0.4097916671875
3 0.68640625 0.258125 0.68640625 0.2266666671875 0.65796875 0.2266666671875 0.65796875 0.258125 0.68640625 0.258125
3 0.7146874999999999 0.2945833328125 0.7146874999999999 0.2645833328125 0.68984375 0.2645833328125 0.68984375 0.2945833328125 0.7146874999999999 0.2945833328125
3 0.6875 0.2991666671875 0.6875 0.2677083328125 0.6590625 0.2677083328125 0.6590625 0.2991666671875 0.6875 0.2991666671875
3 0.65796875 0.27395833281250004 0.65796875 0.23291666718749998 0.62828125 0.23291666718749998 0.62828125 0.27395833281250004 0.65796875 0.27395833281250004
3 0.6329687500000001 0.2770833328125 0.6329687500000001 0.23770833281249998 0.6153125 0.23770833281249998 0.6153125 0.2770833328125 0.6329687500000001 0.2770833328125
3 0.630625 0.30874999999999997 0.630625 0.27395833281250004 0.6129687500000001 0.27395833281250004 0.6129687500000001 0.30874999999999997 0.630625 0.30874999999999997
3 0.653125 0.3025 0.653125 0.2770833328125 0.6329687500000001 0.2770833328125 0.6329687500000001 0.3025 0.653125 0.3025