1 0.08015625 0.18125 0.08015625 0.0875 0.00296875 0.0875 0.00296875 0.18125 0.08015625 0.18125
1 0.12156249999999999 0.20625 0.12156249999999999 0.1408333328125 0.0821875 0.1408333328125 0.0821875 0.20625 0.12156249999999999 0.20625
1 0.1540625 0.22854166718750002 0.1540625 0.1727083328125 0.12109375 0.1727083328125 0.12109375 0.22854166718750002 0.1540625 0.22854166718750002
1 0.18328125 0.2445833328125 0.18328125 0.2 0.15359375 0.2 0.15359375 0.2445833328125 0.18328125 0.2445833328125
1 0.57890625 0 0.57890625 0.0489583328125 0.6174999999999999 0.0489583328125 0.6174999999999999 0 0.57890625 0
1 0.575 0.1070833328125 0.575 0.0310416671875 0.53796875 0.0310416671875 0.53796875 0.1070833328125 0.575 0.1070833328125
1 0.5384375 0.1325 0.5384375 0.0822916671875 0.5225 0.0822916671875 0.5225 0.1325 0.5384375 0.1325
1 0.5215625 0.16229166718750002 0.5215625 0.1102083328125 0.4965625 0.1102083328125 0.4965625 0.16229166718750002 0.5215625 0.16229166718750002
1 0.6809375 0.5145833328125 0.6809375 0.45479166718749997 0.6196875000000001 0.45479166718749997 0.6196875000000001 0.5145833328125 0.6809375 0.5145833328125
1 0.9682812500000001 0.340625 0.9682812500000001 0.275 0.70421875 0.275 0.70421875 0.340625 0.9682812500000001 0.340625
1 0.9604687500000001 0.6502083328125 0.9604687500000001 0.5277083328125001 0.77953125 0.5277083328125001 0.77953125 0.6502083328125 0.9604687500000001 0.6502083328125
1 0.780625 0.5599999999999999 0.780625 0.48645833281249995 0.69828125 0.48645833281249995 0.69828125 0.5599999999999999 0.780625 0.5599999999999999
1 0.62765625 0.48 0.62765625 0.4516666671875 0.5890625 0.4516666671875 0.5890625 0.48 0.62765625 0.48
4 0.545 0.25187499999999996 0.545 0.4804166671875 0.58671875 0.4804166671875 0.58671875 0.25187499999999996 0.545 0.25187499999999996
4 0.5125 0.2616666671875 0.5125 0.45958333281249997 0.541875 0.45958333281249997 0.541875 0.2616666671875 0.5125 0.2616666671875
4 0.49578125 0.27291666718749996 0.49578125 0.43875000000000003 0.5125 0.43875000000000003 0.5125 0.27291666718749996 0.49578125 0.27291666718749996
4 0.484375 0.2922916671875 0.484375 0.43875000000000003 0.49578125 0.43875000000000003 0.49578125 0.2922916671875 0.484375 0.2922916671875
4 0.00671875 0.215625 0.00671875 0.5291666671875 0.0840625 0.5291666671875 0.0840625 0.215625 0.00671875 0.215625
4 0.08828125 0.2477083328125 0.08828125 0.4735416671875 0.15515625 0.4735416671875 0.15515625 0.2477083328125 0.08828125 0.2477083328125
4 0.18640625 0.2797916671875 0.18640625 0.4470833328125 0.21359374999999997 0.4470833328125 0.21359374999999997 0.2797916671875 0.18640625 0.2797916671875
3 0.7329687500000001 0.0010416671875 0.7329687500000001 0.05791666718750001 0.77921875 0.05791666718750001 0.77921875 0.0010416671875 0.7329687500000001 0.0010416671875
3 0.684375 0.1354166671875 0.684375 0.0185416671875 0.63828125 0.0185416671875 0.63828125 0.1354166671875 0.684375 0.1354166671875
3 0.6442187500000001 0.1558333328125 0.6442187500000001 0.040625 0.6168750000000001 0.040625 0.6168750000000001 0.1558333328125 0.6442187500000001 0.1558333328125