3 0.58875 0.25916666718750003 0.58875 0.125 0.3075 0.125 0.3075 0.25916666718750003 0.58875 0.25916666718750003
3 0.58484375 0.339375 0.58484375 0.23020833281250003 0.3115625 0.23020833281250003 0.3115625 0.339375 0.58484375 0.339375
3 0.5857812499999999 0.4091666671875 0.5857812499999999 0.336875 0.3075 0.336875 0.3075 0.4091666671875 0.5857812499999999 0.4091666671875
3 0.58390625 0.5197916671875 0.58390625 0.4183333328125 0.41218750000000004 0.4183333328125 0.41218750000000004 0.5197916671875 0.58390625 0.5197916671875
3 0.73375 0.49749999999999994 0.73375 0.17916666718750002 0.56703125 0.17916666718750002 0.56703125 0.49749999999999994 0.73375 0.49749999999999994
3 0.8009375000000001 0.47375 0.8009375000000001 0.40791666718749997 0.72703125 0.40791666718749997 0.72703125 0.47375 0.8009375000000001 0.47375
3 0.86421875 0.4683333328125 0.86421875 0.3947916671875 0.7615624999999999 0.3947916671875 0.7615624999999999 0.4683333328125 0.86421875 0.4683333328125
3 0.89671875 0.45395833281250003 0.89671875 0.3789583328125 0.8306250000000001 0.3789583328125 0.8306250000000001 0.45395833281250003 0.89671875 0.45395833281250003
3 0.93328125 0.4027083328125 0.93328125 0.3460416671875 0.8324999999999999 0.3460416671875 0.8324999999999999 0.4027083328125 0.93328125 0.4027083328125
3 0.93328125 0.4527083328125 0.93328125 0.4027083328125 0.8996875 0.4027083328125 0.8996875 0.4527083328125 0.93328125 0.4527083328125
3 0.7615624999999999 0.8277083328125 0.7615624999999999 0.61875 0.61546875 0.61875 0.61546875 0.8277083328125 0.7615624999999999 0.8277083328125
3 0.62984375 0.9839583328125 0.62984375 0.6131249999999999 0.37765624999999997 0.6131249999999999 0.37765624999999997 0.9839583328125 0.62984375 0.9839583328125
3 0.48656249999999995 0.9981249999999999 0.48656249999999995 0.6779166671875 0.13265625 0.6779166671875 0.13265625 0.9981249999999999 0.48656249999999995 0.9981249999999999
3 0.7579687500000001 0.9052083328125 0.7579687500000001 0.7575000000000001 0.60453125 0.7575000000000001 0.60453125 0.9052083328125 0.7579687500000001 0.9052083328125
3 0.7978125 0.7783333328125 0.7978125 0.634375 0.73234375 0.634375 0.73234375 0.7783333328125 0.7978125 0.7783333328125
3 0.8360937500000001 0.7177083328125 0.8360937500000001 0.626875 0.7735937500000001 0.626875 0.7735937500000001 0.7177083328125 0.8360937500000001 0.7177083328125
3 0.8787499999999999 0.6570833328125001 0.8787499999999999 0.5547916671875 0.72953125 0.5547916671875 0.72953125 0.6570833328125001 0.8787499999999999 0.6570833328125001
3 0.90796875 0.6239583328125 0.90796875 0.5599999999999999 0.8535937499999999 0.5599999999999999 0.8535937499999999 0.6239583328125 0.90796875 0.6239583328125
3 0.9228125 0.5510416671875 0.9228125 0.4845833328125 0.8260937500000001 0.4845833328125 0.8260937500000001 0.5510416671875 0.9228125 0.5510416671875
3 0.9228125 0.6039583328125 0.9228125 0.5510416671875 0.90859375 0.5510416671875 0.90859375 0.6039583328125 0.9228125 0.6039583328125
3 0.9396875 0.5833333328125 0.9396875 0.540625 0.891875 0.540625 0.891875 0.5833333328125 0.9396875 0.5833333328125
3 0.94859375 0.5789583328125001 0.94859375 0.5285416671875 0.9190625000000001 0.5285416671875 0.9190625000000001 0.5789583328125001 0.94859375 0.5789583328125001
3 0.91578125 0.4845833328125 0.91578125 0.5285416671875 0.9553125 0.5285416671875 0.9553125 0.4845833328125 0.91578125 0.4845833328125
3 0.91234375 0.28250000000000003 0.91234375 0.2170833328125 0.8887499999999999 0.2170833328125 0.8887499999999999 0.28250000000000003 0.91234375 0.28250000000000003