1 1 0.560625 0.85234375 0.560625 0.85234375 0.69875 1 0.69875 1 0.560625
1 0.86421875 0.624375 0.86421875 0.5045833328125 0.7340625000000001 0.5045833328125 0.7340625000000001 0.624375 0.86421875 0.624375
1 0.589375 0.0847916671875 0.589375 0.0054166671875 0.54453125 0.0054166671875 0.54453125 0.0847916671875 0.589375 0.0847916671875
1 0.08578125 0.509375 0.08578125 0.45187499999999997 0.03421875 0.45187499999999997 0.03421875 0.509375 0.08578125 0.509375
1 0.09703125 0.1914583328125 0.09703125 0.11333333281249999 0.03375 0.11333333281249999 0.03375 0.1914583328125 0.09703125 0.1914583328125
1 0.13609374999999999 0.2147916671875 0.13609374999999999 0.15958333281249998 0.0965625 0.15958333281249998 0.0965625 0.2147916671875 0.13609374999999999 0.2147916671875
1 0.15953124999999999 0.22875 0.15953124999999999 0.1879166671875 0.1371875 0.1879166671875 0.1371875 0.22875 0.15953124999999999 0.22875
1 0.1825 0.2460416671875 0.1825 0.21270833281249998 0.1625 0.21270833281249998 0.1625 0.2460416671875 0.1825 0.2460416671875
1 0.20296875 0.2560416671875 0.20296875 0.22749999999999998 0.18484375 0.22749999999999998 0.18484375 0.2560416671875 0.20296875 0.2560416671875
1 0.5454687500000001 0.1145833328125 0.5454687500000001 0.06375 0.5275000000000001 0.06375 0.5275000000000001 0.1145833328125 0.5454687500000001 0.1145833328125
1 0.5276562499999999 0.1533333328125 0.5276562499999999 0.1008333328125 0.50703125 0.1008333328125 0.50703125 0.1533333328125 0.5276562499999999 0.1533333328125
1 0 0.14750000000000002 0.02390625 0.14750000000000002 0.02390625 0.08208333281249999 0 0.08208333281249999 0 0.14750000000000002
1 0.1903125 0.4502083328125 0.1903125 0.4252083328125 0.1740625 0.4252083328125 0.1740625 0.4502083328125 0.1903125 0.4502083328125
1 0.20390625 0.4427083328125 0.20390625 0.4204166671875 0.1896875 0.4204166671875 0.1896875 0.4427083328125 0.20390625 0.4427083328125
4 0.75390625 0.5558333328125 0.75390625 0.1545833328125 0.63078125 0.1545833328125 0.63078125 0.5558333328125 0.75390625 0.5558333328125
4 0.6481250000000001 0.5275000000000001 0.6481250000000001 0.199375 0.575 0.199375 0.575 0.5275000000000001 0.6481250000000001 0.5275000000000001
4 0.57890625 0.4814583328125 0.57890625 0.24041666718750002 0.5375 0.24041666718750002 0.5375 0.4814583328125 0.57890625 0.4814583328125
4 0.535625 0.45187499999999997 0.535625 0.26729166718749997 0.49812500000000004 0.26729166718749997 0.49812500000000004 0.45187499999999997 0.535625 0.45187499999999997
4 0.175 0.4685416671875 0.175 0.248125 0.1 0.248125 0.1 0.4685416671875 0.175 0.4685416671875
4 0.04234375 0.5275000000000001 0.04234375 0.1954166671875 0.0009375 0.1954166671875 0.0009375 0.5275000000000001 0.04234375 0.5275000000000001
4 0.19515625 0.28500000000000003 0.19515625 0.43104166718750003 0.22390625000000003 0.43104166718750003 0.22390625000000003 0.28500000000000003 0.19515625 0.28500000000000003
3 0.5740624999999999 0.2204166671875 0.5740624999999999 0.12562500000000001 0.5349999999999999 0.12562500000000001 0.5349999999999999 0.2204166671875 0.5740624999999999 0.2204166671875
3 0.53015625 0.23770833281249998 0.53015625 0.1572916671875 0.5159374999999999 0.1572916671875 0.5159374999999999 0.23770833281249998 0.53015625 0.23770833281249998
3 0.5159374999999999 0.25187499999999996 0.5159374999999999 0.18875 0.49578125 0.18875 0.49578125 0.25187499999999996 0.5159374999999999 0.25187499999999996