1 0.8990625 0.1941666671875 0.8990625 0.0647916671875 0.65859375 0.0647916671875 0.65859375 0.1941666671875 0.8990625 0.1941666671875
1 0.7653125000000001 0.1429166671875 0.7653125000000001 0.2364583328125 0.95484375 0.2364583328125 0.95484375 0.1429166671875 0.7653125000000001 0.1429166671875
3 0.97265625 0.5472916671875 0.97265625 0.5131249999999999 0.91640625 0.5131249999999999 0.91640625 0.5472916671875 0.97265625 0.5472916671875
3 0.9707812499999999 0.5658333328125 0.9707812499999999 0.5472916671875 0.91640625 0.5472916671875 0.91640625 0.5658333328125 0.9707812499999999 0.5658333328125
3 0.9737500000000001 0.5960416671875 0.9737500000000001 0.5670833328125 0.9204687500000001 0.5670833328125 0.9204687500000001 0.5960416671875 0.9737500000000001 0.5960416671875
3 0.97265625 0.6277083328125 0.97265625 0.5960416671875 0.9214062500000001 0.5960416671875 0.9214062500000001 0.6277083328125 0.97265625 0.6277083328125
3 0.9737500000000001 0.660625 0.9737500000000001 0.6277083328125 0.9223437499999999 0.6277083328125 0.9223437499999999 0.660625 0.9737500000000001 0.660625
3 0.91046875 0.5527083328125 0.91046875 0.514375 0.868125 0.514375 0.868125 0.5527083328125 0.91046875 0.5527083328125
3 0.91640625 0.57625 0.91640625 0.5527083328125 0.87203125 0.5527083328125 0.87203125 0.57625 0.91640625 0.57625
3 0.89578125 0.6052083328125 0.89578125 0.5710416671874999 0.8285937499999999 0.5710416671874999 0.8285937499999999 0.6052083328125 0.89578125 0.6052083328125
3 0.900625 0.6210416671875 0.900625 0.6027083328125 0.8800000000000001 0.6027083328125 0.8800000000000001 0.6210416671875 0.900625 0.6210416671875
3 0.881875 0.6277083328125 0.881875 0.5920833328125 0.8670312499999999 0.5920833328125 0.8670312499999999 0.6277083328125 0.881875 0.6277083328125
3 0.8759375 0.6302083328125 0.8759375 0.6012500000000001 0.84046875 0.6012500000000001 0.84046875 0.6302083328125 0.8759375 0.6302083328125
3 0.92734375 0.62375 0.92734375 0.5920833328125 0.8928125 0.5920833328125 0.8928125 0.62375 0.92734375 0.62375
3 0.7970312500000001 0.6447916671875 0.7970312500000001 0.5816666671874999 0.71609375 0.5816666671874999 0.71609375 0.6447916671875 0.7970312500000001 0.6447916671875
3 0.71421875 0.614375 0.71421875 0.5579166671875 0.65796875 0.5579166671875 0.65796875 0.614375 0.71421875 0.614375
3 0.71015625 0.660625 0.71015625 0.610625 0.65890625 0.610625 0.65890625 0.660625 0.71015625 0.660625
3 0.66125 0.67625 0.66125 0.5064583328125 0.43187499999999995 0.5064583328125 0.43187499999999995 0.67625 0.66125 0.67625
3 0.51078125 0.6960416671874999 0.51078125 0.561875 0.31046874999999996 0.561875 0.31046874999999996 0.6960416671874999 0.51078125 0.6960416671874999
3 0.32140625 0.5566666671875 0.32140625 0.3960416671875 0.00453125 0.3960416671875 0.00453125 0.5566666671875 0.32140625 0.5566666671875
3 0.32328125 0.7289583328125 0.32328125 0.57625 0.206875 0.57625 0.206875 0.7289583328125 0.32328125 0.7289583328125
3 0.24484374999999997 0.9981249999999999 0.24484374999999997 0.6216666671875 0.0075 0.6216666671875 0.0075 0.9981249999999999 0.24484374999999997 0.9981249999999999
3 0.28171875 0.2179166671875 0.28171875 0.0595833328125 0.02390625 0.0595833328125 0.02390625 0.2179166671875 0.28171875 0.2179166671875
3 0.01171875 0.0022916671874999997 0.01171875 0.13874999999999998 0.29 0.13874999999999998 0.29 0.0022916671874999997 0.01171875 0.0022916671874999997
3 0.2203125 0.005 0.2203125 0.0433333328125 0.3021875 0.0433333328125 0.3021875 0.005 0.2203125 0.005
3 0.433125 0.3133333328125 0.433125 0.11416666718749999 0.253125 0.11416666718749999 0.253125 0.3133333328125 0.433125 0.3133333328125
3 0.5154687499999999 0.2670833328125 0.5154687499999999 0.16854166718750002 0.42171875 0.16854166718750002 0.42171875 0.2670833328125 0.5154687499999999 0.2670833328125
3 0.50546875 0.32437499999999997 0.50546875 0.25187499999999996 0.4175 0.25187499999999996 0.4175 0.32437499999999997 0.50546875 0.32437499999999997
3 0.5965625 0.3635416671875 0.5965625 0.27458333281249997 0.4984375 0.27458333281249997 0.4984375 0.3635416671875 0.5965625 0.3635416671875
3 0.71875 0.32 0.71875 0.25187499999999996 0.5639062499999999 0.25187499999999996 0.5639062499999999 0.32 0.71875 0.32
3 0.71171875 0.3579166671875 0.71171875 0.3029166671875 0.60078125 0.3029166671875 0.60078125 0.3579166671875 0.71171875 0.3579166671875
3 0.7145312500000001 0.4129166671875 0.7145312500000001 0.3485416671875 0.6079687500000001 0.3485416671875 0.6079687500000001 0.4129166671875 0.7145312500000001 0.4129166671875
3 0.7798437500000001 0.4222916671875 0.7798437500000001 0.3295833328125 0.7229687499999999 0.3295833328125 0.7229687499999999 0.4222916671875 0.7798437500000001 0.4222916671875
3 0.8225 0.44312500000000005 0.8225 0.365625 0.77421875 0.365625 0.77421875 0.44312500000000005 0.8225 0.44312500000000005
3 0.8451562499999999 0.4564583328125 0.8451562499999999 0.3883333328125 0.8182812500000001 0.3883333328125 0.8182812500000001 0.4564583328125 0.8451562499999999 0.4564583328125
3 0.875 0.46979166718750004 0.875 0.4222916671875 0.84671875 0.4222916671875 0.84671875 0.46979166718750004 0.875 0.46979166718750004
3 0.9262499999999999 0.43375 0.9262499999999999 0.37875000000000003 0.8182812500000001 0.37875000000000003 0.8182812500000001 0.43375 0.9262499999999999 0.43375
3 0.9290625 0.49812500000000004 0.9290625 0.4185416671875 0.8637499999999999 0.4185416671875 0.8637499999999999 0.49812500000000004 0.9290625 0.49812500000000004
1 0.9793749999999999 0.6883333328125001 0.9793749999999999 0.65 0.9409375000000001 0.65 0.9409375000000001 0.6883333328125001 0.9793749999999999 0.6883333328125001