1 1 0.47458333281250004 0.92578125 0.47458333281250004 0.92578125 0.5475 1 0.5475 1 0.47458333281250004
1 0.4059375 0.46791666718749997 0.4059375 0.5395833328124999 0.6534375 0.5395833328124999 0.6534375 0.46791666718749997 0.4059375 0.46791666718749997
4 0.41046875 0.5783333328125 0.41046875 0.150625 0.10968750000000001 0.150625 0.10968750000000001 0.5783333328125 0.41046875 0.5783333328125
4 0.00390625 0.14416666718749999 0.00390625 0.6120833328125 0.08359375 0.6120833328125 0.08359375 0.14416666718749999 0.00390625 0.14416666718749999
4 0.06343750000000001 0.0045833328125 0.06343750000000001 0.1795833328125 0.38015625000000003 0.1795833328125 0.38015625000000003 0.0045833328125 0.06343750000000001 0.0045833328125
4 0.32109375 0.503125 0.32109375 0.2070833328125 0.08359375 0.2070833328125 0.08359375 0.503125 0.32109375 0.503125
1 0.41265625000000006 0.4410416671875 0.41265625000000006 0.4797916671875 0.656875 0.4797916671875 0.656875 0.4410416671875 0.41265625000000006 0.4410416671875
1 0.41265625000000006 0.3947916671875 0.41265625000000006 0.43645833281249996 0.65234375 0.43645833281249996 0.65234375 0.3947916671875 0.41265625000000006 0.3947916671875
1 0.41046875 0.34541666718749997 0.41046875 0.39625 0.655625 0.39625 0.655625 0.34541666718749997 0.41046875 0.34541666718749997
1 0.40812499999999996 0.2977083328125 0.40812499999999996 0.3410416671875 0.6534375 0.3410416671875 0.6534375 0.2977083328125 0.40812499999999996 0.2977083328125
1 0.40921874999999996 0.2408333328125 0.40921874999999996 0.28875 0.65015625 0.28875 0.65015625 0.2408333328125 0.40921874999999996 0.2408333328125
1 0.38796875000000003 0.1289583328125 0.38796875000000003 0.1945833328125 0.4025 0.1945833328125 0.4025 0.246875 0.6534375 0.246875 0.6534375 0.1289583328125 0.38796875000000003 0.1289583328125
1 0.37234375000000003 0.0914583328125 0.37234375000000003 0.139375 0.65015625 0.139375 0.65015625 0.0914583328125 0.37234375000000003 0.0914583328125
1 0.65125 0.09 0.65125 0.0691666671875 0.6498437499999999 0.0691145828125 0.65125 0.058750000000000004 0.649140625 0.058671875 0.6434099265625 0.048333332812500004 0.645625 0.0466666671875 0.65125 0.048333332812500004 0.645625 0.0332638890625 0.6470312500000001 0.02734375 0.645625 0.019861110937500003 0.645625 0.0064583328125 0.6375732421875 0.0466666671875 0.635569853125 0.048333332812500004 0.629521484375 0.0466666671875 0.6277297796875 0.048333332812500004 0.6214697265625 0.0466666671875 0.6198897062500001 0.048333332812500004 0.61341796875 0.0466666671875 0.6120496328125 0.048333332812500004 0.6053662109375 0.0466666671875 0.604209559375 0.048333332812500004 0.597314453125 0.0466666671875 0.5963694859374999 0.048333332812500004 0.5892626953125 0.0466666671875 0.5885294125 0.048333332812500004 0.5812109375000001 0.0466666671875 0.5806893375 0.048333332812500004 0.5731591796875 0.0466666671875 0.5728492640625 0.048333332812500004 0.565009190625 0.048333332812500004 0.565107421875 0.0466666671875 0.5571691171875 0.048333332812500004 0.5570556640625 0.0466666671875 0.54932904375 0.048333332812500004 0.5490039062500001 0.0466666671875 0.5414889703125 0.048333332812500004 0.5409521484375001 0.0466666671875 0.5336488968750001 0.048333332812500004 0.5329003906249999 0.0466666671875 0.5258088234375 0.048333332812500004 0.5248486328124999 0.0466666671875 0.51796875 0.048333332812500004 0.516796875 0.0466666671875 0.5101286765624999 0.048333332812500004 0.5087451171875 0.0466666671875 0.502288603125 0.048333332812500004 0.500693359375 0.0466666671875 0.4944485296875 0.048333332812500004 0.4926416015625 0.0466666671875 0.48660845625000004 0.048333332812500004 0.48458984374999997 0.0466666671875 0.4787683828125 0.048333332812500004 0.4765380859375 0.0466666671875 0.47092830937499996 0.048333332812500004 0.468486328125 0.0466666671875 0.4630882359375 0.048333332812500004 0.4604345703125 0.0466666671875 0.45524816250000005 0.048333332812500004 0.45238281249999995 0.0466666671875 0.44740808750000005 0.048333332812500004 0.4443310546875 0.0466666671875 0.4395680140625 0.048333332812500004 0.436279296875 0.0466666671875 0.431727940625 0.048333332812500004 0.4282275390625 0.0466666671875 0.4238878671875 0.048333332812500004 0.42017578125000005 0.0466666671875 0.41604779374999995 0.048333332812500004 0.4121240234375 0.0466666671875 0.4082077203125 0.048333332812500004 0.404072265625 0.0466666671875 0.40036764687500004 0.048333332812500004 0.3960205078125 0.0466666671875 0.38796875000000003 0.0064583328125 0.38796875000000003 0.0466666671875 0.38468749999999996 0.048333332812500004 0.38468749999999996 0.09 0.65125 0.09
1 0.9425000000000001 0.1272916671875 0.9425000000000001 0.07958333281249999 0.6825 0.07958333281249999 0.6825 0.1272916671875 0.9425000000000001 0.1272916671875
1 0.9546875 0.2170833328125 0.9546875 0.1633333328125 0.9503125000000001 0.1633333328125 0.9503125000000001 0.1304166671875 0.6803125 0.1304166671875 0.68140625 0.2170833328125 0.9546875 0.2170833328125
1 0.94921875 0.2408333328125 0.94921875 0.1960416671875 0.6837500000000001 0.1960416671875 0.6837500000000001 0.2408333328125 0.94921875 0.2408333328125
1 0.8439062500000001 0.27375 0.8439062500000001 0.2289583328125 0.68484375 0.2289583328125 0.68484375 0.27375 0.8439062500000001 0.27375
1 0.8315625000000001 0.2977083328125 0.8315625000000001 0.2633333328125 0.678125 0.2633333328125 0.678125 0.2977083328125 0.8315625000000001 0.2977083328125
1 0.8371875 0.3304166671875 0.8371875 0.2945833328125 0.6703125 0.2945833328125 0.6703125 0.3304166671875 0.8371875 0.3304166671875
1 0.84609375 0.3604166671875 0.84609375 0.3275 0.67921875 0.3275 0.67921875 0.3604166671875 0.84609375 0.3604166671875
1 0.845 0.3902083328125 0.845 0.3647916671875 0.688125 0.3647916671875 0.688125 0.3902083328125 0.845 0.3902083328125
1 0.829375 0.42458333281250005 0.829375 0.3916666671875 0.67921875 0.3916666671875 0.67921875 0.42458333281250005 0.829375 0.42458333281250005
1 0.68140625 0.4335416671875 0.68140625 0.46645833281250004 0.8495312500000001 0.46645833281250004 0.8495312500000001 0.4335416671875 0.68140625 0.4335416671875
1 0.9949999999999999 0.2916666671875 0.9949999999999999 0.2379166671875 0.84046875 0.2379166671875 0.84046875 0.2916666671875 0.9949999999999999 0.2916666671875
1 0.9962500000000001 0.32 0.9962500000000001 0.2916666671875 0.84046875 0.2916666671875 0.84046875 0.32 0.9962500000000001 0.32
1 0.9949999999999999 0.3572916671875 0.9949999999999999 0.32458333281249996 0.8517187500000001 0.32458333281249996 0.8517187500000001 0.3572916671875 0.9949999999999999 0.3572916671875
1 0.9984375 0.39625 0.9984375 0.3572916671875 0.8517187500000001 0.3572916671875 0.8517187500000001 0.39625 0.9984375 0.39625
1 0.99390625 0.476875 0.99390625 0.43208333281250005 0.9984375 0.43208333281250005 0.9984375 0.39625 0.850625 0.39625 0.850625 0.476875 0.99390625 0.476875