1 0.3140625 0 0.3140625 0.1039583328125 0.5310937499999999 0.1039583328125 0.5310937499999999 0 0.3140625 0
1 0.43499999999999994 0.1435416671875 0.43499999999999994 0.1070833328125 0.3821875 0.1070833328125 0.3821875 0.1435416671875 0.43499999999999994 0.1435416671875
1 0.5190625 0.1291666671875 0.5190625 0.0847916671875 0.43796875 0.0847916671875 0.43796875 0.1291666671875 0.5190625 0.1291666671875
1 0.5337500000000001 0.2152083328125 0.5337500000000001 0.1864583328125 0.44875 0.1864583328125 0.44875 0.2152083328125 0.5337500000000001 0.2152083328125
1 0.61390625 0.0470833328125 0.61390625 0.0183333328125 0.56203125 0.0183333328125 0.56203125 0.0470833328125 0.61390625 0.0470833328125
1 0.73703125 0.08875 0.73703125 0.0391666671875 0.634375 0.0391666671875 0.634375 0.08875 0.73703125 0.08875
1 0.6129687500000001 0.103125 0.6129687500000001 0.0704166671875 0.558125 0.0704166671875 0.558125 0.103125 0.6129687500000001 0.103125
1 0.6051562500000001 0.2477083328125 0.6051562500000001 0.2164583328125 0.55515625 0.2164583328125 0.55515625 0.2477083328125 0.6051562500000001 0.2477083328125
1 0.74 0.24395833281249998 0.74 0.20729166718749997 0.6265625 0.20729166718749997 0.6265625 0.24395833281249998 0.74 0.24395833281249998
1 0.8514062499999999 0 0.8514062499999999 0.044375 0.9864062499999999 0.044375 0.9864062499999999 0 0.8514062499999999 0
1 0.8495312500000001 0.0652083328125 0.8495312500000001 0.0066666671875 0.7340625000000001 0.0066666671875 0.7340625000000001 0.0652083328125 0.8495312500000001 0.0652083328125
1 0.9864062499999999 0.21916666718750002 0.9864062499999999 0.16833333281250001 0.84453125 0.16833333281250001 0.84453125 0.21916666718750002 0.9864062499999999 0.21916666718750002
1 0.9824999999999999 0.2816666671875 0.9824999999999999 0.23479166718750002 0.8484375 0.23479166718750002 0.8484375 0.2816666671875 0.9824999999999999 0.2816666671875
1 0.9707812499999999 0.6791666671875001 0.9707812499999999 0.6310416671875 0.8904687499999999 0.6310416671875 0.8904687499999999 0.6791666671875001 0.9707812499999999 0.6791666671875001
1 0 0.196875 0.2765625 0.196875 0.2765625 0.024791667187499998 0 0.024791667187499998 0 0.196875
4 0.9065625 0.8935416671875 0.9065625 0.2185416671875 0.25015624999999997 0.2185416671875 0.25015624999999997 0.8935416671875 0.9065625 0.8935416671875
2 0.8106249999999999 0.28791666718750003 0.8106249999999999 0.22625 0.7106250000000001 0.22625 0.7106250000000001 0.28791666718750003 0.8106249999999999 0.28791666718750003