1 0.7738541671875 0.20657407343749998 0.7738541671875 0.075 0.6894791671875 0.075 0.6894791671875 0.20657407343749998 0.7738541671875 0.20657407343749998
1 0.6991145828125 0.25916666718750003 0.6991145828125 0.1591666671875 0.6583854171875 0.1591666671875 0.6583854171875 0.25916666718750003 0.6991145828125 0.25916666718750003
1 0.6569270828125 0.3184259265625 0.6569270828125 0.2658333328125 0.6014062499999999 0.2658333328125 0.6014062499999999 0.3184259265625 0.6569270828125 0.3184259265625
1 0.3149479171875 0.17898148125 0.3149479171875 0.07898148125 0.2735416671875 0.07898148125 0.2735416671875 0.17898148125 0.3149479171875 0.17898148125
1 0.3379166671875 0.2078703703125 0.3379166671875 0.15 0.3149479171875 0.15 0.3149479171875 0.2078703703125 0.3379166671875 0.2078703703125
1 0.35494791718749996 0.22898148125 0.35494791718749996 0.180277778125 0.33640625 0.180277778125 0.33640625 0.22898148125 0.35494791718749996 0.22898148125
1 0.26687500000000003 0.4591666671875 0.26687500000000003 0.40657407343749996 0.22020833281250002 0.40657407343749996 0.22020833281250002 0.4591666671875 0.26687500000000003 0.4591666671875
1 0.2209895828125 0.46055555625 0.2209895828125 0.40259259218750004 0.1580729171875 0.40259259218750004 0.1580729171875 0.46055555625 0.2209895828125 0.46055555625
1 0.1558333328125 0.45259259218750003 0.1558333328125 0.3881481484375 0.0440625 0.3881481484375 0.0440625 0.45259259218750003 0.1558333328125 0.45259259218750003
1 0.2283854171875 0.6868518515625001 0.2283854171875 0.6025925921875 0.1632291671875 0.6025925921875 0.1632291671875 0.6868518515625001 0.2283854171875 0.6868518515625001
1 0.2305729171875 0.875 0.2305729171875 0.755277778125 0.1691666671875 0.755277778125 0.1691666671875 0.875 0.2305729171875 0.875
1 0.1691666671875 0.9421296296874999 0.1691666671875 0.819722221875 0.0744270828125 0.819722221875 0.0744270828125 0.9421296296874999 0.1691666671875 0.9421296296874999
1 0.323125 0.723703703125 0.323125 0.65 0.2883333328125 0.65 0.2883333328125 0.723703703125 0.323125 0.723703703125
1 0.3438541671875 0.6881481484374999 0.3438541671875 0.6289814812500001 0.32015625000000003 0.6289814812500001 0.32015625000000003 0.6881481484374999 0.3438541671875 0.6881481484374999
1 0.3586458328125 0.6525925921875 0.3586458328125 0.6158333328125 0.3453125 0.6158333328125 0.3453125 0.6525925921875 0.3586458328125 0.6525925921875
1 0.6132291671875 0.4 0.6132291671875 0.348703703125 0.5910416671875 0.348703703125 0.5910416671875 0.4 0.6132291671875 0.4
1 0.3379166671875 0.4131481484375 0.3379166671875 0.3815740734375 0.3127604171875 0.3815740734375 0.3127604171875 0.4131481484375 0.3379166671875 0.4131481484375
1 0.5821354171875 0.075 0.5821354171875 0.12370370312500001 0.6028645828125 0.12370370312500001 0.6028645828125 0.075 0.5821354171875 0.075
4 0.9990625 1 0.9990625 0.5186111109375 0.8014583328124999 0.5186111109375 0.8014583328124999 1 0.9990625 1
4 0.8209375 0.996759259375 0.8209375 0.512222221875 0.6990624999999999 0.512222221875 0.6990624999999999 0.996759259375 0.8209375 0.996759259375
4 0.7199479171875 0.875 0.7199479171875 0.487777778125 0.6601041671875 0.487777778125 0.6601041671875 0.875 0.7199479171875 0.875
4 0.2815104171875 0.7916666671875 0.2815104171875 0.48527777812500006 0.1617708328125 0.48527777812500006 0.1617708328125 0.7916666671875 0.2815104171875 0.7916666671875
4 0.0456770828125 0.996759259375 0.0456770828125 0.55194444375 0.0002604171875 0.55194444375 0.0002604171875 0.996759259375 0.0456770828125 0.996759259375
4 0.2721354171875 0.16472222187500002 0.2721354171875 0.40703703750000003 0.32546875000000003 0.40703703750000003 0.32546875000000003 0.16472222187500002 0.2721354171875 0.16472222187500002
4 0.37666666718749997 0.41472222187499996 0.37666666718749997 0.24037037031250003 0.31755208281249997 0.24037037031250003 0.31755208281249997 0.41472222187499996 0.37666666718749997 0.41472222187499996
3 0.993125 0.3984259265625 0.993125 0.06305555625 0.8470833328125 0.06305555625 0.8470833328125 0.3984259265625 0.993125 0.3984259265625
3 0.8652083328125 0.4040740734375 0.8652083328125 0.138796296875 0.790625 0.138796296875 0.790625 0.4040740734375 0.8652083328125 0.4040740734375
3 0.7916666671875 0.41166666718749995 0.7916666671875 0.222222221875 0.7405208328125 0.222222221875 0.7405208328125 0.41166666718749995 0.7916666671875 0.41166666718749995
3 0.7469270828125001 0.41740740781249996 0.7469270828125001 0.258240740625 0.7053645828125 0.258240740625 0.7053645828125 0.41740740781249996 0.7469270828125001 0.41740740781249996
3 0.7107812499999999 0.4200925921875 0.7107812499999999 0.2871296296875 0.6774479171875 0.2871296296875 0.6774479171875 0.4200925921875 0.7107812499999999 0.4200925921875
3 0.68265625 0.42398148124999996 0.68265625 0.3068518515625 0.6559895828125 0.3068518515625 0.6559895828125 0.42398148124999996 0.68265625 0.42398148124999996
3 0.6648958328125001 0.5858333328125 0.6648958328125001 0.48851851875 0.6293229171875 0.48851851875 0.6293229171875 0.5858333328125 0.6648958328125001 0.5858333328125
3 0.6375 0.4279629625 0.6375 0.350277778125 0.61453125 0.350277778125 0.61453125 0.4279629625 0.6375 0.4279629625