1 0 0.2947916671875 0.334375 0.2947916671875 0.334375 0.1539583328125 0 0.1539583328125 0 0.2947916671875
1 0.5532812500000001 0.1852083328125 0.5532812500000001 0.15270833281250001 0.475 0.15270833281250001 0.475 0.1852083328125 0.5532812500000001 0.1852083328125
1 0.5571875000000001 0.10958333281249999 0.5571875000000001 0.028749999999999998 0.48296875000000006 0.028749999999999998 0.48296875000000006 0.10958333281249999 0.5571875000000001 0.10958333281249999
1 0.915 0.5241666671874999 0.915 0.4877083328125 0.8504687499999999 0.4877083328125 0.8504687499999999 0.5241666671874999 0.915 0.5241666671874999
1 0.90328125 0.6466666671875 0.90328125 0.6022916671874999 0.8465624999999999 0.6022916671874999 0.8465624999999999 0.6466666671875 0.90328125 0.6466666671875
1 0.96578125 0.6727083328125001 0.96578125 0.620625 0.90234375 0.620625 0.90234375 0.6727083328125001 0.96578125 0.6727083328125001
1 0.13484374999999998 0.9472916671875 0.13484374999999998 0.7591666671875 0.00375 0.7591666671875 0.00375 0.9472916671875 0.13484374999999998 0.9472916671875
2 1 0.4185416671875 0.9682812500000001 0.4185416671875 0.9682812500000001 0.703125 1 0.703125 1 0.4185416671875
4 0.7596875 0.7879166671875 0.7596875 0.446875 0.44328124999999996 0.446875 0.44328124999999996 0.7879166671875 0.7596875 0.7879166671875
2 0.46796875 0.5791666671875 0.46796875 0.29125 0.42312500000000003 0.29125 0.42312500000000003 0.5791666671875 0.46796875 0.5791666671875
3 0.32328125 0.5027083328125 0.32328125 0.43937499999999996 0.25625 0.43937499999999996 0.25625 0.5027083328125 0.32328125 0.5027083328125
3 0.2996875 0.6566666671875 0.2996875 0.5697916671875001 0.16546875 0.5697916671875001 0.16546875 0.6566666671875 0.2996875 0.6566666671875
3 0.31296875 0.665 0.31296875 0.5722916671875 0.27109375 0.5722916671875 0.27109375 0.665 0.31296875 0.665
3 0.31546875 0.725 0.31546875 0.663125 0.2759375 0.663125 0.2759375 0.725 0.31546875 0.725
3 0.26015625 0.7079166671875 0.26015625 0.65 0.1625 0.65 0.1625 0.7079166671875 0.26015625 0.7079166671875
3 0.11015625 0.6131249999999999 0.11015625 0.55125 0.00953125 0.55125 0.00953125 0.6131249999999999 0.11015625 0.6131249999999999
3 0.17734375 0.6027083328125 0.17734375 0.5329166671875 0.08359375 0.5329166671875 0.08359375 0.6027083328125 0.17734375 0.6027083328125
3 0.18421875000000001 0.660625 0.18421875000000001 0.5920833328125 0.13296875 0.5920833328125 0.13296875 0.660625 0.18421875000000001 0.660625
3 0.13390625 0.6777083328125 0.13390625 0.5960416671875 0.0017187500000000002 0.5960416671875 0.0017187500000000002 0.6777083328125 0.13390625 0.6777083328125
3 0.1940625 0.4933333328125 0.1940625 0.385625 0.0865625 0.385625 0.0865625 0.4933333328125 0.1940625 0.4933333328125
3 0.08249999999999999 0.4920833328125 0.08249999999999999 0.43166666718749996 0.00453125 0.43166666718749996 0.00453125 0.4920833328125 0.08249999999999999 0.4920833328125