1 0.9976041671875 0.235277778125 0.9976041671875 0.15064814843750002 0.921875 0.15064814843750002 0.921875 0.235277778125 0.9976041671875 0.235277778125
1 0.8735416671875 0.2826851859375 0.8735416671875 0.225 0.78125 0.225 0.78125 0.2826851859375 0.8735416671875 0.2826851859375
1 0.7769270828125 0.30962962968749996 0.7769270828125 0.2609259265625 0.74015625 0.2609259265625 0.74015625 0.30962962968749996 0.7769270828125 0.30962962968749996
1 0.8778645828125 0.18777777812500002 0.8778645828125 0.1211111109375 0.7733333328125 0.1211111109375 0.7733333328125 0.18777777812500002 0.8778645828125 0.18777777812500002
1 0.7704166671875 0.0019444437500000002 0.7704166671875 0.0686111109375 0.8230729171875 0.0686111109375 0.8230729171875 0.0019444437500000002 0.7704166671875 0.0019444437500000002
1 0.7740625 0.1109259265625 0.7740625 0.0493518515625 0.7394270828125 0.0493518515625 0.7394270828125 0.1109259265625 0.7740625 0.1109259265625
1 0.7315104171875 0.33138888906249997 0.7315104171875 0.294259259375 0.70046875 0.294259259375 0.70046875 0.33138888906249997 0.7315104171875 0.33138888906249997
1 0.7011979171875 0.346759259375 0.7011979171875 0.30962962968749996 0.6846354171875 0.30962962968749996 0.6846354171875 0.346759259375 0.7011979171875 0.346759259375
1 0.7307812499999999 0.175 0.7307812499999999 0.1224074078125 0.6990624999999999 0.1224074078125 0.6990624999999999 0.175 0.7307812499999999 0.175
1 0.0398958328125 0.03398148125 0.0398958328125 0.1711111109375 0.32546875000000003 0.1711111109375 0.32546875000000003 0.03398148125 0.0398958328125 0.03398148125
1 0.0096354171875 0.004444443750000001 0.0096354171875 0.076296296875 0.2577083328125 0.076296296875 0.2577083328125 0.004444443750000001 0.0096354171875 0.004444443750000001
1 0.32979166718749997 0.0211111109375 0.32979166718749997 0.08398148125 0.42354166718749997 0.08398148125 0.42354166718749997 0.0211111109375 0.32979166718749997 0.0211111109375
1 0.2908854171875 0.003240740625 0.2908854171875 0.0211111109375 0.40406250000000005 0.0211111109375 0.40406250000000005 0.003240740625 0.2908854171875 0.003240740625
1 0.9990625 0.9634259265624999 0.9990625 0.74555555625 0.8403645828125 0.74555555625 0.8403645828125 0.9634259265624999 0.9990625 0.9634259265624999
1 0.9290625 0.996759259375 0.9290625 0.9006481484375 0.8396874999999999 0.9006481484375 0.8396874999999999 0.996759259375 0.9290625 0.996759259375
3 0.1296875 0.7003703703124999 0.1296875 0.5427777781249999 0.00020833281250000002 0.5427777781249999 0.00020833281250000002 0.7003703703124999 0.1296875 0.7003703703124999
3 0.09515625 0.9983333328124999 0.09515625 0.8474074078125 0.0021354171875 0.8474074078125 0.0021354171875 0.9983333328124999 0.09515625 0.9983333328124999
3 0.21208333281249997 0.9618518515625001 0.21208333281249997 0.82601851875 0.0939583328125 0.82601851875 0.0939583328125 0.9618518515625001 0.21208333281249997 0.9618518515625001
3 0.27869791718750003 0.89555555625 0.27869791718750003 0.6475925921875 0.0975 0.6475925921875 0.0975 0.89555555625 0.27869791718750003 0.89555555625
3 0.29734375 0.8134259265624999 0.29734375 0.628703703125 0.2627083328125 0.628703703125 0.2627083328125 0.8134259265624999 0.29734375 0.8134259265624999
3 0.3435416671875 0.7234259265625 0.3435416671875 0.64444444375 0.29822916718750003 0.64444444375 0.29822916718750003 0.7234259265625 0.3435416671875 0.7234259265625
3 0.3435416671875 0.7928703703125 0.3435416671875 0.699722221875 0.2938020828125 0.699722221875 0.2938020828125 0.7928703703125 0.3435416671875 0.7928703703125
3 0.3604166671875 0.7108333328125 0.3604166671875 0.6491666671874999 0.33999999999999997 0.6491666671874999 0.33999999999999997 0.7108333328125 0.3604166671875 0.7108333328125
3 0.2716145828125 0.45499999999999996 0.2716145828125 0.395 0.1366145828125 0.395 0.1366145828125 0.45499999999999996 0.2716145828125 0.45499999999999996
3 0.26984375 0.50555555625 0.26984375 0.44555555625 0.1375 0.44555555625 0.1375 0.50555555625 0.26984375 0.50555555625
3 0.26984375 0.579722221875 0.26984375 0.49759259218749996 0.14015625 0.49759259218749996 0.14015625 0.579722221875 0.26984375 0.579722221875
3 0.3133333328125 0.5671296296875 0.3133333328125 0.41398148125 0.2609375 0.41398148125 0.2609375 0.5671296296875 0.3133333328125 0.5671296296875
3 0.3302083328125 0.551296296875 0.3302083328125 0.508703703125 0.3151041671875 0.508703703125 0.3151041671875 0.551296296875 0.3302083328125 0.551296296875
3 0.9909895828125 0.538703703125 0.9909895828125 0.4628703703125 0.9412499999999999 0.4628703703125 0.9412499999999999 0.538703703125 0.9909895828125 0.538703703125
3 0.9990104171875 0.5275925921875 0.9990104171875 0.49444444374999996 0.98921875 0.49444444374999996 0.98921875 0.5275925921875 0.9990104171875 0.5275925921875
3 0.9048437500000001 0.6475925921875 0.9048437500000001 0.5718518515625 0.829375 0.5718518515625 0.829375 0.6475925921875 0.9048437500000001 0.6475925921875
3 0.9448437500000001 0.515 0.9448437500000001 0.47555555624999996 0.91109375 0.47555555624999996 0.91109375 0.515 0.9448437500000001 0.515
3 0.91375 0.515 0.91375 0.47712962968749995 0.8888541671875 0.47712962968749995 0.8888541671875 0.515 0.91375 0.515
3 0.8915104171875001 0.5102777781250001 0.8915104171875001 0.47398148124999995 0.8675520828125001 0.47398148124999995 0.8675520828125001 0.5102777781250001 0.8915104171875001 0.5102777781250001
3 0.8844270828124999 0.49916666718749997 0.8844270828124999 0.45814814843749996 0.80984375 0.45814814843749996 0.80984375 0.49916666718749997 0.8844270828124999 0.49916666718749997
3 0.83203125 0.6191666671875 0.83203125 0.52444444375 0.7884895828125 0.52444444375 0.7884895828125 0.6191666671875 0.83203125 0.6191666671875
3 0.79296875 0.545 0.79296875 0.50555555625 0.7671875 0.50555555625 0.7671875 0.545 0.79296875 0.545
3 0.7947395828125 0.5718518515625 0.7947395828125 0.540277778125 0.7671875 0.540277778125 0.7671875 0.5718518515625 0.7947395828125 0.5718518515625
3 0.795625 0.6002777781249999 0.795625 0.5671296296875 0.7671875 0.5671296296875 0.7671875 0.6002777781249999 0.795625 0.6002777781249999
3 0.795625 0.49601851874999997 0.795625 0.45814814843749996 0.7805208328125001 0.45814814843749996 0.7805208328125001 0.49601851874999997 0.795625 0.49601851874999997
3 0.8133854171875001 0.5024074078125 0.8133854171875001 0.47083333281249995 0.7982812499999999 0.47083333281249995 0.7982812499999999 0.5024074078125 0.8133854171875001 0.5024074078125
3 0.80984375 0.45814814843749996 0.80984375 0.4328703703125 0.7592187499999999 0.4328703703125 0.7592187499999999 0.45814814843749996 0.80984375 0.45814814843749996
3 0.7805208328125001 0.491296296875 0.7805208328125001 0.4565740734375 0.7565104171875 0.4565740734375 0.7565104171875 0.491296296875 0.7805208328125001 0.491296296875
3 0.7601041671875 0.491296296875 0.7601041671875 0.45814814843749996 0.745 0.45814814843749996 0.745 0.491296296875 0.7601041671875 0.491296296875
3 0.7671875 0.5908333328125 0.7671875 0.55444444375 0.7511979171875 0.55444444375 0.7511979171875 0.5908333328125 0.7671875 0.5908333328125
3 0.7592187499999999 0.5781481484375 0.7592187499999999 0.545 0.7369791671875 0.545 0.7369791671875 0.5781481484375 0.7592187499999999 0.5781481484375
3 0.7432291671875 0.570277778125 0.7432291671875 0.540277778125 0.7263541671875 0.540277778125 0.7263541671875 0.570277778125 0.7432291671875 0.570277778125
3 0.3613020828125 0.5324074078125001 0.3613020828125 0.49601851874999997 0.3240104171875 0.49601851874999997 0.3240104171875 0.5324074078125001 0.3613020828125 0.5324074078125001
3 0.3799479171875 0.53398148125 0.3799479171875 0.4675925921875 0.3435416671875 0.4675925921875 0.3435416671875 0.53398148125 0.3799479171875 0.53398148125
3 0.3994791671875 0.47555555624999996 0.3994791671875 0.43444444375 0.3657291671875 0.43444444375 0.3657291671875 0.47555555624999996 0.3994791671875 0.47555555624999996
3 0.3977083328125 0.521296296875 0.3977083328125 0.47712962968749995 0.3772916671875 0.47712962968749995 0.3772916671875 0.521296296875 0.3977083328125 0.521296296875
3 0.3852604171875 0.38398148125 0.3852604171875 0.3428703703125 0.3515104171875 0.3428703703125 0.3515104171875 0.38398148125 0.3852604171875 0.38398148125
3 0.40125 0.6034259265624999 0.40125 0.551296296875 0.33375 0.551296296875 0.33375 0.6034259265624999 0.40125 0.6034259265624999
3 0.3728645828125 0.68398148125 0.3728645828125 0.6175925921875 0.30265624999999996 0.6175925921875 0.30265624999999996 0.68398148125 0.3728645828125 0.68398148125
3 0.39416666718750004 0.660277778125 0.39416666718750004 0.605 0.3408854171875 0.605 0.3408854171875 0.660277778125 0.39416666718750004 0.660277778125
3 0.40125 0.635 0.40125 0.5971296296874999 0.3888541671875 0.5971296296874999 0.3888541671875 0.635 0.40125 0.635
3 0.4279166671875 0.5781481484375 0.4279166671875 0.538703703125 0.3834895828125 0.538703703125 0.3834895828125 0.5781481484375 0.4279166671875 0.5781481484375
3 0.48562500000000003 0.5608333328125 0.48562500000000003 0.515 0.4652083328125 0.515 0.4652083328125 0.5608333328125 0.48562500000000003 0.5608333328125
3 0.7219791671875 0.26888888906249997 0.7219791671875 0.247777778125 0.69265625 0.247777778125 0.69265625 0.26888888906249997 0.7219791671875 0.26888888906249997
3 0.7503645828125001 0.4576851859375 0.7503645828125001 0.4373148140625 0.7205729171875 0.4373148140625 0.7205729171875 0.4576851859375 0.7503645828125001 0.4576851859375
3 0.74484375 0.481296296875 0.74484375 0.45685185156249997 0.7215104171875 0.45685185156249997 0.7215104171875 0.481296296875 0.74484375 0.481296296875