1 0.7040625 0.5652083328125 0.7040625 0.5258333328125 0.6520312500000001 0.5258333328125 0.6520312500000001 0.5652083328125 0.7040625 0.5652083328125
1 0.6484375 0.5572916671875 0.6484375 0.5052083328125 0.563125 0.5052083328125 0.563125 0.5572916671875 0.6484375 0.5572916671875
1 0.6993750000000001 0.1610416671875 0.6993750000000001 0.1327083328125 0.57375 0.1327083328125 0.57375 0.1610416671875 0.6993750000000001 0.1610416671875
1 0.65546875 0.2227083328125 0.65546875 0.1847916671875 0.57140625 0.1847916671875 0.57140625 0.2227083328125 0.65546875 0.2227083328125
1 0.75625 0.2210416671875 0.75625 0.176875 0.654375 0.176875 0.654375 0.2210416671875 0.75625 0.2210416671875
1 0.8817187499999999 0.1516666671875 0.8817187499999999 0.11374999999999999 0.75734375 0.11374999999999999 0.75734375 0.1516666671875 0.8817187499999999 0.1516666671875
1 0.8651562500000001 0.213125 0.8651562500000001 0.176875 0.765625 0.176875 0.765625 0.213125 0.8651562500000001 0.213125
1 0.5667187499999999 0.1927083328125 0.5667187499999999 0.15 0.49093749999999997 0.15 0.49093749999999997 0.1927083328125 0.5667187499999999 0.1927083328125
1 0.56796875 0.24 0.56796875 0.19583333281249998 0.48734374999999996 0.19583333281249998 0.48734374999999996 0.24 0.56796875 0.24
1 0.48734374999999996 0.2541666671875 0.48734374999999996 0.20833333281250002 0.42109375 0.20833333281250002 0.42109375 0.2541666671875 0.48734374999999996 0.2541666671875
1 0.41875 0.26208333281249996 0.41875 0.2272916671875 0.3725 0.2272916671875 0.3725 0.26208333281249996 0.41875 0.26208333281249996
1 0.429375 0.2116666671875 0.429375 0.1783333328125 0.37953125 0.1783333328125 0.37953125 0.2116666671875 0.429375 0.2116666671875
1 0.429375 0.176875 0.429375 0.14208333281250002 0.37609375 0.14208333281250002 0.37609375 0.176875 0.429375 0.176875
1 0.5121875 0.1627083328125 0.5121875 0.129375 0.4234375 0.129375 0.4234375 0.1627083328125 0.5121875 0.1627083328125
1 0.49093749999999997 0.2052083328125 0.49093749999999997 0.17375000000000002 0.42453124999999997 0.17375000000000002 0.42453124999999997 0.2052083328125 0.49093749999999997 0.2052083328125
1 0.49093749999999997 0.099375 0.49093749999999997 0.050624999999999996 0.4340625 0.050624999999999996 0.4340625 0.099375 0.49093749999999997 0.099375
1 0.429375 0.12166666718750001 0.429375 0.08208333281249999 0.38203125 0.08208333281249999 0.38203125 0.12166666718750001 0.429375 0.12166666718750001
1 0.3771875 0.140625 0.3771875 0.10729166718750001 0.3334375 0.10729166718750001 0.3334375 0.140625 0.3771875 0.140625
1 0.33218749999999997 0.1627083328125 0.33218749999999997 0.12625 0.30625 0.12625 0.30625 0.1627083328125 0.33218749999999997 0.1627083328125
1 0.30375 0.1783333328125 0.30375 0.14375 0.2765625 0.14375 0.2765625 0.1783333328125 0.30375 0.1783333328125
1 0.5548437500000001 0.0789583328125 0.5548437500000001 0.033125 0.48375 0.033125 0.48375 0.0789583328125 0.5548437500000001 0.0789583328125
1 0.49171875 0.0045833328125 0.49171875 0.0272916671875 0.5548437500000001 0.0272916671875 0.5548437500000001 0.0045833328125 0.49171875 0.0045833328125
1 0.390625 0.028749999999999998 0.390625 0.0022916671874999997 0.35015625 0.0022916671874999997 0.35015625 0.028749999999999998 0.390625 0.028749999999999998
1 0.65796875 0.05500000000000001 0.65796875 0.0102083328125 0.57609375 0.0102083328125 0.57609375 0.05500000000000001 0.65796875 0.05500000000000001
1 0.23328125000000002 0.18020833281249998 0.23328125000000002 0.009583332812500001 0.003125 0.009583332812500001 0.003125 0.18020833281249998 0.23328125000000002 0.18020833281249998
2 0.85578125 0.6416666671875 0.85578125 0.1620833328125 0.6875 0.1620833328125 0.6875 0.6416666671875 0.85578125 0.6416666671875
4 0.576875 0.999375 0.576875 0.3620833328125 0.00390625 0.3620833328125 0.00390625 0.999375 0.576875 0.999375
3 0.7535937500000001 0.4091666671875 0.7535937500000001 0.3697916671875 0.718125 0.3697916671875 0.718125 0.4091666671875 0.7535937500000001 0.4091666671875
3 0.54734375 0.31979166718749996 0.54734375 0.2920833328125 0.50890625 0.2920833328125 0.50890625 0.31979166718749996 0.54734375 0.31979166718749996
3 0.55234375 0.339375 0.55234375 0.3170833328125 0.505 0.3170833328125 0.505 0.339375 0.55234375 0.339375
3 0.55234375 0.3579166671875 0.55234375 0.339375 0.5009375 0.339375 0.5009375 0.3579166671875 0.55234375 0.3579166671875
3 0.5503125 0.3789583328125 0.5503125 0.3552083328125 0.5 0.3552083328125 0.5 0.3789583328125 0.5503125 0.3789583328125