1 0.9152083328125 0.9118518515625 0.9152083328125 0.7078703703125 0.7597916671875 0.7078703703125 0.7597916671875 0.9118518515625 0.9152083328125 0.9118518515625
1 0.976875 0.9438888890625 0.976875 0.8586111109375001 0.9171875 0.8586111109375001 0.9171875 0.9438888890625 0.976875 0.9438888890625
1 0.8947916671874999 0.208703703125 0.8947916671874999 0.0875 0.6454166671875 0.0875 0.6454166671875 0.208703703125 0.8947916671874999 0.208703703125
1 0.6571354171875 0.21629629687500002 0.6571354171875 0.136759259375 0.571875 0.136759259375 0.571875 0.21629629687500002 0.6571354171875 0.21629629687500002
1 0.5814583328125 0.2258333328125 0.5814583328125 0.163240740625 0.5249479171875 0.163240740625 0.5249479171875 0.2258333328125 0.5814583328125 0.2258333328125
1 0.5739583328125 0.1329629625 0.5739583328125 0.064722221875 0.5323958328125 0.064722221875 0.5323958328125 0.1329629625 0.5739583328125 0.1329629625
1 0.7168229171875 0.098796296875 0.7168229171875 0.0268518515625 0.571875 0.0268518515625 0.571875 0.098796296875 0.7168229171875 0.098796296875
1 0.5377604171875 0.1746296296875 0.5377604171875 0.1121296296875 0.4951041671875 0.1121296296875 0.4951041671875 0.1746296296875 0.5377604171875 0.1746296296875
1 0.49296875 0.18601851875 0.49296875 0.13101851874999998 0.4652604171875 0.13101851874999998 0.4652604171875 0.18601851875 0.49296875 0.18601851875
1 0.46312499999999995 0.1974074078125 0.46312499999999995 0.15944444375 0.44291666718749995 0.15944444375 0.44291666718749995 0.1974074078125 0.46312499999999995 0.1974074078125
1 0.4386458328125 0.199259259375 0.4386458328125 0.16898148125 0.4215625 0.16898148125 0.4215625 0.199259259375 0.4386458328125 0.199259259375
1 0.47062499999999996 0.4663888890625 0.47062499999999996 0.4095370375 0.3256770828125 0.4095370375 0.3256770828125 0.4663888890625 0.47062499999999996 0.4663888890625
1 0.4759375 0.53648148125 0.4759375 0.479722221875 0.32458333281249996 0.479722221875 0.32458333281249996 0.53648148125 0.4759375 0.53648148125
1 0.050677082812499996 0.13101851874999998 0.050677082812499996 0.0779629625 0.0016666671875 0.0779629625 0.0016666671875 0.13101851874999998 0.050677082812499996 0.13101851874999998
1 0.0858333328125 0.14435185156250002 0.0858333328125 0.10259259218750001 0.0528125 0.10259259218750001 0.0528125 0.14435185156250002 0.0858333328125 0.14435185156250002
1 0.054947917187499994 0.036296296875 0.054947917187499994 0.0799074078125 0.0847916671875 0.0799074078125 0.0847916671875 0.036296296875 0.054947917187499994 0.036296296875
1 0.0155208328125 0.0040740734375 0.0155208328125 0.055277778124999996 0.054947917187499994 0.055277778124999996 0.054947917187499994 0.0040740734375 0.0155208328125 0.0040740734375
1 0.40640625 0.0008333328124999999 0.40640625 0.0166666671875 0.42416666718749996 0.0166666671875 0.42416666718749996 0.0008333328124999999 0.40640625 0.0008333328124999999
1 0.4122916671875 0.0416666671875 0.4122916671875 0.0048148140625000006 0.3975 0.0048148140625000006 0.3975 0.0416666671875 0.4122916671875 0.0416666671875
1 0.39677083281250003 0.06398148125 0.39677083281250003 0.0324074078125 0.3827083328125 0.0324074078125 0.3827083328125 0.06398148125 0.39677083281250003 0.06398148125
1 0.38416666718750003 0.08509259218750001 0.38416666718750003 0.0495370375 0.3701041671875 0.0495370375 0.3701041671875 0.08509259218750001 0.38416666718750003 0.08509259218750001
1 0.6136458328125001 0.6213888890625 0.6136458328125001 0.5676851859375 0.5780729171875 0.5676851859375 0.5780729171875 0.6213888890625 0.6136458328125001 0.6213888890625
1 0.5790104171875 0.5866666671874999 0.5790104171875 0.520277778125 0.52125 0.520277778125 0.52125 0.5866666671874999 0.5790104171875 0.5866666671874999
3 0.5288541671875 0.3671296296875 0.5288541671875 0.2934259265625 0.5081249999999999 0.2934259265625 0.5081249999999999 0.3671296296875 0.5288541671875 0.3671296296875
3 0.5126041671875 0.3315740734375 0.5126041671875 0.29472222187499997 0.4881770828125 0.29472222187499997 0.4881770828125 0.3315740734375 0.5126041671875 0.3315740734375
3 0.5081249999999999 0.3618518515625 0.5081249999999999 0.3328703703125 0.4881770828125 0.3328703703125 0.4881770828125 0.3618518515625 0.5081249999999999 0.3618518515625
3 0.491875 0.355277778125 0.491875 0.32898148125 0.4726041671875 0.32898148125 0.4726041671875 0.355277778125 0.491875 0.355277778125
3 0.5214583328125 0.47240740781249996 0.5214583328125 0.3868518515625 0.47927083281250005 0.3868518515625 0.47927083281250005 0.47240740781249996 0.5214583328125 0.47240740781249996
3 0.5126041671875 0.4921296296875 0.5126041671875 0.4434259265625 0.49406249999999996 0.4434259265625 0.49406249999999996 0.4921296296875 0.5126041671875 0.4921296296875
3 0.5303645828125 0.4921296296875 0.5303645828125 0.45 0.5103645828125 0.45 0.5103645828125 0.4921296296875 0.5303645828125 0.4921296296875
3 0.45927083281250003 0.35 0.45927083281250003 0.3171296296875 0.4311458328125 0.3171296296875 0.4311458328125 0.35 0.45927083281250003 0.35
3 0.0792708328125 0.5069444437499999 0.0792708328125 0.3900925921875 0.0375 0.3900925921875 0.0375 0.5069444437499999 0.0792708328125 0.5069444437499999
3 0.0588020828125 0.5100925921874999 0.0588020828125 0.45953703749999997 0.042812499999999996 0.45953703749999997 0.042812499999999996 0.5100925921874999 0.0588020828125 0.5100925921874999
3 0.030416667187500003 0.502222221875 0.030416667187500003 0.4343518515625 0.00020833281250000002 0.4343518515625 0.00020833281250000002 0.502222221875 0.030416667187500003 0.502222221875
3 0.0321875 0.5479629625 0.0321875 0.4848148140625 0.0028645828125 0.4848148140625 0.0028645828125 0.5479629625 0.0321875 0.5479629625
3 0.0081770828125 0.3395370375 0.0081770828125 0.38851851875 0.0313020828125 0.38851851875 0.0313020828125 0.3395370375 0.0081770828125 0.3395370375
3 0.0010937499999999999 0.3459259265625 0.0010937499999999999 0.39638888906249997 0.009947917187499999 0.39638888906249997 0.009947917187499999 0.3459259265625 0.0010937499999999999 0.3459259265625
3 0.0615104171875 0.311203703125 0.0615104171875 0.281203703125 0.017083332812499998 0.281203703125 0.017083332812499998 0.311203703125 0.0615104171875 0.311203703125
3 0.0650520828125 0.33166666718750004 0.0650520828125 0.3079629625 0.025937500000000002 0.3079629625 0.025937500000000002 0.33166666718750004 0.0650520828125 0.33166666718750004
3 0.0668229171875 0.371203703125 0.0668229171875 0.33324074062500003 0.041041667187500006 0.33324074062500003 0.041041667187500006 0.371203703125 0.0668229171875 0.371203703125
3 0.08546875000000001 0.3648148140625 0.08546875000000001 0.27638888906250003 0.0615104171875 0.27638888906250003 0.0615104171875 0.3648148140625 0.08546875000000001 0.3648148140625
3 0.1058854171875 0.363240740625 0.1058854171875 0.33324074062500003 0.08015625 0.33324074062500003 0.08015625 0.363240740625 0.1058854171875 0.363240740625
3 0.1130208328125 0.3616666671875 0.1130208328125 0.31592592656249996 0.10057291718750001 0.31592592656249996 0.10057291718750001 0.3616666671875 0.1130208328125 0.3616666671875
3 0.1263020828125 0.3553703703125 0.1263020828125 0.3000925921875 0.1130208328125 0.3000925921875 0.1130208328125 0.3553703703125 0.1263020828125 0.3553703703125
3 0.2080208328125 0.393240740625 0.2080208328125 0.3616666671875 0.1858333328125 0.3616666671875 0.1858333328125 0.393240740625 0.2080208328125 0.393240740625
3 0.10145833281250001 0.4500925921875 0.10145833281250001 0.40277777812500004 0.0783854171875 0.40277777812500004 0.0783854171875 0.4500925921875 0.10145833281250001 0.4500925921875
3 0.10145833281250001 0.4800925921875 0.10145833281250001 0.4343518515625 0.0783854171875 0.4343518515625 0.0783854171875 0.4800925921875 0.10145833281250001 0.4800925921875
3 0.3767708328125 0.183240740625 0.3767708328125 0.1643518515625 0.3536979171875 0.1643518515625 0.3536979171875 0.183240740625 0.3767708328125 0.183240740625
1 0.6194270828125 0.6123148140625 0.6194270828125 0.7253703703125 0.7361458328125 0.7253703703125 0.7361458328125 0.6123148140625 0.6194270828125 0.6123148140625
1 0.628125 0.5740740734374999 0.628125 0.6708333328125 0.7306770828125 0.6708333328125 0.7306770828125 0.5740740734374999 0.628125 0.5740740734374999
1 0.63453125 0.5325 0.63453125 0.6106481484375 0.7356770828125 0.6106481484375 0.7356770828125 0.5325 0.63453125 0.5325