1 0.10265625 0.680625 0.10265625 0.8772916671875001 0.48296875000000006 0.8772916671875001 0.48296875000000006 0.680625 0.10265625 0.680625
1 0.08499999999999999 0.6127083328125 0.08499999999999999 0.81875 0.4721875 0.81875 0.4721875 0.6127083328125 0.08499999999999999 0.6127083328125
1 0.06640625 0.5397916671874999 0.06640625 0.7483333328125 0.46234374999999994 0.7483333328125 0.46234374999999994 0.5397916671874999 0.06640625 0.5397916671874999
1 0.79578125 0.43541666718750005 0.79578125 0.3860416671875 0.656875 0.3860416671875 0.656875 0.43541666718750005 0.79578125 0.43541666718750005
1 0.59921875 0.30125 0.59921875 0.2685416671875 0.5259375000000001 0.2685416671875 0.5259375000000001 0.30125 0.59921875 0.30125
1 0.5875 0.3508333328125 0.5875 0.3116666671875 0.52296875 0.3116666671875 0.52296875 0.3508333328125 0.5875 0.3508333328125
1 0.5884375000000001 0.395 0.5884375000000001 0.3597916671875 0.52296875 0.3597916671875 0.52296875 0.395 0.5884375000000001 0.395
1 0.53171875 0.2920833328125 0.53171875 0.2660416671875 0.4203125 0.2660416671875 0.4203125 0.2920833328125 0.53171875 0.2920833328125
1 0.5278125 0.33375 0.5278125 0.3064583328125 0.42125 0.3064583328125 0.42125 0.33375 0.5278125 0.33375
1 0.5278125 0.3729166671875 0.5278125 0.34562499999999996 0.45546875 0.34562499999999996 0.45546875 0.3729166671875 0.5278125 0.3729166671875
1 0.6040625000000001 0.103125 0.6040625000000001 0.0835416671875 0.53953125 0.0835416671875 0.53953125 0.103125 0.6040625000000001 0.103125
1 0.603125 0.12125 0.603125 0.104375 0.5434375 0.104375 0.5434375 0.12125 0.603125 0.12125
1 0.2659375 0.3897916671875 0.2659375 0.3129166671875 0.1153125 0.3129166671875 0.1153125 0.3897916671875 0.2659375 0.3897916671875
2 0.6490625 0.41604166718749996 0.6490625 0.2108333328125 0.5596875 0.2108333328125 0.5596875 0.41604166718749996 0.6490625 0.41604166718749996
2 0.47984375 0.3775 0.47984375 0.21979166718749998 0.3990625 0.21979166718749998 0.3990625 0.3775 0.47984375 0.3775
4 0.90203125 0.4783333328125 0.90203125 0.35291666718750003 0.795625 0.35291666718750003 0.795625 0.4783333328125 0.90203125 0.4783333328125
4 0.9942187499999999 0.5108333328125 0.9942187499999999 0.3929166671875 0.9009375000000001 0.3929166671875 0.9009375000000001 0.5108333328125 0.9942187499999999 0.5108333328125
4 1 0.348125 0.9615625 0.348125 0.9615625 0.6287499999999999 1 0.6287499999999999 1 0.348125
4 1 0.303125 0.89515625 0.303125 0.89515625 0.4058333328125 1 0.4058333328125 1 0.303125
4 0.9971875000000001 0.31083333281250003 0.9971875000000001 0.21354166718749998 0.9028124999999999 0.21354166718749998 0.9028124999999999 0.31083333281250003 0.9971875000000001 0.31083333281250003
4 1 0.12625 0.9009375000000001 0.12625 0.9009375000000001 0.2108333328125 1 0.2108333328125 1 0.12625
4 1 0.0416666671875 0.89609375 0.0416666671875 0.89609375 0.1352083328125 1 0.1352083328125 1 0.0416666671875
4 0.9 0.003125 0.9 0.0635416671875 0.9990625 0.0635416671875 0.9990625 0.003125 0.9 0.003125
4 0.67109375 0.2429166671875 0.67109375 0.196875 0.59140625 0.196875 0.59140625 0.2429166671875 0.67109375 0.2429166671875