1 0.9459375 0.9943518515624999 0.9459375 0.7725925921875 0.7071875000000001 0.7725925921875 0.7071875000000001 0.9943518515624999 0.9459375 0.9943518515624999
1 0.7050520828125 0.00148148125 0.7050520828125 0.0981481484375 0.9608854171875001 0.0981481484375 0.9608854171875001 0.00148148125 0.7050520828125 0.00148148125
1 0.7264062499999999 0.168240740625 0.7264062499999999 0.050740740625 0.5697395828125 0.050740740625 0.5697395828125 0.168240740625 0.7264062499999999 0.168240740625
1 0.571875 0.20416666718749998 0.571875 0.11898148125 0.48020833281249997 0.11898148125 0.48020833281249997 0.20416666718749998 0.571875 0.20416666718749998
1 0.47911458281249997 0.0033333328125 0.47911458281249997 0.08101851875 0.5729166671875 0.08101851875 0.5729166671875 0.0033333328125 0.47911458281249997 0.0033333328125
1 0.48765625 0.12277777812499999 0.48765625 0.0393518515625 0.4290104171875 0.0393518515625 0.4290104171875 0.12277777812499999 0.48765625 0.12277777812499999
1 0.48234374999999996 0.2250925921875 0.48234374999999996 0.149259259375 0.4301041671875 0.149259259375 0.4301041671875 0.2250925921875 0.48234374999999996 0.2250925921875
1 0.43223958281249997 0.228796296875 0.43223958281249997 0.1738888890625 0.3895833328125 0.1738888890625 0.3895833328125 0.228796296875 0.43223958281249997 0.228796296875
1 0.4301041671875 0.1416666671875 0.4301041671875 0.0715740734375 0.38536458281249997 0.0715740734375 0.38536458281249997 0.1416666671875 0.4301041671875 0.1416666671875
1 0.3928125 0.0943518515625 0.3928125 0.0393518515625 0.3427083328125 0.0393518515625 0.3427083328125 0.0943518515625 0.3928125 0.0943518515625
1 0.3895833328125 0.16444444375 0.3895833328125 0.113240740625 0.3491145828125 0.113240740625 0.3491145828125 0.16444444375 0.3895833328125 0.16444444375
1 0.38536458281249997 0.2401851859375 0.38536458281249997 0.19092592656250001 0.3533854171875 0.19092592656250001 0.3533854171875 0.2401851859375 0.38536458281249997 0.2401851859375
1 0.35125 0.2553703703125 0.35125 0.20416666718749998 0.3256770828125 0.20416666718749998 0.3256770828125 0.2553703703125 0.35125 0.2553703703125
1 0.3256770828125 0.2553703703125 0.3256770828125 0.21555555625 0.30432291718750004 0.21555555625 0.30432291718750004 0.2553703703125 0.3256770828125 0.2553703703125
1 0.4034375 0.34249999999999997 0.4034375 0.30648148124999997 0.32671875 0.30648148124999997 0.32671875 0.34249999999999997 0.4034375 0.34249999999999997
1 0.3256770828125 0.331203703125 0.3256770828125 0.302777778125 0.3096875 0.302777778125 0.3096875 0.331203703125 0.3256770828125 0.331203703125
1 0.3384375 0.1416666671875 0.3384375 0.0886111109375 0.30432291718750004 0.0886111109375 0.30432291718750004 0.1416666671875 0.3384375 0.1416666671875
1 0.32671875 0.19092592656250001 0.32671875 0.1606481484375 0.30432291718750004 0.1606481484375 0.30432291718750004 0.19092592656250001 0.32671875 0.19092592656250001
1 0.3065104171875 0.248796296875 0.3065104171875 0.20712962968749998 0.278125 0.20712962968749998 0.278125 0.248796296875 0.3065104171875 0.248796296875
1 0.3003125 0.1984259265625 0.3003125 0.1753703703125 0.2744270828125 0.1753703703125 0.2744270828125 0.1984259265625 0.3003125 0.1984259265625
1 0.29911458281250003 0.16 0.29911458281250003 0.11944444375 0.2719791671875 0.11944444375 0.2719791671875 0.16 0.29911458281250003 0.16
1 0.2719791671875 0.16 0.2719791671875 0.1348148140625 0.2590104171875 0.1348148140625 0.2590104171875 0.16 0.2719791671875 0.16
1 0.2725520828125 0.2093518515625 0.2725520828125 0.179722221875 0.2688541671875 0.179722221875 0.2688541671875 0.2093518515625 0.2725520828125 0.2093518515625
1 0.2614583328125 0.21592592656249998 0.2614583328125 0.18194444375000002 0.2516145828125 0.18194444375000002 0.2516145828125 0.21592592656249998 0.2614583328125 0.21592592656249998
1 0.2731770828125 0.248796296875 0.2731770828125 0.2203703703125 0.26453125 0.2203703703125 0.26453125 0.248796296875 0.2731770828125 0.248796296875
1 0.2633333328125 0.2554629625 0.2633333328125 0.231296296875 0.2534375 0.231296296875 0.2534375 0.2554629625 0.2633333328125 0.2554629625
1 0.31140625 0.361759259375 0.31140625 0.344259259375 0.26578124999999997 0.344259259375 0.26578124999999997 0.361759259375 0.31140625 0.361759259375
1 0.26640625 0.35518518593750004 0.26640625 0.34203703750000003 0.2534375 0.34203703750000003 0.2534375 0.35518518593750004 0.26640625 0.35518518593750004
1 0.3188541671875 0.40888888906250004 0.3188541671875 0.383703703125 0.26515625 0.383703703125 0.26515625 0.40888888906250004 0.3188541671875 0.40888888906250004
1 0.0335416671875 0.449722221875 0.0335416671875 0.41370370312500004 0.0015625 0.41370370312500004 0.0015625 0.449722221875 0.0335416671875 0.449722221875
1 0.03671875 0.512222221875 0.03671875 0.468703703125 0.0005208328124999999 0.468703703125 0.0005208328124999999 0.512222221875 0.03671875 0.512222221875
1 0.2708333328125 0.0758333328125 0.2708333328125 0.0363888890625 0.2578645828125 0.0363888890625 0.2578645828125 0.0758333328125 0.2708333328125 0.0758333328125
1 0.2591145828125 0.0934259265625 0.2591145828125 0.057222221875 0.24802083281249998 0.057222221875 0.24802083281249998 0.0934259265625 0.2591145828125 0.0934259265625
1 0.3016666671875 0.0001851859375 0.3016666671875 0.03194444375 0.3368229171875 0.03194444375 0.3368229171875 0.0001851859375 0.3016666671875 0.0001851859375
2 0.3507291671875 0.5147222218749999 0.3507291671875 0.2609259265625 0.2684895828125 0.2609259265625 0.2684895828125 0.5147222218749999 0.3507291671875 0.5147222218749999
4 0.4775520828125 0.5138888890625 0.4775520828125 0.3251851859375 0.3213020828125 0.3251851859375 0.3213020828125 0.5138888890625 0.4775520828125 0.5138888890625
4 0.3263020828125 0.4809259265625 0.3263020828125 0.3198148140625 0.3077604171875 0.3198148140625 0.3077604171875 0.4809259265625 0.3263020828125 0.4809259265625