1 0.9246874999999999 0 0.9246874999999999 0.0666666671875 1 0.0666666671875 1 0 0.9246874999999999 0
1 0.11109374999999999 1 0.11109374999999999 0.9185416671875 0 0.9185416671875 0 1 0.11109374999999999 1
1 0.22999999999999998 0.9960416671875001 0.22999999999999998 0.9560416671875 0.108125 0.9560416671875 0.108125 0.9960416671875001 0.22999999999999998 0.9960416671875001
1 0.06953125 0.7547916671875 0.06953125 0.6516666671875 0.00078125 0.6516666671875 0.00078125 0.7547916671875 0.06953125 0.7547916671875
4 0.97984375 0.9981249999999999 0.97984375 0.4339583328125 0.564375 0.4339583328125 0.564375 0.9981249999999999 0.97984375 0.9981249999999999
4 1 0.45583333281250005 0.9134375 0.45583333281250005 0.9134375 0.9724999999999999 1 0.9724999999999999 1 0.45583333281250005
3 0.8035937499999999 0.2966666671875 0.8035937499999999 0.0283333328125 0.58203125 0.0283333328125 0.58203125 0.2966666671875 0.8035937499999999 0.2966666671875
3 0.9571875000000001 0.3239583328125 0.9571875000000001 0.080625 0.8053125 0.080625 0.8053125 0.3239583328125 0.9571875000000001 0.3239583328125
3 0.4234375 0.26937500000000003 0.4234375 0.144375 0.21359374999999997 0.144375 0.21359374999999997 0.26937500000000003 0.4234375 0.26937500000000003
3 0.28015625 0.6900000000000001 0.28015625 0.45125000000000004 0.0465625 0.45125000000000004 0.0465625 0.6900000000000001 0.28015625 0.6900000000000001
3 0.136875 0.30583333281249997 0.136875 0.1147916671875 0.00046875 0.1147916671875 0.00046875 0.30583333281249997 0.136875 0.30583333281249997
3 0.4146875 0.4295833328125 0.4146875 0.4139583328125 0.38453125 0.4139583328125 0.38453125 0.4295833328125 0.4146875 0.4295833328125
3 0.4146875 0.4414583328125 0.4146875 0.4295833328125 0.383125 0.4295833328125 0.383125 0.4414583328125 0.4146875 0.4414583328125
3 0.41187500000000005 0.45875000000000005 0.41187500000000005 0.4414583328125 0.383125 0.4414583328125 0.383125 0.45875000000000005 0.41187500000000005 0.45875000000000005
3 0.41187500000000005 0.4733333328125 0.41187500000000005 0.45875000000000005 0.38453125 0.45875000000000005 0.38453125 0.4733333328125 0.41187500000000005 0.4733333328125
3 0.38171875 0.4560416671875 0.38171875 0.43875000000000003 0.355 0.43875000000000003 0.355 0.4560416671875 0.38171875 0.4560416671875
3 0.38109375 0.4725 0.38109375 0.4579166671875 0.3515625 0.4579166671875 0.3515625 0.4725 0.38109375 0.4725
3 0.85609375 0.456875 0.85609375 0.4189583328125 0.7814062500000001 0.4189583328125 0.7814062500000001 0.456875 0.85609375 0.456875
3 0.8478125000000001 0.48208333281250004 0.8478125000000001 0.4614583328125 0.7790625 0.4614583328125 0.7790625 0.48208333281250004 0.8478125000000001 0.48208333281250004
3 0.91953125 0.4797916671875 0.91953125 0.446875 0.87921875 0.446875 0.87921875 0.4797916671875 0.91953125 0.4797916671875
3 0.8859375 0.47520833281249997 0.8859375 0.44875 0.8496874999999999 0.44875 0.8496874999999999 0.47520833281249997 0.8859375 0.47520833281249997
3 0.3125 0.425 0.3125 0.3975 0.19875 0.3975 0.19875 0.425 0.3125 0.425
3 0.3096875 0.4414583328125 0.3096875 0.4204166671875 0.20968749999999997 0.4204166671875 0.20968749999999997 0.4414583328125 0.3096875 0.4414583328125
3 0.3159375 0.48624999999999996 0.3159375 0.45062499999999994 0.26921875 0.45062499999999994 0.26921875 0.48624999999999996 0.3159375 0.48624999999999996