1 0.8457812499999999 0.6052777781249999 0.8457812499999999 0.5578703703125 0.6868229171875 0.5578703703125 0.6868229171875 0.6052777781249999 0.8457812499999999 0.6052777781249999
1 0.8555729171875001 0.6731481484375 0.8555729171875001 0.61944444375 0.6877083328125 0.61944444375 0.6877083328125 0.6731481484375 0.8555729171875001 0.6731481484375
1 0.99765625 0.7710185187499999 0.99765625 0.6841666671875 0.91953125 0.6841666671875 0.91953125 0.7710185187499999 0.99765625 0.7710185187499999
1 0.9266145828125 0.2958333328125 0.9266145828125 0.35583333281249996 0.9967708328124999 0.35583333281249996 0.9967708328124999 0.2958333328125 0.9266145828125 0.2958333328125
1 0.9958854171875 0.273703703125 0.9958854171875 0.185277778125 0.9292708328125 0.185277778125 0.9292708328125 0.273703703125 0.9958854171875 0.273703703125
1 0.9266145828125 0.2925925921875 0.9266145828125 0.22314814843750003 0.8751041671875001 0.22314814843750003 0.8751041671875001 0.2925925921875 0.9266145828125 0.2925925921875
1 0.8759895828125 0.3178703703125 0.8759895828125 0.2578703703125 0.8369270828125 0.2578703703125 0.8369270828125 0.3178703703125 0.8759895828125 0.3178703703125
1 0.83421875 0.335277778125 0.83421875 0.28472222187499996 0.809375 0.28472222187499996 0.809375 0.335277778125 0.83421875 0.335277778125
1 0.80140625 0.3478703703125 0.80140625 0.305277778125 0.7827083328125 0.305277778125 0.7827083328125 0.3478703703125 0.80140625 0.3478703703125
1 0.7596354171875 0.3541666671875 0.7596354171875 0.3115740734375 0.7427604171875 0.3115740734375 0.7427604171875 0.3541666671875 0.7596354171875 0.3541666671875
1 0.7418750000000001 0.3621296296875 0.7418750000000001 0.32101851875 0.7285416671875 0.32101851875 0.7285416671875 0.3621296296875 0.7418750000000001 0.3621296296875
1 0.7649479171875 0.10944444375 0.7649479171875 0.1521296296875 0.78453125 0.1521296296875 0.78453125 0.10944444375 0.7649479171875 0.10944444375
1 0.7880729171875 0.09055555625 0.7880729171875 0.1315740734375 0.809375 0.1315740734375 0.809375 0.09055555625 0.7880729171875 0.09055555625
1 0.809375 0.030555556249999997 0.809375 0.0858333328125 0.8529166671875 0.0858333328125 0.8529166671875 0.030555556249999997 0.809375 0.030555556249999997
1 0.0206770828125 0.033703703125 0.0206770828125 0.1821296296875 0.34578125000000004 0.1821296296875 0.34578125000000004 0.033703703125 0.0206770828125 0.033703703125
1 0.2373958328125 0.1821296296875 0.2373958328125 0.27055555625 0.42744791718749997 0.27055555625 0.42744791718749997 0.1821296296875 0.2373958328125 0.1821296296875
1 0.3404166671875 0.27055555625 0.3404166671875 0.305277778125 0.4674479171875 0.305277778125 0.4674479171875 0.27055555625 0.3404166671875 0.27055555625
3 0.9211458328125 0.5078703703125 0.9211458328125 0.4315740734375 0.89671875 0.4315740734375 0.89671875 0.5078703703125 0.9211458328125 0.5078703703125
3 0.8974479171875 0.47101851874999995 0.8974479171875 0.42898148125 0.87078125 0.42898148125 0.87078125 0.47101851874999995 0.8974479171875 0.47101851874999995
3 0.8989062499999999 0.5039814812500001 0.8989062499999999 0.47101851874999995 0.87078125 0.47101851874999995 0.87078125 0.5039814812500001 0.8989062499999999 0.5039814812500001
3 0.87375 0.498703703125 0.87375 0.47101851874999995 0.8471354171875 0.47101851874999995 0.8471354171875 0.498703703125 0.87375 0.498703703125
3 0.91375 0.6289814812500001 0.91375 0.5224074078125 0.8538020828124999 0.5224074078125 0.8538020828124999 0.6289814812500001 0.91375 0.6289814812500001
3 0.8989062499999999 0.6368518515625 0.8989062499999999 0.5868518515625001 0.87375 0.5868518515625001 0.87375 0.6368518515625 0.8989062499999999 0.6368518515625
3 0.9226041671875 0.65 0.9226041671875 0.5974074078125 0.8989062499999999 0.5974074078125 0.8989062499999999 0.65 0.9226041671875 0.65
3 0.3127604171875 0.7078703703125 0.3127604171875 0.6171296296875 0.1602604171875 0.6171296296875 0.1602604171875 0.7078703703125 0.3127604171875 0.7078703703125
3 0.31864583281250003 0.7841666671875 0.31864583281250003 0.675 0.1580729171875 0.675 0.1580729171875 0.7841666671875 0.31864583281250003 0.7841666671875
3 0.31864583281250003 0.8289814812499999 0.31864583281250003 0.7315740734375 0.23723958281250002 0.7315740734375 0.23723958281250002 0.8289814812499999 0.31864583281250003 0.8289814812499999
3 0.2609375 0.8921296296874999 0.2609375 0.7710185187499999 0.0788541671875 0.7710185187499999 0.0788541671875 0.8921296296874999 0.2609375 0.8921296296874999
3 0.21359374999999997 0.984722221875 0.21359374999999997 0.826296296875 0.1343229171875 0.826296296875 0.1343229171875 0.984722221875 0.21359374999999997 0.984722221875
3 0.1279166671875 0.9620370375 0.1279166671875 0.7876851859375 0.0021354171875 0.7876851859375 0.0021354171875 0.9620370375 0.1279166671875 0.9620370375
3 0.1364583328125 0.9979629624999999 0.1364583328125 0.9184259265625 0.0010937499999999999 0.9184259265625 0.0010937499999999999 0.9979629624999999 0.1364583328125 0.9979629624999999
3 0.13218749999999999 0.5754629625 0.13218749999999999 0.45046296249999995 0.0234895828125 0.45046296249999995 0.0234895828125 0.5754629625 0.13218749999999999 0.5754629625
3 0.1364583328125 0.70055555625 0.1364583328125 0.560277778125 0.0223958328125 0.560277778125 0.0223958328125 0.70055555625 0.1364583328125 0.70055555625
3 0.0021354171875 0.44666666718750003 0.0021354171875 0.5830555562499999 0.027760417187500004 0.5830555562499999 0.027760417187500004 0.44666666718750003 0.0021354171875 0.44666666718750003
3 0.0266666671875 0.7156481484375 0.0266666671875 0.5716666671875 0.0010937499999999999 0.5716666671875 0.0010937499999999999 0.7156481484375 0.0266666671875 0.7156481484375
3 0.2344791671875 0.5470370375 0.2344791671875 0.45416666718750004 0.11937500000000001 0.45416666718750004 0.11937500000000001 0.5470370375 0.2344791671875 0.5470370375
3 0.23343750000000002 0.6399074078125 0.23343750000000002 0.5375925921875 0.1332291671875 0.5375925921875 0.1332291671875 0.6399074078125 0.23343750000000002 0.6399074078125
3 0.2898958328125 0.543240740625 0.2898958328125 0.44666666718750003 0.22171875000000002 0.44666666718750003 0.22171875000000002 0.543240740625 0.2898958328125 0.543240740625
3 0.28781249999999997 0.6095370375 0.28781249999999997 0.526203703125 0.22598958281249998 0.526203703125 0.22598958281249998 0.6095370375 0.28781249999999997 0.6095370375
3 0.3368229171875 0.5906481484375 0.3368229171875 0.516759259375 0.27395833281250004 0.516759259375 0.27395833281250004 0.5906481484375 0.3368229171875 0.5906481484375
3 0.3602604171875 0.67398148125 0.3602604171875 0.5906481484375 0.3155208328125 0.5906481484375 0.3155208328125 0.67398148125 0.3602604171875 0.67398148125
3 0.3538541671875 0.7346296296875 0.3538541671875 0.6493518515625001 0.31765625000000003 0.6493518515625001 0.31765625000000003 0.7346296296875 0.3538541671875 0.7346296296875
3 0.3538541671875 0.7858333328125 0.3538541671875 0.7118518515625001 0.3155208328125 0.7118518515625001 0.3155208328125 0.7858333328125 0.3538541671875 0.7858333328125
3 0.37942708281250004 0.73648148125 0.37942708281250004 0.6759259265625001 0.3495833328125 0.6759259265625001 0.3495833328125 0.73648148125 0.37942708281250004 0.73648148125
3 0.39114583281250004 0.7024074078125 0.39114583281250004 0.643703703125 0.3506770828125 0.643703703125 0.3506770828125 0.7024074078125 0.39114583281250004 0.7024074078125
3 0.4125 0.6815740734375 0.4125 0.6361111109375 0.3730729171875 0.6361111109375 0.3730729171875 0.6815740734375 0.4125 0.6815740734375
3 0.42848958281250005 0.6304629625 0.42848958281250005 0.5698148140625 0.35921875000000003 0.5698148140625 0.35921875000000003 0.6304629625 0.42848958281250005 0.6304629625
3 0.43276041718749997 0.6835185187499999 0.43276041718749997 0.6190740734375 0.40505208281250005 0.6190740734375 0.40505208281250005 0.6835185187499999 0.43276041718749997 0.6835185187499999
3 0.44020833281250005 0.6133333328125 0.44020833281250005 0.560277778125 0.41994791718749996 0.560277778125 0.41994791718749996 0.6133333328125 0.44020833281250005 0.6133333328125
3 0.45083333281250004 0.643703703125 0.45083333281250004 0.5962962968750001 0.42739583281250004 0.5962962968750001 0.42739583281250004 0.643703703125 0.45083333281250004 0.643703703125
3 0.47432291718749997 0.6209259265625 0.47432291718749997 0.5224074078125 0.44447916718749997 0.5224074078125 0.44447916718749997 0.6209259265625 0.47432291718749997 0.6209259265625
3 0.2898958328125 0.4238888890625 0.2898958328125 0.5281481484375 0.40078125 0.5281481484375 0.40078125 0.4238888890625 0.2898958328125 0.4238888890625
3 0.4297395828125 0.4841666671875 0.4297395828125 0.44000000000000006 0.3897395828125 0.44000000000000006 0.3897395828125 0.4841666671875 0.4297395828125 0.4841666671875
3 0.42885416718749997 0.5221296296875 0.42885416718749997 0.4841666671875 0.3959895828125 0.4841666671875 0.3959895828125 0.5221296296875 0.42885416718749997 0.5221296296875
3 0.44838541718749997 0.5158333328125 0.44838541718749997 0.4731481484375 0.43062500000000004 0.4731481484375 0.43062500000000004 0.5158333328125 0.44838541718749997 0.5158333328125
3 0.48656249999999995 0.57101851875 0.48656249999999995 0.5378703703125 0.47145833281250005 0.5378703703125 0.47145833281250005 0.57101851875 0.48656249999999995 0.57101851875
3 0.48921875000000004 0.5868518515625001 0.48921875000000004 0.5662962968749999 0.4758854171875 0.5662962968749999 0.4758854171875 0.5868518515625001 0.48921875000000004 0.5868518515625001
3 0.4341666671875 0.45259259218750003 0.4341666671875 0.46842592656250004 0.464375 0.46842592656250004 0.464375 0.45259259218750003 0.4341666671875 0.45259259218750003
3 0.4652604171875 0.45898148125000005 0.4652604171875 0.42740740781250003 0.4359375 0.42740740781250003 0.4359375 0.45898148125000005 0.4652604171875 0.45898148125000005
3 0.47854166718749996 0.504722221875 0.47854166718749996 0.42898148125 0.46078125 0.42898148125 0.46078125 0.504722221875 0.47854166718749996 0.504722221875
3 0.5611458328125 0.5268518515625 0.5611458328125 0.49055555625 0.5389583328125 0.49055555625 0.5389583328125 0.5268518515625 0.5611458328125 0.5268518515625
3 0.8178645828125 0.48898148125 0.8178645828125 0.44944444375000003 0.7903125 0.44944444375000003 0.7903125 0.48898148125 0.8178645828125 0.48898148125