1 0.7625 0.62375 0.7625 0.8120833328125 0.9981249999999999 0.8120833328125 0.9981249999999999 0.62375 0.7625 0.62375
1 0.7778125 0.696875 0.7778125 0.6070833328125 0.6951562499999999 0.6070833328125 0.6951562499999999 0.696875 0.7778125 0.696875
1 0.7009375 0.7954166671875 0.7009375 0.6595833328125 0.53171875 0.6595833328125 0.53171875 0.7954166671875 0.7009375 0.7954166671875
1 0.5346875 0.87375 0.5346875 0.7262500000000001 0.25187499999999996 0.7262500000000001 0.25187499999999996 0.87375 0.5346875 0.87375
1 0.44234375000000004 0 0.44234375000000004 0.10187500000000001 0.70390625 0.10187500000000001 0.70390625 0 0.44234375000000004 0
1 0.20484375 0.2545833328125 0.20484375 0.0147916671875 0.00390625 0.0147916671875 0.00390625 0.2545833328125 0.20484375 0.2545833328125
1 0.7903125 0.1558333328125 0.7903125 0.0339583328125 0.6326562499999999 0.0339583328125 0.6326562499999999 0.1558333328125 0.7903125 0.1558333328125
1 0.68359375 0 0.68359375 0.0416666671875 0.785625 0.0416666671875 0.785625 0 0.68359375 0
1 0.8442187499999999 0.1185416671875 0.8442187499999999 0.0379166671875 0.7759375000000001 0.0379166671875 0.7759375000000001 0.1185416671875 0.8442187499999999 0.1185416671875
1 0.8403124999999999 0.200625 0.8403124999999999 0.11729166718749999 0.775 0.11729166718749999 0.775 0.200625 0.8403124999999999 0.200625
1 0.8846875000000001 0.2391666671875 0.8846875000000001 0.17124999999999999 0.84609375 0.17124999999999999 0.84609375 0.2391666671875 0.8846875000000001 0.2391666671875
1 0.914375 0.25833333281250004 0.914375 0.1929166671875 0.8759375 0.1929166671875 0.8759375 0.25833333281250004 0.914375 0.25833333281250004
1 0.85859375 0.146875 0.85859375 0.2160416671875 0.9153125 0.2160416671875 0.9153125 0.146875 0.85859375 0.146875
1 0.7990625 0.0083333328125 0.7990625 0.0891666671875 0.90390625 0.0891666671875 0.90390625 0.0083333328125 0.7990625 0.0083333328125
2 0.9923437500000001 0.5545833328125 0.9923437500000001 0.21354166718749998 0.89140625 0.21354166718749998 0.89140625 0.5545833328125 0.9923437500000001 0.5545833328125
1 0.0017187500000000002 0.6602083328125 0.0017187500000000002 0.8072916671874999 0.19296875 0.8072916671874999 0.19296875 0.6602083328125 0.0017187500000000002 0.6602083328125
1 0.006875000000000001 0.8004166671874999 0.006875000000000001 0.9016666671875001 0.19125 0.9016666671875001 0.19125 0.8004166671874999 0.006875000000000001 0.8004166671874999
1 0.01546875 0.8808333328125 0.01546875 0.9706250000000001 0.206875 0.9706250000000001 0.206875 0.8808333328125 0.01546875 0.8808333328125