1 0.5584895828125 0.573703703125 0.5584895828125 0.5447222218750001 0.5036979171875 0.5447222218750001 0.5036979171875 0.573703703125 0.5584895828125 0.573703703125
1 0.5022395828125 0.5775925921875 0.5022395828125 0.5447222218750001 0.4474479171875 0.5447222218750001 0.4474479171875 0.5775925921875 0.5022395828125 0.5775925921875
1 0.44302083281250004 0.5802777781249999 0.44302083281250004 0.5487037031249999 0.3919270828125 0.5487037031249999 0.3919270828125 0.5802777781249999 0.44302083281250004 0.5802777781249999
1 0.9070833328125 0.3408333328125 0.9070833328125 0.201296296875 0.7545833328125 0.201296296875 0.7545833328125 0.3408333328125 0.9070833328125 0.3408333328125
1 0.90265625 0.4184259265625 0.90265625 0.3 0.7597916671875 0.3 0.7597916671875 0.4184259265625 0.90265625 0.4184259265625
1 0.7620312499999999 0.42101851874999996 0.7620312499999999 0.35 0.6961458328125001 0.35 0.6961458328125001 0.42101851874999996 0.7620312499999999 0.42101851874999996
1 0.7013020828125 0.4328703703125 0.7013020828125 0.37101851875 0.6554166671874999 0.37101851875 0.6554166671874999 0.4328703703125 0.7013020828125 0.4328703703125
1 0.70203125 0.39342592656250003 0.70203125 0.3315740734375 0.6576562499999999 0.3315740734375 0.6576562499999999 0.39342592656250003 0.70203125 0.39342592656250003
1 0.660625 0.43555555625000003 0.660625 0.39601851875 0.6361979171875001 0.39601851875 0.6361979171875001 0.43555555625000003 0.660625 0.43555555625000003
1 0.6717187499999999 0.3171296296875 0.6717187499999999 0.25259259218749996 0.63171875 0.25259259218749996 0.63171875 0.3171296296875 0.6717187499999999 0.3171296296875
1 0.6472916671875 0.2416666671875 0.6472916671875 0.17101851875000001 0.6138541671875 0.17101851875000001 0.6138541671875 0.2416666671875 0.6472916671875 0.2416666671875
1 0.6155729171875 0.27064814843749996 0.6155729171875 0.21194444375 0.6031770828125 0.21194444375 0.6031770828125 0.27064814843749996 0.6155729171875 0.27064814843749996
1 0.6022916671874999 0.2820370375 0.6022916671874999 0.23944444374999999 0.59375 0.23944444374999999 0.59375 0.2820370375 0.6022916671874999 0.2820370375
1 0.36234375 0.6925 0.36234375 0.6319444437499999 0.2343229171875 0.6319444437499999 0.2343229171875 0.6925 0.36234375 0.6925
1 0.359375 0.3586111109375 0.359375 0.3258333328125 0.33541666718749996 0.3258333328125 0.33541666718749996 0.3586111109375 0.359375 0.3586111109375
1 0.3388020828125 0.3479629625 0.3388020828125 0.30601851875 0.3105729171875 0.30601851875 0.3105729171875 0.3479629625 0.3388020828125 0.3479629625
1 0.3109895828125 0.3296296296875 0.3109895828125 0.2771296296875 0.268125 0.2771296296875 0.268125 0.3296296296875 0.3109895828125 0.3296296296875
1 0.2703125 0.30907407343750004 0.2703125 0.2443518515625 0.2240104171875 0.2443518515625 0.2240104171875 0.30907407343750004 0.2703125 0.30907407343750004
1 0.21916666718750002 0.15 0.21916666718750002 0.2178703703125 0.26890625 0.2178703703125 0.26890625 0.15 0.21916666718750002 0.15
1 0.1463541671875 0.18 0.1463541671875 0.2826851859375 0.22005208281250002 0.2826851859375 0.22005208281250002 0.18 0.1463541671875 0.18
1 0.0035416671875 0.10027777812500001 0.0035416671875 0.2443518515625 0.14906250000000001 0.2443518515625 0.14906250000000001 0.10027777812500001 0.0035416671875 0.10027777812500001
1 0.24005208281249998 0 0.24005208281249998 0.0759259265625 0.3067708328125 0.0759259265625 0.3067708328125 0 0.24005208281249998 0
1 0.3380729171875 0.1325 0.3380729171875 0.0509259265625 0.3077083328125 0.0509259265625 0.3077083328125 0.1325 0.3380729171875 0.1325
1 0.7930729171875 0.9670370374999999 0.7930729171875 0.8154629625 0.7148958328125 0.8154629625 0.7148958328125 0.9670370374999999 0.7930729171875 0.9670370374999999
1 0.72203125 0.8297222218750001 0.72203125 0.73648148125 0.6749479171874999 0.73648148125 0.6749479171874999 0.8297222218750001 0.72203125 0.8297222218750001
1 0.68203125 0.77444444375 0.68203125 0.68444444375 0.6509375000000001 0.68444444375 0.6509375000000001 0.77444444375 0.68203125 0.77444444375
1 0.7877083328125 0.660740740625 0.7877083328125 0.5833333328125 0.6740625 0.5833333328125 0.6740625 0.660740740625 0.7877083328125 0.660740740625
1 0.61875 0.48509259218749995 0.61875 0.45231481406249996 0.6024479171875 0.45231481406249996 0.6024479171875 0.48509259218749995 0.61875 0.48509259218749995
1 0.6088541671875001 0.47361111093749997 0.6088541671875001 0.44925925937500005 0.5939062500000001 0.44925925937500005 0.5939062500000001 0.47361111093749997 0.6088541671875001 0.47361111093749997
1 0.6135937499999999 0.5725925921874999 0.6135937499999999 0.5429629625 0.5981770828124999 0.5429629625 0.5981770828124999 0.5725925921874999 0.6135937499999999 0.5725925921874999
1 0.6495833328125 0.60305555625 0.6495833328125 0.5626851859374999 0.6135937499999999 0.5626851859374999 0.6135937499999999 0.60305555625 0.6495833328125 0.60305555625
1 0.6109895828125 0.61601851875 0.6109895828125 0.5695370375000001 0.59859375 0.5695370375000001 0.59859375 0.61601851875 0.6109895828125 0.61601851875
1 0.6513020828125 0.6388888890625 0.6513020828125 0.5924074078125 0.6105729171875 0.5924074078125 0.6105729171875 0.6388888890625 0.6513020828125 0.6388888890625
1 0.9995312500000001 0.29898148125 0.9995312500000001 0.12842592656250001 0.8908333328125 0.12842592656250001 0.8908333328125 0.29898148125 0.9995312500000001 0.29898148125
1 0.9995312500000001 0.39898148125 0.9995312500000001 0.25351851875000003 0.90234375 0.25351851875000003 0.90234375 0.39898148125 0.9995312500000001 0.39898148125
2 0.3456770828125 0.43398148125 0.3456770828125 0.575 0.3860416671875 0.575 0.3860416671875 0.43398148125 0.3456770828125 0.43398148125
3 0.11078125000000001 0.5549074078125 0.11078125000000001 0.49972222187500004 0.06901041718749999 0.49972222187500004 0.06901041718749999 0.5549074078125 0.11078125000000001 0.5549074078125
3 0.17916666718750002 0.53601851875 0.17916666718750002 0.48231481406250004 0.12322916718750002 0.48231481406250004 0.12322916718750002 0.53601851875 0.17916666718750002 0.53601851875
3 0.0752604171875 0.671759259375 0.0752604171875 0.6086111109375001 0.0059895828125 0.6086111109375001 0.0059895828125 0.671759259375 0.0752604171875 0.671759259375