1 1 0.48375 0.8592187499999999 0.48375 0.8592187499999999 0.575 1 0.575 1 0.48375
1 0.7009375 0.3104166671875 0.7009375 0.2764583328125 0.56703125 0.2764583328125 0.56703125 0.3104166671875 0.7009375 0.3104166671875
1 0.69796875 0.36124999999999996 0.69796875 0.3260416671875 0.56703125 0.3260416671875 0.56703125 0.36124999999999996 0.69796875 0.36124999999999996
1 0.69015625 0.3533333328125 0.69015625 0.40416666718750005 0.76734375 0.40416666718750005 0.76734375 0.3533333328125 0.69015625 0.3533333328125
1 0.69796875 0.2920833328125 0.69796875 0.3389583328125 0.77421875 0.3389583328125 0.77421875 0.2920833328125 0.69796875 0.2920833328125
1 0.6910937500000001 0.41333333281250006 0.6910937500000001 0.469375 0.764375 0.469375 0.764375 0.41333333281250006 0.6910937500000001 0.41333333281250006
1 0.61 0.379375 0.61 0.4172916671875 0.69703125 0.4172916671875 0.69703125 0.379375 0.61 0.379375
1 0.08015625 0.348125 0.08015625 0.43166666718749996 0.29421875000000003 0.43166666718749996 0.29421875000000003 0.348125 0.08015625 0.348125
1 0.7340625000000001 0.0979166671875 0.7340625000000001 0.1227083328125 0.79375 0.1227083328125 0.79375 0.0979166671875 0.7340625000000001 0.0979166671875
1 0.7262500000000001 0.074375 0.7262500000000001 0.0927083328125 0.79375 0.0927083328125 0.79375 0.074375 0.7262500000000001 0.074375
2 0.8442187499999999 0.5120833328125001 0.8442187499999999 0.2185416671875 0.7528125 0.2185416671875 0.7528125 0.5120833328125001 0.8442187499999999 0.5120833328125001
2 0.614375 0.4135416671875 0.614375 0.21354166718749998 0.5326562499999999 0.21354166718749998 0.5326562499999999 0.4135416671875 0.614375 0.4135416671875
4 0.90390625 0.27125 0.90390625 0.1929166671875 0.7778125 0.1929166671875 0.7778125 0.27125 0.90390625 0.27125
1 0.30625 0.3483333328125 0.30625 0.3783333328125 0.365625 0.3783333328125 0.365625 0.3483333328125 0.30625 0.3483333328125