1 0.51765625 0.0054166671875 0.51765625 0.1304166671875 0.76828125 0.1304166671875 0.76828125 0.0054166671875 0.51765625 0.0054166671875
1 0.50734375 0.0054166671875 0.50734375 0.053125 0.67796875 0.053125 0.67796875 0.0054166671875 0.50734375 0.0054166671875
1 0.67625 0.0804166671875 0.67625 0.2008333328125 0.83828125 0.2008333328125 0.83828125 0.0804166671875 0.67625 0.0804166671875
1 0.8228125000000001 0.135 0.8228125000000001 0.1985416671875 0.9354687500000001 0.1985416671875 0.9354687500000001 0.135 0.8228125000000001 0.135
1 0.739375 0.2077083328125 0.739375 0.2804166671875 0.9337500000000001 0.2804166671875 0.9337500000000001 0.2077083328125 0.739375 0.2077083328125
1 0.87921875 0.28958333281250004 0.87921875 0.3441666671875 0.99515625 0.3441666671875 0.99515625 0.28958333281250004 0.87921875 0.28958333281250004
4 0.210625 0.8827083328124999 0.210625 0.17875000000000002 0.00390625 0.17875000000000002 0.00390625 0.8827083328124999 0.210625 0.8827083328124999
3 0.47625 0.3960416671875 0.47625 0.2552083328125 0.22562500000000002 0.2552083328125 0.22562500000000002 0.3960416671875 0.47625 0.3960416671875
3 0.63328125 0.42895833281250006 0.63328125 0.2460416671875 0.42109375 0.2460416671875 0.42109375 0.42895833281250006 0.63328125 0.42895833281250006
3 0.694375 0.4527083328125 0.694375 0.3802083328125 0.62328125 0.3802083328125 0.62328125 0.4527083328125 0.694375 0.4527083328125
3 0.7457812500000001 0.40791666718749997 0.7457812500000001 0.3408333328125 0.6342187499999999 0.3408333328125 0.6342187499999999 0.40791666718749997 0.7457812500000001 0.40791666718749997
3 0.7457812500000001 0.460625 0.7457812500000001 0.40791666718749997 0.6825 0.40791666718749997 0.6825 0.460625 0.7457812500000001 0.460625
3 0.7970312500000001 0.4329166671875 0.7970312500000001 0.36583333281249997 0.75453125 0.36583333281249997 0.75453125 0.4329166671875 0.7970312500000001 0.4329166671875
3 0.795 0.47625 0.795 0.43166666718749996 0.7496875000000001 0.43166666718749996 0.7496875000000001 0.47625 0.795 0.47625
3 0.8295312499999999 0.4408333328125 0.8295312499999999 0.38687499999999997 0.8009375000000001 0.38687499999999997 0.8009375000000001 0.4408333328125 0.8295312499999999 0.4408333328125
3 0.8295312499999999 0.48687500000000006 0.8295312499999999 0.4408333328125 0.79109375 0.4408333328125 0.79109375 0.48687500000000006 0.8295312499999999 0.48687500000000006
3 0.8690625000000001 0.45520833281249995 0.8690625000000001 0.40395833281250004 0.8276562500000001 0.40395833281250004 0.8276562500000001 0.45520833281249995 0.8690625000000001 0.45520833281249995
3 0.8690625000000001 0.5066666671875 0.8690625000000001 0.45520833281249995 0.8207812499999999 0.45520833281249995 0.8207812499999999 0.5066666671875 0.8690625000000001 0.5066666671875
3 0.8917187500000001 0.4683333328125 0.8917187500000001 0.4158333328125 0.8729687500000001 0.4158333328125 0.8729687500000001 0.4683333328125 0.8917187500000001 0.4683333328125
3 0.8928125 0.5079166671875 0.8928125 0.4683333328125 0.86421875 0.4683333328125 0.86421875 0.5079166671875 0.8928125 0.5079166671875
3 0.9628125000000001 0.5131249999999999 0.9628125000000001 0.4408333328125 0.8770312499999999 0.4408333328125 0.8770312499999999 0.5131249999999999 0.9628125000000001 0.5131249999999999
3 0.99140625 0.5 0.99140625 0.47375 0.9589062500000001 0.47375 0.9589062500000001 0.5 0.99140625 0.5
3 0.65796875 0.59875 0.65796875 0.5222916671875 0.4496875 0.5222916671875 0.4496875 0.59875 0.65796875 0.59875
3 0.46343750000000006 0.5856250000000001 0.46343750000000006 0.5079166671875 0.33718750000000003 0.5079166671875 0.33718750000000003 0.5856250000000001 0.46343750000000006 0.5856250000000001
3 0.355 0.57625 0.355 0.49874999999999997 0.1753125 0.49874999999999997 0.1753125 0.57625 0.355 0.57625
3 0.50390625 0.6933333328125 0.50390625 0.5777083328125 0.22671875 0.5777083328125 0.22671875 0.6933333328125 0.50390625 0.6933333328125
3 0.70125 0.67375 0.70125 0.5856250000000001 0.49109375 0.5856250000000001 0.49109375 0.67375 0.70125 0.67375
3 0.81578125 0.6027083328125 0.81578125 0.5472916671875 0.718125 0.5472916671875 0.718125 0.6027083328125 0.81578125 0.6027083328125
3 0.81578125 0.6447916671875 0.81578125 0.6027083328125 0.7259375 0.6027083328125 0.7259375 0.6447916671875 0.81578125 0.6447916671875
3 0.8384375000000001 0.6408333328125 0.8384375000000001 0.6052083328125 0.8 0.6052083328125 0.8 0.6408333328125 0.8384375000000001 0.6408333328125
3 0.8660937499999999 0.6433333328125 0.8660937499999999 0.6027083328125 0.8425 0.6027083328125 0.8425 0.6433333328125 0.8660937499999999 0.6433333328125
3 0.90171875 0.563125 0.90171875 0.5329166671875 0.79015625 0.5329166671875 0.79015625 0.563125 0.90171875 0.563125
3 0.89875 0.6 0.89875 0.5658333328125 0.79015625 0.5658333328125 0.79015625 0.6 0.89875 0.6
3 0.900625 0.639375 0.900625 0.6012500000000001 0.875 0.6012500000000001 0.875 0.639375 0.900625 0.639375
3 0.9253125000000001 0.5683333328125 0.9253125000000001 0.5341666671875 0.8996875 0.5341666671875 0.8996875 0.5683333328125 0.9253125000000001 0.5683333328125
3 0.9253125000000001 0.6039583328125 0.9253125000000001 0.5683333328125 0.900625 0.5683333328125 0.900625 0.6039583328125 0.9253125000000001 0.6039583328125
3 0.9243750000000001 0.6447916671875 0.9243750000000001 0.6039583328125 0.89765625 0.6039583328125 0.89765625 0.6447916671875 0.9243750000000001 0.6447916671875
3 0.943125 0.6341666671875 0.943125 0.6 0.9232812499999999 0.6 0.9232812499999999 0.6341666671875 0.943125 0.6341666671875
3 0.9746874999999999 0.5972916671874999 0.9746874999999999 0.5683333328125 0.9154687499999999 0.5683333328125 0.9154687499999999 0.5972916671874999 0.9746874999999999 0.5972916671874999
3 0.9746874999999999 0.6368750000000001 0.9746874999999999 0.6052083328125 0.94015625 0.6052083328125 0.94015625 0.6368750000000001 0.9746874999999999 0.6368750000000001