1 0.5028125 0.9189583328125 0.5028125 0.7254166671875 0.01578125 0.7254166671875 0.01578125 0.9189583328125 0.5028125 0.9189583328125
1 0.9959374999999999 0.7008333328125 0.9959374999999999 0.6435416671875 0.87921875 0.6435416671875 0.87921875 0.7008333328125 0.9959374999999999 0.7008333328125
1 0.76875 0.6652083328125 0.76875 0.61625 0.65828125 0.61625 0.65828125 0.6652083328125 0.76875 0.6652083328125
1 0.64390625 0.2479166671875 0.64390625 0.08687500000000001 0.40859375 0.08687500000000001 0.40859375 0.2479166671875 0.64390625 0.2479166671875
2 0.7542187499999999 0.4095833328125 0.7542187499999999 0.6814583328125 0.8517187500000001 0.6814583328125 0.8517187500000001 0.4095833328125 0.7542187499999999 0.4095833328125
4 0.40765624999999994 0.5635416671875 0.40765624999999994 0.3852083328125 0.21828124999999998 0.3852083328125 0.21828124999999998 0.5635416671875 0.40765624999999994 0.5635416671875
3 0.25421875 0.5591666671875 0.25421875 0.48562500000000003 0.10625 0.48562500000000003 0.10625 0.5591666671875 0.25421875 0.5591666671875
3 0.25328125 0.6027083328125 0.25328125 0.5591666671875 0.11703125 0.5591666671875 0.11703125 0.6027083328125 0.25328125 0.6027083328125
3 0.35 0.564375 0.35 0.4960416671875 0.25421875 0.4960416671875 0.25421875 0.564375 0.35 0.564375
3 0.34796875 0.6079166671875 0.34796875 0.5710416671874999 0.263125 0.5710416671874999 0.263125 0.6079166671875 0.34796875 0.6079166671875
3 0.205 0.38416666718750003 0.205 0.339375 0.03625 0.339375 0.03625 0.38416666718750003 0.205 0.38416666718750003
1 0.8875 0.6799999999999999 0.8875 0.6395833328125 0.84828125 0.6395833328125 0.84828125 0.6799999999999999 0.8875 0.6799999999999999