3 0.3978125 0.0010416671875 0.3978125 0.32375 0.67859375 0.32375 0.67859375 0.0010416671875 0.3978125 0.0010416671875
3 0.67671875 0.1829166671875 0.67671875 0.311875 0.868125 0.311875 0.868125 0.1829166671875 0.67671875 0.1829166671875
3 0.6865625 0.2920833328125 0.6865625 0.4341666671875 0.86015625 0.4341666671875 0.86015625 0.2920833328125 0.6865625 0.2920833328125
3 0.8571875 0.3183333328125 0.8571875 0.4341666671875 0.93125 0.4341666671875 0.93125 0.3183333328125 0.8571875 0.3183333328125
3 0.99546875 0.4 0.99546875 0.3552083328125 0.93515625 0.3552083328125 0.93515625 0.4 0.99546875 0.4
3 0.999375 0.3552083328125 0.999375 0.31979166718749996 0.938125 0.31979166718749996 0.938125 0.3552083328125 0.999375 0.3552083328125
3 0.99828125 0.688125 0.99828125 0.5091666671875 0.8553124999999999 0.5091666671875 0.8553124999999999 0.688125 0.99828125 0.688125
3 0.9696875 0.6972916671875 0.9696875 0.6118750000000001 0.91640625 0.6118750000000001 0.91640625 0.6972916671875 0.9696875 0.6972916671875
3 0.89578125 0.6341666671875 0.89578125 0.5329166671875 0.8207812499999999 0.5329166671875 0.8207812499999999 0.6341666671875 0.89578125 0.6341666671875
3 0.8946875000000001 0.714375 0.8946875000000001 0.6131249999999999 0.811875 0.6131249999999999 0.811875 0.714375 0.8946875000000001 0.714375
3 0.8246874999999999 0.635625 0.8246874999999999 0.5237499999999999 0.5276562499999999 0.5237499999999999 0.5276562499999999 0.635625 0.8246874999999999 0.635625
3 0.81671875 0.7277083328125 0.81671875 0.6329166671875 0.6520312500000001 0.6329166671875 0.6520312500000001 0.7277083328125 0.81671875 0.7277083328125
3 0.7259375 0.7460416671875 0.7259375 0.6447916671875 0.55234375 0.6447916671875 0.55234375 0.7460416671875 0.7259375 0.7460416671875
3 0.5621875000000001 0.7933333328125001 0.5621875000000001 0.610625 0.28578125 0.610625 0.28578125 0.7933333328125001 0.5621875000000001 0.7933333328125001
3 0.42125 0.8516666671875001 0.42125 0.6575 0.13484374999999998 0.6575 0.13484374999999998 0.8516666671875001 0.42125 0.8516666671875001
3 0.006562500000000001 0.160625 0.006562500000000001 0.47895833281250005 0.094375 0.47895833281250005 0.094375 0.160625 0.006562500000000001 0.160625
3 0.00453125 0.41187500000000005 0.00453125 0.6920833328125 0.06281250000000001 0.6920833328125 0.06281250000000001 0.41187500000000005 0.00453125 0.41187500000000005
3 0.0035937499999999997 0.67625 0.0035937499999999997 0.9183333328125001 0.050937500000000004 0.9183333328125001 0.050937500000000004 0.67625 0.0035937499999999997 0.67625