1 0.909375 0.43231481406250005 0.909375 0.30990740781250004 0.74875 0.30990740781250004 0.74875 0.43231481406250005 0.909375 0.43231481406250005
1 1 0.2733333328125 0.9033854171875 0.2733333328125 0.9033854171875 0.4188888890625 1 0.4188888890625 1 0.2733333328125
1 0.7581770828125001 0.4349074078125 0.7581770828125001 0.3586111109375 0.6738020828125 0.3586111109375 0.6738020828125 0.4349074078125 0.7581770828125001 0.4349074078125
1 0.6797395828125 0.44148148125000003 0.6797395828125 0.382222221875 0.63015625 0.382222221875 0.63015625 0.44148148125000003 0.6797395828125 0.44148148125000003
1 0.63015625 0.45064814843749995 0.63015625 0.3954629625 0.5953645828125 0.3954629625 0.5953645828125 0.45064814843749995 0.63015625 0.45064814843749995
1 0.6205208328125 0.7125 0.6205208328125 0.6440740734375 0.585 0.6440740734375 0.585 0.7125 0.6205208328125 0.7125
1 0.8891145828125 0.8225 0.8891145828125 0.6595370375 0.76015625 0.6595370375 0.76015625 0.8225 0.8891145828125 0.8225
1 0.76125 0.94305555625 0.76125 0.7861111109375 0.6819270828125 0.7861111109375 0.6819270828125 0.94305555625 0.76125 0.94305555625
1 0.8341145828125001 0.9999074078125 0.8341145828125001 0.9066666671875 0.7638020828125 0.9066666671875 0.7638020828125 0.9999074078125 0.8341145828125001 0.9999074078125
1 0.0002604171875 0.0586111109375 0.0002604171875 0.21768518593750003 0.1179166671875 0.21768518593750003 0.1179166671875 0.0586111109375 0.0002604171875 0.0586111109375
1 0.11151041718750002 0.16768518593749998 0.11151041718750002 0.2859259265625 0.19979166718750002 0.2859259265625 0.19979166718750002 0.16768518593749998 0.11151041718750002 0.16768518593749998
1 0.2002083328125 0.24185185156250003 0.2002083328125 0.3128703703125 0.2483333328125 0.3128703703125 0.2483333328125 0.24185185156250003 0.2002083328125 0.24185185156250003
1 0.246875 0.281296296875 0.246875 0.339259259375 0.2845833328125 0.339259259375 0.2845833328125 0.281296296875 0.246875 0.281296296875
1 0.2794270828125 0.310277778125 0.2794270828125 0.355 0.3053125 0.355 0.3053125 0.310277778125 0.2794270828125 0.310277778125
1 0.30828125 0.335277778125 0.30828125 0.3708333328125 0.32677083281249997 0.3708333328125 0.32677083281249997 0.335277778125 0.30828125 0.335277778125
1 0.2757291671875 0.05768518593750001 0.2757291671875 0.12601851875 0.30015625 0.12601851875 0.30015625 0.05768518593750001 0.2757291671875 0.05768518593750001
4 0.9983333328124999 0.9993518515625001 0.9983333328124999 0.5300925921874999 0.8757291671875 0.5300925921874999 0.8757291671875 0.9993518515625001 0.9983333328124999 0.9993518515625001
4 0.6896875 0.7890740734375 0.6896875 0.487777778125 0.61828125 0.487777778125 0.61828125 0.7890740734375 0.6896875 0.7890740734375
4 0.5988020828125 0.662222221875 0.5988020828125 0.4813888890625 0.5684895828125 0.4813888890625 0.5684895828125 0.662222221875 0.5988020828125 0.662222221875
4 0.5735416671875 0.644259259375 0.5735416671875 0.4711111109375 0.5591145828124999 0.4711111109375 0.5591145828124999 0.644259259375 0.5735416671875 0.644259259375
4 0.56203125 0.6199074078125 0.56203125 0.47888888906249993 0.5519270828125 0.47888888906249993 0.5519270828125 0.6199074078125 0.56203125 0.6199074078125
4 0.5490625 0.6147222218749999 0.5490625 0.4699074078125 0.5375 0.4699074078125 0.5375 0.6147222218749999 0.5490625 0.6147222218749999
4 0.5353125000000001 0.5980555562500001 0.5353125000000001 0.4699074078125 0.5238020828125001 0.4699074078125 0.5238020828125001 0.5980555562500001 0.5353125000000001 0.5980555562500001
4 0.52234375 0.564722221875 0.52234375 0.4711111109375 0.5071875 0.4711111109375 0.5071875 0.564722221875 0.52234375 0.564722221875
4 0.37234375000000003 0.5813888890625 0.37234375000000003 0.47888888906249993 0.35432291718750003 0.47888888906249993 0.35432291718750003 0.5813888890625 0.37234375000000003 0.5813888890625
4 0.32979166718749997 0.6800925921875 0.32979166718749997 0.4903703703125 0.3125 0.4903703703125 0.3125 0.6800925921875 0.32979166718749997 0.6800925921875
4 0.31828124999999996 0.7199074078125001 0.31828124999999996 0.4865740734375 0.2865625 0.4865740734375 0.2865625 0.7199074078125001 0.31828124999999996 0.7199074078125001
4 0.2944791671875 0.7660185187499999 0.2944791671875 0.4903703703125 0.24973958281250003 0.4903703703125 0.24973958281250003 0.7660185187499999 0.2944791671875 0.7660185187499999
4 0.25984375000000004 0.8352777781249999 0.25984375000000004 0.5057407406250001 0.1992708328125 0.5057407406250001 0.1992708328125 0.8352777781249999 0.25984375000000004 0.8352777781249999
4 0.2014583328125 0.9403703703125 0.2014583328125 0.5173148140625 0.12281249999999999 0.5173148140625 0.12281249999999999 0.9403703703125 0.2014583328125 0.9403703703125
4 0.1278645828125 0.99805555625 0.1278645828125 0.5377777781249999 0.0023958328125 0.5377777781249999 0.0023958328125 0.99805555625 0.1278645828125 0.99805555625
4 0.2966145828125 0.0006481484375 0.2966145828125 0.1686111109375 0.3190104171875 0.1686111109375 0.3190104171875 0.0006481484375 0.2966145828125 0.0006481484375
3 0.06953125 0.44092592656249996 0.06953125 0.25444444375 0.00046875 0.25444444375 0.00046875 0.44092592656249996 0.06953125 0.44092592656249996
3 0.1121354171875 0.447777778125 0.1121354171875 0.28351851875 0.06421875 0.28351851875 0.06421875 0.447777778125 0.1121354171875 0.447777778125
3 0.1698958328125 0.447777778125 0.1698958328125 0.3166666671875 0.1236979171875 0.3166666671875 0.1236979171875 0.447777778125 0.1698958328125 0.447777778125
3 0.1973958328125 0.45407407343750006 0.1973958328125 0.33092592656250003 0.1672395828125 0.33092592656250003 0.1672395828125 0.45407407343750006 0.1973958328125 0.45407407343750006
3 0.2272916671875 0.4483333328125 0.2272916671875 0.3474074078125 0.19708333281249998 0.3474074078125 0.19708333281249998 0.4483333328125 0.2272916671875 0.4483333328125
3 0.25135416718750003 0.445 0.25135416718750003 0.35296296250000003 0.22421875 0.35296296250000003 0.22421875 0.445 0.25135416718750003 0.445
3 0.3600520828125 0.45712962968750004 0.3600520828125 0.4145370375 0.34078125 0.4145370375 0.34078125 0.45712962968750004 0.3600520828125 0.45712962968750004
1 0.6025 0.442222221875 0.6025 0.41129629687499997 0.5805729171875 0.41129629687499997 0.5805729171875 0.442222221875 0.6025 0.442222221875
1 0.5613020828125 0.42268518593750004 0.5613020828125 0.442222221875 0.5805729171875 0.442222221875 0.5805729171875 0.42268518593750004 0.5613020828125 0.42268518593750004
1 0.5613020828125 0.45203703749999996 0.5613020828125 0.42268518593750004 0.5439583328125 0.42268518593750004 0.5439583328125 0.45203703749999996 0.5613020828125 0.45203703749999996
1 0.5302083328125 0.43407407343750004 0.5302083328125 0.45203703749999996 0.5439583328125 0.45203703749999996 0.5439583328125 0.43407407343750004 0.5302083328125 0.43407407343750004
1 0.5302083328125 0.45685185156249997 0.5302083328125 0.43407407343750004 0.5091666671875 0.43407407343750004 0.5091666671875 0.45685185156249997 0.5302083328125 0.45685185156249997
1 0.5791666671875 0.1925925921875 0.5791666671875 0.145 0.5599479171875 0.145 0.5599479171875 0.1925925921875 0.5791666671875 0.1925925921875
1 0.5650000000000001 0.2273148140625 0.5650000000000001 0.1973148140625 0.5484375 0.1973148140625 0.5484375 0.2273148140625 0.5650000000000001 0.2273148140625
1 0.5477083328125001 0.2540740734375 0.5477083328125001 0.2170370375 0.5403125 0.2170370375 0.5403125 0.2540740734375 0.5477083328125001 0.2540740734375
1 0.5431250000000001 0.27638888906250003 0.5431250000000001 0.256759259375 0.5284895828125 0.256759259375 0.5284895828125 0.27638888906250003 0.5431250000000001 0.27638888906250003