3 0.99765625 0.9989583328125 0.99765625 0.6114583328125 0.6346875 0.6114583328125 0.6346875 0.9989583328125 0.99765625 0.9989583328125
3 0.47609375 0.8018750000000001 0.47609375 0.5991666671875 0.23734375000000002 0.5991666671875 0.23734375000000002 0.8018750000000001 0.47609375 0.8018750000000001
3 0.26578124999999997 0.8133333328125 0.26578124999999997 0.438125 0.00140625 0.438125 0.00140625 0.8133333328125 0.26578124999999997 0.8133333328125
3 0.00046875 0.0060416671875000005 0.00046875 0.21625 0.3053125 0.21625 0.3053125 0.0060416671875000005 0.00046875 0.0060416671875000005
3 0.55703125 0.3008333328125 0.55703125 0.08249999999999999 0.27265625 0.08249999999999999 0.27265625 0.3008333328125 0.55703125 0.3008333328125
3 0.7145312500000001 0.18625 0.7145312500000001 0.03875 0.43624999999999997 0.03875 0.43624999999999997 0.18625 0.7145312500000001 0.18625
3 0.69828125 0.25166666718749997 0.69828125 0.14791666718750002 0.5284375 0.14791666718750002 0.5284375 0.25166666718749997 0.69828125 0.25166666718749997
3 0.6951562499999999 0.33187500000000003 0.6951562499999999 0.2170833328125 0.55859375 0.2170833328125 0.55859375 0.33187500000000003 0.6951562499999999 0.33187500000000003
3 0.9581250000000001 0.2435416671875 0.9581250000000001 0.1316666671875 0.7165625 0.1316666671875 0.7165625 0.2435416671875 0.9581250000000001 0.2435416671875
3 0.9396875 0.2925 0.9396875 0.2297916671875 0.7145312500000001 0.2297916671875 0.7145312500000001 0.2925 0.9396875 0.2925
3 0.93359375 0.3608333328125 0.93359375 0.2816666671875 0.7821875 0.2816666671875 0.7821875 0.3608333328125 0.93359375 0.3608333328125
3 0.9990625 0.39895833281250004 0.9990625 0.2708333328125 0.929375 0.2708333328125 0.929375 0.39895833281250004 0.9990625 0.39895833281250004