1 0.22161458281250002 0.08527777812500001 0.22161458281250002 0.005740740625 0.0680208328125 0.005740740625 0.0680208328125 0.08527777812500001 0.22161458281250002 0.08527777812500001
1 0.11416666718749999 0 0.11416666718749999 0.0711111109375 0.3196875 0.0711111109375 0.3196875 0 0.11416666718749999 0
3 0.804375 0.48944444374999996 0.804375 0.13138888906249999 0.6338541671875 0.13138888906249999 0.6338541671875 0.48944444374999996 0.804375 0.48944444374999996
3 0.6338541671875 0.250740740625 0.6338541671875 0.169259259375 0.5507291671875 0.169259259375 0.5507291671875 0.250740740625 0.6338541671875 0.250740740625
3 0.6338541671875 0.31898148125 0.6338541671875 0.250740740625 0.5560416671875 0.250740740625 0.5560416671875 0.31898148125 0.6338541671875 0.31898148125
3 0.6349479171875 0.38148148125 0.6349479171875 0.31898148125 0.5560416671875 0.31898148125 0.5560416671875 0.38148148125 0.6349479171875 0.38148148125
3 0.6349479171875 0.45342592656249997 0.6349479171875 0.3795370375 0.5592708328125 0.3795370375 0.5592708328125 0.45342592656249997 0.6349479171875 0.45342592656249997
3 0.5635416671875 0.3795370375 0.5635416671875 0.3056481484375 0.5102083328125 0.3056481484375 0.5102083328125 0.3795370375 0.5635416671875 0.3795370375
3 0.5581770828125 0.4401851859375 0.5581770828125 0.3720370375 0.5091666671875 0.3720370375 0.5091666671875 0.4401851859375 0.5581770828125 0.4401851859375
3 0.7617708328125 0.8798148140625001 0.7617708328125 0.5160185187499999 0.5230208328125 0.5160185187499999 0.5230208328125 0.8798148140625001 0.7617708328125 0.8798148140625001
3 0.5198437499999999 0.709259259375 0.5198437499999999 0.538703703125 0.3738020828125 0.538703703125 0.3738020828125 0.709259259375 0.5198437499999999 0.709259259375
3 0.46651041718749997 0.646759259375 0.46651041718749997 0.5254629625 0.3205208328125 0.5254629625 0.3205208328125 0.646759259375 0.46651041718749997 0.646759259375
3 0.4324479171875 0.42314814843750004 0.4324479171875 0.3568518515625 0.33968750000000003 0.3568518515625 0.33968750000000003 0.42314814843750004 0.4324479171875 0.42314814843750004
3 0.40791666718749997 0.42314814843750004 0.40791666718749997 0.32648148125 0.24802083281249998 0.32648148125 0.24802083281249998 0.42314814843750004 0.40791666718749997 0.42314814843750004
3 0.2586979171875 0.3928703703125 0.2586979171875 0.33601851875 0.2171354171875 0.33601851875 0.2171354171875 0.3928703703125 0.2586979171875 0.3928703703125
3 0.21286458281249998 0.3890740734375 0.21286458281249998 0.3436111109375 0.1819791671875 0.3436111109375 0.1819791671875 0.3890740734375 0.21286458281249998 0.3890740734375
3 0.3013541671875 0.601296296875 0.3013541671875 0.5046296296875 0.1766145828125 0.5046296296875 0.1766145828125 0.601296296875 0.3013541671875 0.601296296875
3 0.4270833328125 0.5425 0.4270833328125 0.47055555625 0.2853645828125 0.47055555625 0.2853645828125 0.5425 0.4270833328125 0.5425
3 0.29921875 0.5084259265625 0.29921875 0.447777778125 0.2416666671875 0.447777778125 0.2416666671875 0.5084259265625 0.29921875 0.5084259265625
3 0.24802083281249998 0.546296296875 0.24802083281249998 0.46481481406249997 0.1393229171875 0.46481481406249997 0.1393229171875 0.546296296875 0.24802083281249998 0.546296296875
3 0.14786458281249998 0.5368518515625 0.14786458281249998 0.47240740781249996 0.1158854171875 0.47240740781249996 0.1158854171875 0.5368518515625 0.14786458281249998 0.5368518515625
3 0.1276041671875 0.5236111109375 0.1276041671875 0.47620370312500004 0.095625 0.47620370312500004 0.095625 0.5236111109375 0.1276041671875 0.5236111109375
3 0.1542708328125 0.368240740625 0.1542708328125 0.32462962968750003 0.1350520828125 0.32462962968750003 0.1350520828125 0.368240740625 0.1542708328125 0.368240740625
3 0.2832291671875 0.32842592656249997 0.2832291671875 0.25833333281250004 0.14890625 0.25833333281250004 0.14890625 0.32842592656249997 0.2832291671875 0.32842592656249997
3 0.2022395828125 0.3795370375 0.2022395828125 0.32462962968750003 0.1531770828125 0.32462962968750003 0.1531770828125 0.3795370375 0.2022395828125 0.3795370375