1 0.739375 0.7670833328125 0.739375 0.6379166671875 0.5235937500000001 0.6379166671875 0.5235937500000001 0.7670833328125 0.739375 0.7670833328125
1 0.92890625 0.575 0.92890625 0.5095833328125 0.7009375 0.5095833328125 0.7009375 0.575 0.92890625 0.575
1 0.9153125 0.67875 0.9153125 0.5941666671875 0.6884375 0.5941666671875 0.6884375 0.67875 0.9153125 0.67875
1 0.45765625 0.1147916671875 0.45765625 0.000625 0.1125 0.000625 0.1125 0.1147916671875 0.45765625 0.1147916671875
1 0.56828125 0.12625 0.56828125 0.001875 0.2365625 0.001875 0.2365625 0.12625 0.56828125 0.12625
1 0.676875 0.1697916671875 0.676875 0.0647916671875 0.46921875 0.0647916671875 0.46921875 0.1697916671875 0.676875 0.1697916671875
1 0.7268749999999999 0.2095833328125 0.7268749999999999 0.1379166671875 0.6548437500000001 0.1379166671875 0.6548437500000001 0.2095833328125 0.7268749999999999 0.2095833328125
1 0.75671875 0.23395833281249998 0.75671875 0.1929166671875 0.70390625 0.1929166671875 0.70390625 0.23395833281249998 0.75671875 0.23395833281249998
1 0.7375 0.2270833328125 0.7375 0.27 0.7889062499999999 0.27 0.7889062499999999 0.2270833328125 0.7375 0.2270833328125
1 0.7576562499999999 0.2004166671875 0.7576562499999999 0.240625 0.7876562500000001 0.240625 0.7876562500000001 0.2004166671875 0.7576562499999999 0.2004166671875
1 0.70484375 0.2833333328125 0.70484375 0.32145833281249997 0.7896875 0.32145833281249997 0.7896875 0.2833333328125 0.70484375 0.2833333328125
1 0.7896875 0.3072916671875 0.7896875 0.3277083328125 0.8096875000000001 0.3277083328125 0.8096875000000001 0.3072916671875 0.7896875 0.3072916671875
1 0.78296875 0.24854166718749998 0.78296875 0.280625 0.8103125 0.280625 0.8103125 0.24854166718749998 0.78296875 0.24854166718749998
1 0.71703125 0.00125 0.71703125 0.0629166671875 0.7728125 0.0629166671875 0.7728125 0.00125 0.71703125 0.00125
2 0.9740624999999999 0.4685416671875 0.9740624999999999 0.32875 0.9259375000000001 0.32875 0.9259375000000001 0.4685416671875 0.9740624999999999 0.4685416671875
2 0.92015625 0.4404166671875 0.92015625 0.3120833328125 0.8615625 0.3120833328125 0.8615625 0.4404166671875 0.92015625 0.4404166671875
3 0.20828125000000003 0.46333333281250005 0.20828125000000003 0.3875 0.103125 0.3875 0.103125 0.46333333281250005 0.20828125000000003 0.46333333281250005
3 0.3234375 0.4577083328125 0.3234375 0.3741666671875 0.20546875 0.3741666671875 0.20546875 0.4577083328125 0.3234375 0.4577083328125
3 0.41015625 0.45 0.41015625 0.3722916671875 0.3078125 0.3722916671875 0.3078125 0.45 0.41015625 0.45
3 0.496875 0.43479166718749995 0.496875 0.3477083328125 0.351875 0.3477083328125 0.351875 0.43479166718749995 0.496875 0.43479166718749995
3 0.55359375 0.43479166718749995 0.55359375 0.38375 0.48546875 0.38375 0.48546875 0.43479166718749995 0.55359375 0.43479166718749995
3 0.5549999999999999 0.38 0.5549999999999999 0.33645833281250004 0.49109375 0.33645833281250004 0.49109375 0.38 0.5549999999999999 0.38
3 0.6375 0.5808333328125 0.6375 0.4577083328125 0.5081249999999999 0.4577083328125 0.5081249999999999 0.5808333328125 0.6375 0.5808333328125
3 0.5582812500000001 0.6545833328125 0.5582812500000001 0.5677083328125 0.383125 0.5677083328125 0.383125 0.6545833328125 0.5582812500000001 0.6545833328125
3 0.0840625 0.8516666671875001 0.0840625 0.6939583328125 0.0010937499999999999 0.6939583328125 0.0010937499999999999 0.8516666671875001 0.0840625 0.8516666671875001
3 0.18703125 0.3458333328125 0.18703125 0.2870833328125 0.03640625 0.2870833328125 0.03640625 0.3458333328125 0.18703125 0.3458333328125
3 0.18703125 0.45375 0.18703125 0.3458333328125 0.03640625 0.3458333328125 0.03640625 0.45375 0.18703125 0.45375
3 0.68546875 0.416875 0.68546875 0.38895833281250003 0.6275000000000001 0.38895833281250003 0.6275000000000001 0.416875 0.68546875 0.416875
3 0.73890625 0.3825 0.73890625 0.3429166671875 0.661875 0.3429166671875 0.661875 0.3825 0.73890625 0.3825
3 0.73890625 0.415625 0.73890625 0.3825 0.68671875 0.3825 0.68671875 0.415625 0.73890625 0.415625
3 0.7021875 0.5497916671875 0.7021875 0.445625 0.6275000000000001 0.445625 0.6275000000000001 0.5497916671875 0.7021875 0.5497916671875
3 0.7578125 0.4172916671875 0.7578125 0.3414583328125 0.729375 0.3414583328125 0.729375 0.4172916671875 0.7578125 0.4172916671875
3 0.49703125000000004 0.34020833281249996 0.49703125000000004 0.30375 0.42125 0.30375 0.42125 0.34020833281249996 0.49703125000000004 0.34020833281249996