1 0 0.5189583328125 0.046875 0.5189583328125 0.046875 0.4654166671875 0 0.4654166671875 0 0.5189583328125
3 0.9875 0.47625 0.9875 0.3777083328125 0.844375 0.3777083328125 0.844375 0.47625 0.9875 0.47625
3 0.99828125 0.388125 0.99828125 0.31437499999999996 0.9520312499999999 0.31437499999999996 0.9520312499999999 0.388125 0.99828125 0.388125
3 0.945 0.1183333328125 0.945 0.20270833281249998 0.99828125 0.20270833281249998 0.99828125 0.1183333328125 0.945 0.1183333328125
3 0.94703125 0.21979166718749998 0.94703125 0.1460416671875 0.8759375 0.1460416671875 0.8759375 0.21979166718749998 0.94703125 0.21979166718749998
3 0.81484375 0.08687500000000001 0.81484375 0.17375000000000002 0.99546875 0.17375000000000002 0.99546875 0.08687500000000001 0.81484375 0.08687500000000001
3 0.89578125 0.23937499999999998 0.89578125 0.1552083328125 0.81671875 0.1552083328125 0.81671875 0.23937499999999998 0.89578125 0.23937499999999998
3 0.8207812499999999 0.2539583328125 0.8207812499999999 0.1816666671875 0.77828125 0.1816666671875 0.77828125 0.2539583328125 0.8207812499999999 0.2539583328125
3 0.78125 0.2683333328125 0.78125 0.22374999999999998 0.7309375 0.22374999999999998 0.7309375 0.2683333328125 0.78125 0.2683333328125
3 0.73875 0.43166666718749996 0.73875 0.385625 0.71421875 0.385625 0.71421875 0.43166666718749996 0.73875 0.43166666718749996
3 0.77234375 0.43937499999999996 0.77234375 0.37625000000000003 0.7357812499999999 0.37625000000000003 0.7357812499999999 0.43937499999999996 0.77234375 0.43937499999999996
3 0.84734375 0.4447916671875 0.84734375 0.3722916671875 0.7684375 0.3722916671875 0.7684375 0.4447916671875 0.84734375 0.4447916671875
3 0.0115625 0.31437499999999996 0.0115625 0.2683333328125 0.00453125 0.2683333328125 0.00453125 0.31437499999999996 0.0115625 0.31437499999999996
3 0.0125 0.3552083328125 0.0125 0.3158333328125 0.000625 0.3158333328125 0.000625 0.3552083328125 0.0125 0.3552083328125
3 0.01453125 0.38937499999999997 0.01453125 0.3579166671875 0.000625 0.3579166671875 0.000625 0.38937499999999997 0.01453125 0.38937499999999997
3 0.01546875 0.4408333328125 0.01546875 0.3933333328125 0.0017187500000000002 0.3933333328125 0.0017187500000000002 0.4408333328125 0.01546875 0.4408333328125
3 0.02046875 0.48020833281249997 0.02046875 0.438125 0.0017187500000000002 0.438125 0.0017187500000000002 0.48020833281249997 0.02046875 0.48020833281249997