1 0.8278125 0.7954166671875 0.8278125 0.6314583328125 0.61828125 0.6314583328125 0.61828125 0.7954166671875 0.8278125 0.7954166671875
3 0.5996875 0.4027083328125 0.5996875 0.1972916671875 0.418125 0.1972916671875 0.418125 0.4027083328125 0.5996875 0.4027083328125
3 0.44578125 0.39729166718750003 0.44578125 0.32375 0.34796875 0.32375 0.34796875 0.39729166718750003 0.44578125 0.39729166718750003
3 0.32734375 0.313125 0.32734375 0.21187499999999998 0.1684375 0.21187499999999998 0.1684375 0.313125 0.32734375 0.313125
3 0.26390625 0.030625000000000003 0.26390625 0.10333333281249998 0.378125 0.10333333281249998 0.378125 0.030625000000000003 0.26390625 0.030625000000000003
3 0.3440625 0.40125 0.3440625 0.30333333281249997 0.18031250000000001 0.30333333281249997 0.18031250000000001 0.40125 0.3440625 0.40125
3 0.18890625 0.41479166718749994 0.18890625 0.3010416671875 0.045625 0.3010416671875 0.045625 0.41479166718749994 0.18890625 0.41479166718749994
3 0.31843750000000004 0.5285416671875 0.31843750000000004 0.48520833281250003 0.22125 0.48520833281250003 0.22125 0.5285416671875 0.31843750000000004 0.5285416671875
3 0.31671875 0.5670833328125 0.31671875 0.52625 0.22296875 0.52625 0.22296875 0.5670833328125 0.31671875 0.5670833328125
3 0.36109375 0.6604166671875 0.36109375 0.5558333328125 0.23484375000000002 0.5558333328125 0.23484375000000002 0.6604166671875 0.36109375 0.6604166671875
3 0.359375 0.7127083328125 0.359375 0.6535416671875 0.2484375 0.6535416671875 0.2484375 0.7127083328125 0.359375 0.7127083328125
3 0.2484375 0.7127083328125 0.2484375 0.5989583328125 0.14625 0.5989583328125 0.14625 0.7127083328125 0.2484375 0.7127083328125
3 0.14625 0.7172916671875 0.14625 0.6127083328125 0.02515625 0.6127083328125 0.02515625 0.7172916671875 0.14625 0.7172916671875
3 0.06953125 0.70125 0.06953125 0.5604166671875 0.00296875 0.5604166671875 0.00296875 0.70125 0.06953125 0.70125
3 0.56296875 0.6922916671875 0.56296875 0.5585416671875 0.38109375 0.5585416671875 0.38109375 0.6922916671875 0.56296875 0.6922916671875
3 0.7328125 0.4920833328125 0.7328125 0.41937499999999994 0.63390625 0.41937499999999994 0.63390625 0.4920833328125 0.7328125 0.4920833328125
3 0.77546875 0.47625 0.77546875 0.4125 0.72421875 0.4125 0.72421875 0.47625 0.77546875 0.47625
3 0.7737499999999999 0.5375 0.7737499999999999 0.469375 0.6168750000000001 0.469375 0.6168750000000001 0.5375 0.7737499999999999 0.5375
3 0.77546875 0.6058333328125001 0.77546875 0.5125 0.6168750000000001 0.5125 0.6168750000000001 0.6058333328125001 0.77546875 0.6058333328125001
3 0.7720312500000001 0.67625 0.7720312500000001 0.5854166671875001 0.62203125 0.5854166671875001 0.62203125 0.67625 0.7720312500000001 0.67625
3 0.76015625 0.74 0.76015625 0.658125 0.6235937500000001 0.658125 0.6235937500000001 0.74 0.76015625 0.74
3 0.6203125 0.5989583328125 0.6203125 0.44666666718750003 0.51625 0.44666666718750003 0.51625 0.5989583328125 0.6203125 0.5989583328125