1 0.42234375 1 0.42234375 0.8460416671875001 0.26 0.8460416671875001 0.26 1 0.42234375 1
1 0.8474999999999999 0.469375 0.8474999999999999 0.4264583328125 0.7478125 0.4264583328125 0.7478125 0.469375 0.8474999999999999 0.469375
1 0.9550000000000001 0.5189583328125 0.9550000000000001 0.46291666718749996 0.8484375 0.46291666718749996 0.8484375 0.5189583328125 0.9550000000000001 0.5189583328125
3 0.7096875 0.23395833281249998 0.7096875 0.198125 0.6509375000000001 0.198125 0.6509375000000001 0.23395833281249998 0.7096875 0.23395833281249998
3 0.65859375 0.1608333328125 0.65859375 0.20833333281250002 0.7096875 0.20833333281250002 0.7096875 0.1608333328125 0.65859375 0.1608333328125
3 0.351875 0.3083333328125 0.351875 0.2570833328125 0.30578125 0.2570833328125 0.30578125 0.3083333328125 0.351875 0.3083333328125
3 0.31437499999999996 0.3147916671875 0.31437499999999996 0.2635416671875 0.2740625 0.2635416671875 0.2740625 0.3147916671875 0.31437499999999996 0.3147916671875
3 0.31640625 0.47125000000000006 0.31640625 0.3891666671875 0.28171875 0.3891666671875 0.28171875 0.47125000000000006 0.31640625 0.47125000000000006
3 0.36734374999999997 0.5314583328125 0.36734374999999997 0.4545833328125 0.31437499999999996 0.4545833328125 0.31437499999999996 0.5314583328125 0.36734374999999997 0.5314583328125
3 0.30281250000000004 0.1660416671875 0.30281250000000004 0.20833333281250002 0.33078124999999997 0.20833333281250002 0.33078124999999997 0.1660416671875 0.30281250000000004 0.1660416671875
3 0.3 0.2108333328125 0.3 0.1660416671875 0.27890625 0.1660416671875 0.27890625 0.2108333328125 0.3 0.2108333328125
3 0.17781249999999998 0.051875000000000004 0.17781249999999998 0.096875 0.29812500000000003 0.096875 0.29812500000000003 0.051875000000000004 0.17781249999999998 0.051875000000000004
3 0.3509375 0.1058333328125 0.3509375 0.060833332812499995 0.3096875 0.060833332812499995 0.3096875 0.1058333328125 0.3509375 0.1058333328125