1 0.71390625 0.8578703703125001 0.71390625 0.6578703703125 0.4378125 0.6578703703125 0.4378125 0.8578703703125001 0.71390625 0.8578703703125001
1 0.4415104171875 0.6921296296875 0.4415104171875 0.5684259265625 0.36161458281250003 0.5684259265625 0.36161458281250003 0.6921296296875 0.4415104171875 0.6921296296875
1 0.3719791671875 0.5974074078125 0.3719791671875 0.5184259265625 0.3068229171875 0.5184259265625 0.3068229171875 0.5974074078125 0.3719791671875 0.5974074078125
1 0.3149479171875 0.5447222218750001 0.3149479171875 0.476296296875 0.2727604171875 0.476296296875 0.2727604171875 0.5447222218750001 0.3149479171875 0.5447222218750001
1 0.2890625 0.4921296296875 0.2890625 0.44601851875 0.2491145828125 0.44601851875 0.2491145828125 0.4921296296875 0.2890625 0.4921296296875
1 0.4282291671875 0.28157407343749996 0.4282291671875 0.21314814843750002 0.34901041718750003 0.21314814843750002 0.34901041718750003 0.28157407343749996 0.4282291671875 0.28157407343749996
1 0.35421874999999997 0.2828703703125 0.35421874999999997 0.22898148125 0.2905208328125 0.22898148125 0.2905208328125 0.2828703703125 0.35421874999999997 0.2828703703125
1 0.2964583328125 0.280277778125 0.2964583328125 0.2408333328125 0.2586979171875 0.2408333328125 0.2586979171875 0.280277778125 0.2964583328125 0.280277778125
1 0.28463541718749996 0.23944444374999999 0.28463541718749996 0.20398148124999999 0.23723958281250002 0.20398148124999999 0.23723958281250002 0.23944444374999999 0.28463541718749996 0.23944444374999999
1 0.24234375 0.2913888890625 0.24234375 0.2593518515625 0.2238541671875 0.2593518515625 0.2238541671875 0.2913888890625 0.24234375 0.2913888890625
1 0.2279166671875 0.2959259265625 0.2279166671875 0.26305555625 0.20890625 0.26305555625 0.20890625 0.2959259265625 0.2279166671875 0.2959259265625
1 0.21765625000000002 0.393703703125 0.21765625000000002 0.37 0.1925 0.37 0.1925 0.393703703125 0.21765625000000002 0.393703703125
1 0.2626041671875 0.107777778125 0.2626041671875 0.0574074078125 0.23296875 0.0574074078125 0.23296875 0.107777778125 0.2626041671875 0.107777778125
1 0.2409895828125 0.1165740734375 0.2409895828125 0.06833333281250001 0.2194270828125 0.06833333281250001 0.2194270828125 0.1165740734375 0.2409895828125 0.1165740734375
1 0.220625 0.13194444375 0.220625 0.08148148125 0.2138541671875 0.08148148125 0.2138541671875 0.13194444375 0.220625 0.13194444375
1 0.2175520828125 0.1516666671875 0.2175520828125 0.0979629625 0.2008854171875 0.0979629625 0.2008854171875 0.1516666671875 0.2175520828125 0.1516666671875
1 0.017708332812499998 0.42472222187500003 0.017708332812499998 0.38194444375000003 0.00046875 0.38194444375000003 0.00046875 0.42472222187500003 0.017708332812499998 0.42472222187500003
1 0.0090625 0.1111111109375 0.0090625 0.15277777812499999 0.0251041671875 0.15277777812499999 0.0251041671875 0.1111111109375 0.0090625 0.1111111109375
1 0.0423958328125 0.3973148140625 0.0423958328125 0.3665740734375 0.0251041671875 0.3665740734375 0.0251041671875 0.3973148140625 0.0423958328125 0.3973148140625
4 0.8194791671875 0.3006481484375 0.8194791671875 0.7224074078125 0.9983333328124999 0.7224074078125 0.9983333328124999 0.3006481484375 0.8194791671875 0.3006481484375