1 0.665 0.38145833281249997 0.665 0.31083333281250003 0.47234375 0.31083333281250003 0.47234375 0.38145833281249997 0.665 0.38145833281249997
1 0.64125 0.5408333328125 0.64125 0.49291666718749994 0.569375 0.49291666718749994 0.569375 0.5408333328125 0.64125 0.5408333328125
1 0.829375 0.45520833281249995 0.829375 0.41645833281250005 0.754375 0.41645833281250005 0.754375 0.45520833281249995 0.829375 0.45520833281249995
1 0.90921875 0.3039583328125 0.90921875 0.2783333328125 0.84703125 0.2783333328125 0.84703125 0.3039583328125 0.90921875 0.3039583328125
1 0.8915625 0.39979166718750003 0.8915625 0.365625 0.83375 0.365625 0.83375 0.39979166718750003 0.8915625 0.39979166718750003
1 0.70140625 0.20750000000000002 0.70140625 0.1954166671875 0.67421875 0.1954166671875 0.67421875 0.20750000000000002 0.70140625 0.20750000000000002
1 0.728125 0.21437499999999998 0.728125 0.19958333281250001 0.7025 0.19958333281250001 0.7025 0.21437499999999998 0.728125 0.21437499999999998
1 0.70140625 0.2479166671875 0.70140625 0.23625 0.6754687500000001 0.23625 0.6754687500000001 0.2479166671875 0.70140625 0.2479166671875
1 0.72734375 0.2545833328125 0.72734375 0.2427083328125 0.7017187500000001 0.2427083328125 0.7017187500000001 0.2545833328125 0.72734375 0.2545833328125
1 0.72609375 0.2683333328125 0.72609375 0.2579166671875 0.7006249999999999 0.2579166671875 0.7006249999999999 0.2683333328125 0.72609375 0.2683333328125
1 0.6993750000000001 0.2625 0.6993750000000001 0.2510416671875 0.6746875 0.2510416671875 0.6746875 0.2625 0.6993750000000001 0.2625
1 0.7224999999999999 0.29874999999999996 0.7224999999999999 0.28500000000000003 0.69734375 0.28500000000000003 0.69734375 0.29874999999999996 0.7224999999999999 0.29874999999999996
1 0.74734375 0.304375 0.74734375 0.29125 0.7224999999999999 0.29125 0.7224999999999999 0.304375 0.74734375 0.304375
1 0.746875 0.3170833328125 0.746875 0.305 0.72140625 0.305 0.72140625 0.3170833328125 0.746875 0.3170833328125
1 0.74453125 0.3295833328125 0.74453125 0.31916666718750003 0.72140625 0.31916666718750003 0.72140625 0.3295833328125 0.74453125 0.3295833328125
1 0.7209375 0.31062500000000004 0.7209375 0.29812500000000003 0.69625 0.29812500000000003 0.69625 0.31062500000000004 0.7209375 0.31062500000000004
1 0.719375 0.3247916671875 0.719375 0.31062500000000004 0.6954687500000001 0.31062500000000004 0.6954687500000001 0.3247916671875 0.719375 0.3247916671875
1 0.69421875 0.305 0.69421875 0.2922916671875 0.66984375 0.2922916671875 0.66984375 0.305 0.69421875 0.305
1 0.6939062500000001 0.318125 0.6939062500000001 0.3070833328125 0.66875 0.3070833328125 0.66875 0.318125 0.6939062500000001 0.318125
1 0.686875 0.3579166671875 0.686875 0.3452083328125 0.66515625 0.3452083328125 0.66515625 0.3579166671875 0.686875 0.3579166671875
1 0.7146874999999999 0.36312500000000003 0.7146874999999999 0.3495833328125 0.6884375 0.3495833328125 0.6884375 0.36312500000000003 0.7146874999999999 0.36312500000000003
1 0.714375 0.375625 0.714375 0.365625 0.6860937500000001 0.365625 0.6860937500000001 0.375625 0.714375 0.375625
1 0.68515625 0.369375 0.68515625 0.36104166718749997 0.66515625 0.36104166718749997 0.66515625 0.369375 0.68515625 0.369375
1 0.90953125 0.18562499999999998 0.90953125 0.159375 0.865625 0.159375 0.865625 0.18562499999999998 0.90953125 0.18562499999999998
1 0.90953125 0.195 0.90953125 0.169375 0.8631249999999999 0.169375 0.8631249999999999 0.195 0.90953125 0.195
1 0.8270312499999999 0.3304166671875 0.8270312499999999 0.3185416671875 0.774375 0.3185416671875 0.774375 0.3304166671875 0.8270312499999999 0.3304166671875
2 0.7009375 0.475 0.7009375 0.296875 0.64609375 0.296875 0.64609375 0.475 0.7009375 0.475
4 0.9865625 0.5454166671875 0.9865625 0.37124999999999997 0.8384375000000001 0.37124999999999997 0.8384375000000001 0.5454166671875 0.9865625 0.5454166671875
1 0.82265625 0.3379166671875 0.82265625 0.3275 0.7732812499999999 0.3275 0.7732812499999999 0.3379166671875 0.82265625 0.3379166671875
1 0.8203125 0.3439583328125 0.8203125 0.335 0.77546875 0.335 0.77546875 0.3439583328125 0.8203125 0.3439583328125
1 0.77546875 0.34541666718749997 0.77546875 0.361875 0.8214062500000001 0.361875 0.8214062500000001 0.34541666718749997 0.77546875 0.34541666718749997
1 0.8192187499999999 0.3708333328125 0.8192187499999999 0.354375 0.77546875 0.354375 0.77546875 0.3708333328125 0.8192187499999999 0.3708333328125