1 0.6865625 0.08395833281250001 0.6865625 0.16354166718750002 0.89234375 0.16354166718750002 0.89234375 0.08395833281250001 0.6865625 0.08395833281250001
1 0.87015625 0.14937499999999998 0.87015625 0.20833333281250002 0.91640625 0.20833333281250002 0.91640625 0.14937499999999998 0.87015625 0.14937499999999998
1 0.84140625 0.0083333328125 0.84140625 0.07375000000000001 0.9259375000000001 0.07375000000000001 0.9259375000000001 0.0083333328125 0.84140625 0.0083333328125
3 0.436875 0.5704166671875 0.436875 0.3564583328125 0.0159375 0.3564583328125 0.0159375 0.5704166671875 0.436875 0.5704166671875
3 0.6728125 0.3891666671875 0.6728125 0.2391666671875 0.34140625 0.2391666671875 0.34140625 0.3891666671875 0.6728125 0.3891666671875
3 0.66671875 0.5172916671875 0.66671875 0.378125 0.43953125000000004 0.378125 0.43953125000000004 0.5172916671875 0.66671875 0.5172916671875
3 0.76296875 0.4872916671875 0.76296875 0.21729166718749998 0.55421875 0.21729166718749998 0.55421875 0.4872916671875 0.76296875 0.4872916671875
3 0.8446875 0.39729166718750003 0.8446875 0.3072916671875 0.765 0.3072916671875 0.765 0.39729166718750003 0.8446875 0.39729166718750003
3 0.8446875 0.4764583328125 0.8446875 0.3945833328125 0.750625 0.3945833328125 0.750625 0.4764583328125 0.8446875 0.4764583328125
3 0.8734375 0.4491666671875 0.8734375 0.3945833328125 0.8446875 0.3945833328125 0.8446875 0.4491666671875 0.8734375 0.4491666671875
3 0.9040625 0.40541666718749997 0.9040625 0.3508333328125 0.8365625 0.3508333328125 0.8365625 0.40541666718749997 0.9040625 0.40541666718749997
3 0.9040625 0.45729166718750003 0.9040625 0.4027083328125 0.869375 0.4027083328125 0.869375 0.45729166718750003 0.9040625 0.45729166718750003
3 0.92453125 0.4491666671875 0.92453125 0.40812499999999996 0.90203125 0.40812499999999996 0.90203125 0.4491666671875 0.92453125 0.4491666671875
3 0.94296875 0.4491666671875 0.94296875 0.39187500000000003 0.9225 0.39187500000000003 0.9225 0.4491666671875 0.94296875 0.4491666671875
3 0.91640625 0.525625 0.91640625 0.465625 0.8324999999999999 0.465625 0.8324999999999999 0.525625 0.91640625 0.525625
3 0.9040625 0.5583333328125 0.9040625 0.52 0.8140625 0.52 0.8140625 0.5583333328125 0.9040625 0.5583333328125
3 0.9040625 0.5883333328125 0.9040625 0.5583333328125 0.8775000000000001 0.5583333328125 0.8775000000000001 0.5883333328125 0.9040625 0.5883333328125
3 0.88359375 0.6183333328125 0.88359375 0.5502083328125 0.75875 0.5502083328125 0.75875 0.6183333328125 0.88359375 0.6183333328125
3 0.8529687499999999 0.645625 0.8529687499999999 0.5691666671875 0.7096875 0.5691666671875 0.7096875 0.645625 0.8529687499999999 0.645625
3 0.818125 0.735625 0.818125 0.5910416671875 0.5951562499999999 0.5910416671875 0.5951562499999999 0.735625 0.818125 0.735625
3 0.750625 0.8010416671874999 0.750625 0.6591666671875 0.6503125 0.6591666671875 0.6503125 0.8010416671874999 0.750625 0.8010416671874999
3 0.67421875 0.7533333328125 0.67421875 0.5802083328125 0.45765625 0.5802083328125 0.45765625 0.7533333328125 0.67421875 0.7533333328125
3 0.6640625 0.8556250000000001 0.6640625 0.72375 0.44234375000000004 0.72375 0.44234375000000004 0.8556250000000001 0.6640625 0.8556250000000001
3 0.5599999999999999 0.9535416671875 0.5599999999999999 0.6714583328125 0.25125000000000003 0.6714583328125 0.25125000000000003 0.9535416671875 0.5599999999999999 0.9535416671875
3 0.38609375 0.9966666671875 0.38609375 0.7170833328125 0.08249999999999999 0.7170833328125 0.08249999999999999 0.9966666671875 0.38609375 0.9966666671875
3 0.145625 0.9989583328125 0.145625 0.8147916671875001 0.0040625 0.8147916671875001 0.0040625 0.9989583328125 0.145625 0.9989583328125
3 0.93671875 0.559375 0.93671875 0.5133333328125 0.91796875 0.5133333328125 0.91796875 0.559375 0.93671875 0.559375
3 0.9239062499999999 0.5777083328125 0.9239062499999999 0.4804166671875 0.9051562499999999 0.4804166671875 0.9051562499999999 0.5777083328125 0.9239062499999999 0.5777083328125