1 0 0 0 0.0783333328125 0.26984375 0.0783333328125 0.26984375 0 0 0
1 0.58546875 0.1695833328125 0.58546875 0.0158333328125 0.3128125 0.0158333328125 0.3128125 0.1695833328125 0.58546875 0.1695833328125
1 0.7478125 0.2372916671875 0.7478125 0.11229166718750001 0.5865625 0.11229166718750001 0.5865625 0.2372916671875 0.7478125 0.2372916671875
1 0 0.5997916671875 0.24734375000000003 0.5997916671875 0.24734375000000003 0.4497916671875 0 0.4497916671875 0 0.5997916671875
1 0.2678125 1 0.2678125 0.8787499999999999 0 0.8787499999999999 0 1 0.2678125 1
1 0.589375 0.653125 0.589375 0.51375 0.29625 0.51375 0.29625 0.653125 0.589375 0.653125
1 0.5815625 0.8525 0.5815625 0.6779166671875 0.3128125 0.6779166671875 0.3128125 0.8525 0.5815625 0.8525
1 0.8318749999999999 0.1383333328125 0.8318749999999999 0.0314583328125 0.7184375000000001 0.0314583328125 0.7184375000000001 0.1383333328125 0.8318749999999999 0.1383333328125
1 0.840625 0.2791666671875 0.840625 0.1916666671875 0.75078125 0.1916666671875 0.75078125 0.2791666671875 0.840625 0.2791666671875
1 0.9120312500000001 0.3689583328125 0.9120312500000001 0.32083333281250004 0.85234375 0.32083333281250004 0.85234375 0.3689583328125 0.9120312500000001 0.3689583328125
1 0.91796875 0.5802083328125 0.91796875 0.5514583328125 0.87984375 0.5514583328125 0.87984375 0.5802083328125 0.91796875 0.5802083328125
1 0.87203125 0.6454166671875 0.87203125 0.5879166671875 0.8309374999999999 0.5879166671875 0.8309374999999999 0.6454166671875 0.87203125 0.6454166671875
1 0.87984375 0.1160416671875 0.87984375 0.043125000000000004 0.8328125 0.043125000000000004 0.8328125 0.1160416671875 0.87984375 0.1160416671875
1 0.06343750000000001 0.2960416671875 0.06343750000000001 0.27125 0.00484375 0.27125 0.00484375 0.2960416671875 0.06343750000000001 0.2960416671875
1 0.06640625 0.33645833281250004 0.06640625 0.3104166671875 0.00390625 0.3104166671875 0.00390625 0.33645833281250004 0.06640625 0.33645833281250004
1 0.46140625 0.30375 0.46140625 0.2804166671875 0.4125 0.2804166671875 0.4125 0.30375 0.46140625 0.30375
1 0.6334375 0.3377083328125 0.6334375 0.3233333328125 0.59828125 0.3233333328125 0.59828125 0.3377083328125 0.6334375 0.3377083328125
1 0.6334375 0.3508333328125 0.6334375 0.33375 0.5962500000000001 0.33375 0.5962500000000001 0.3508333328125 0.6334375 0.3508333328125
1 0.59140625 0.348125 0.59140625 0.3285416671875 0.5571875000000001 0.3285416671875 0.5571875000000001 0.348125 0.59140625 0.348125
1 0.5650000000000001 0 0.5650000000000001 0.105625 0.72921875 0.105625 0.72921875 0 0.5650000000000001 0