1 0.8375 0.4066666671875 0.8375 0.3789583328125 0.7575000000000001 0.3789583328125 0.7575000000000001 0.4066666671875 0.8375 0.4066666671875
1 0.28390624999999997 0.4933333328125 0.28390624999999997 0.436875 0.22562500000000002 0.436875 0.22562500000000002 0.4933333328125 0.28390624999999997 0.4933333328125
1 0.22953125000000002 0.48020833281249997 0.22953125000000002 0.41979166718750005 0.15453125 0.41979166718750005 0.15453125 0.48020833281249997 0.22953125000000002 0.48020833281249997
1 0.1565625 0.535625 0.1565625 0.42374999999999996 0.018437500000000002 0.42374999999999996 0.018437500000000002 0.535625 0.1565625 0.535625
1 0.1684375 0.8066666671875 0.1684375 0.6591666671875 0.06281250000000001 0.6591666671875 0.06281250000000001 0.8066666671875 0.1684375 0.8066666671875
1 0.23156249999999998 0.70125 0.23156249999999998 0.5908333328125 0.1625 0.5908333328125 0.1625 0.70125 0.23156249999999998 0.70125
1 0.28984375 0.6316666671875 0.28984375 0.5539583328125001 0.22859375 0.5539583328125001 0.22859375 0.6316666671875 0.28984375 0.6316666671875
1 0.0035937499999999997 0.1 0.0035937499999999997 0.213125 0.16640625 0.213125 0.16640625 0.1 0.0035937499999999997 0.1
1 0.44296875 0.5060416671875 0.44296875 0.4658333328125 0.3175 0.4658333328125 0.3175 0.5060416671875 0.44296875 0.5060416671875
2 0.5778125000000001 0.151875 0.5778125000000001 0.6364583328125 0.7875 0.6364583328125 0.7875 0.151875 0.5778125000000001 0.151875
4 1 0.4058333328125 0.89421875 0.4058333328125 0.89421875 0.7339583328125 1 0.7339583328125 1 0.4058333328125
4 0.8384375000000001 0.4570833328125 0.8384375000000001 0.3879166671875 0.75 0.3879166671875 0.75 0.4570833328125 0.8384375000000001 0.4570833328125
1 0.28921874999999997 0.5158333328125 0.28921874999999997 0.5602083328125 0.313125 0.5602083328125 0.313125 0.5158333328125 0.28921874999999997 0.5158333328125
1 0.28796875 0.4927083328125 0.28796875 0.5297916671875 0.31546875 0.5297916671875 0.31546875 0.4927083328125 0.28796875 0.4927083328125
1 0.28578125 0.45999999999999996 0.28578125 0.50125 0.311875 0.50125 0.311875 0.45999999999999996 0.28578125 0.45999999999999996
1 0.2834375 0.43520833281250004 0.2834375 0.469375 0.31484375 0.469375 0.31484375 0.43520833281250004 0.2834375 0.43520833281250004
1 0.2821875 0.4095833328125 0.2821875 0.43666666718749997 0.31359375 0.43666666718749997 0.31359375 0.4095833328125 0.2821875 0.4095833328125
1 0.27703125 0.38166666718750003 0.27703125 0.4095833328125 0.31359375 0.4095833328125 0.31359375 0.38166666718750003 0.27703125 0.38166666718750003
1 0.2134375 0.344375 0.2134375 0.3745833328125 0.31359375 0.3745833328125 0.31359375 0.344375 0.2134375 0.344375
1 0.17328125 0.3179166671875 0.17328125 0.3452083328125 0.3159375 0.3452083328125 0.3159375 0.3179166671875 0.17328125 0.3179166671875
1 0.17625 0.2908333328125 0.17625 0.3170833328125 0.32 0.3170833328125 0.32 0.2908333328125 0.17625 0.2908333328125
1 0.278125 0.24958333281249998 0.278125 0.286875 0.31656249999999997 0.286875 0.31656249999999997 0.24958333281249998 0.278125 0.24958333281249998
1 0.453125 0.2995833328125 0.453125 0.2908333328125 0.41890625000000004 0.2908333328125 0.41890625000000004 0.2995833328125 0.453125 0.2995833328125
1 0.45093750000000005 0.2504166671875 0.45093750000000005 0.24479166718749998 0.42406249999999995 0.24479166718749998 0.42406249999999995 0.2504166671875 0.45093750000000005 0.2504166671875
2 0.57578125 0.45041666718749995 0.57578125 0.34875 0.54875 0.34875 0.54875 0.45041666718749995 0.57578125 0.45041666718749995