1 0.378125 0.1303703703125 0.378125 0.08305555625 0.2755208328125 0.08305555625 0.2755208328125 0.1303703703125 0.378125 0.1303703703125
1 0.42354166718749997 0.12805555625 0.42354166718749997 0.0923148140625 0.378125 0.0923148140625 0.378125 0.12805555625 0.42354166718749997 0.12805555625
1 0.3774479171875 0.3358333328125 0.3774479171875 0.297777778125 0.2936979171875 0.297777778125 0.2936979171875 0.3358333328125 0.3774479171875 0.3358333328125
1 0.5878125 0.4604629625 0.5878125 0.436203703125 0.5326041671875 0.436203703125 0.5326041671875 0.4604629625 0.5878125 0.4604629625
1 0.23463541718749997 0.5136111109375 0.23463541718749997 0.4720370375 0.1424479171875 0.4720370375 0.1424479171875 0.5136111109375 0.23463541718749997 0.5136111109375
1 0.05500000000000001 0.12175925937500001 0.05500000000000001 0.1061111109375 0.0121354171875 0.1061111109375 0.0121354171875 0.12175925937500001 0.05500000000000001 0.12175925937500001
1 0.10354166718749999 0.1245370375 0.10354166718749999 0.107222221875 0.059375 0.107222221875 0.059375 0.1245370375 0.10354166718749999 0.1245370375
1 0.0571875 0.15064814843750002 0.0571875 0.13342592656250002 0.0136979171875 0.13342592656250002 0.0136979171875 0.15064814843750002 0.0571875 0.15064814843750002
1 0.10541666718750001 0.1534259265625 0.10541666718750001 0.13620370312500002 0.061250000000000006 0.13620370312500002 0.061250000000000006 0.1534259265625 0.10541666718750001 0.1534259265625
1 0.1051041671875 0.2118518515625 0.1051041671875 0.195740740625 0.0646875 0.195740740625 0.0646875 0.2118518515625 0.1051041671875 0.2118518515625
1 0.14484375 0.2140740734375 0.14484375 0.1990740734375 0.10479166718749999 0.1990740734375 0.10479166718749999 0.2140740734375 0.14484375 0.2140740734375
1 0.06281250000000001 0.23861111093749998 0.06281250000000001 0.2236111109375 0.0165104171875 0.2236111109375 0.0165104171875 0.23861111093749998 0.06281250000000001 0.23861111093749998
1 0.1066666671875 0.239722221875 0.1066666671875 0.2241666671875 0.063125 0.2241666671875 0.063125 0.239722221875 0.1066666671875 0.239722221875
1 0.14546874999999998 0.2391666671875 0.14546874999999998 0.225277778125 0.1079166671875 0.225277778125 0.1079166671875 0.2391666671875 0.14546874999999998 0.2391666671875
1 0.14796875 0.2675925921875 0.14796875 0.25305555625 0.1085416671875 0.25305555625 0.1085416671875 0.2675925921875 0.14796875 0.2675925921875
1 0.1079166671875 0.2675925921875 0.1079166671875 0.2513888890625 0.065 0.2513888890625 0.065 0.2675925921875 0.1079166671875 0.2675925921875
1 0.0625 0.268703703125 0.0625 0.25194444374999997 0.0196354171875 0.25194444374999997 0.0196354171875 0.268703703125 0.0625 0.268703703125
1 0.1085416671875 0.343240740625 0.1085416671875 0.32824074062499997 0.0675 0.32824074062499997 0.0675 0.343240740625 0.1085416671875 0.343240740625
1 0.06593750000000001 0.3449074078125 0.06593750000000001 0.3299074078125 0.0243229171875 0.3299074078125 0.0243229171875 0.3449074078125 0.06593750000000001 0.3449074078125
1 0.06593750000000001 0.37444444374999997 0.06593750000000001 0.3554629625 0.025260417187500002 0.3554629625 0.025260417187500002 0.37444444374999997 0.06593750000000001 0.37444444374999997
1 0.10947916718749999 0.37333333281250003 0.10947916718749999 0.3554629625 0.06786458281249999 0.3554629625 0.06786458281249999 0.37333333281250003 0.10947916718749999 0.37333333281250003
1 0.17046875 0.3234259265625 0.17046875 0.33324074062500003 0.24093749999999997 0.33324074062500003 0.24093749999999997 0.3234259265625 0.17046875 0.3234259265625
2 0.40625 0.0006481484375 0.40625 0.9942592593749999 0.9846354171874999 0.9942592593749999 0.9846354171874999 0.0006481484375 0.40625 0.0006481484375
4 0.4633854171875 0.7498148140625001 0.4633854171875 0.341296296875 0.2318229171875 0.341296296875 0.2318229171875 0.7498148140625001 0.4633854171875 0.7498148140625001
4 0.9997395828125001 0.8224074078125 0.9997395828125001 0.246759259375 0.90890625 0.246759259375 0.90890625 0.8224074078125 0.9997395828125001 0.8224074078125
3 0.8871874999999999 0.39342592656250003 0.8871874999999999 0.2434259265625 0.8405208328124999 0.2434259265625 0.8405208328124999 0.39342592656250003 0.8871874999999999 0.39342592656250003
3 0.9485416671875001 0.394722221875 0.9485416671875001 0.32898148125 0.8752604171874999 0.32898148125 0.8752604171874999 0.394722221875 0.9485416671875001 0.394722221875
3 0.9777083328125 0.3645370375 0.9777083328125 0.2728703703125 0.9040104171875001 0.2728703703125 0.9040104171875001 0.3645370375 0.9777083328125 0.3645370375
3 0.9040104171875001 0.551203703125 0.9040104171875001 0.4693518515625 0.8284895828125001 0.4693518515625 0.8284895828125001 0.551203703125 0.9040104171875001 0.551203703125
3 0.9018750000000001 0.6036111109375 0.9018750000000001 0.527777778125 0.8411458328125001 0.527777778125 0.8411458328125001 0.6036111109375 0.9018750000000001 0.6036111109375
3 0.9455729171874999 0.590277778125 0.9455729171874999 0.5125925921875 0.8986979171874999 0.5125925921875 0.8986979171874999 0.590277778125 0.9455729171874999 0.590277778125
1 0.17046875 0.3023148140625 0.17046875 0.3234259265625 0.24005208281249998 0.3234259265625 0.24005208281249998 0.3023148140625 0.17046875 0.3023148140625
1 0.17140625 0.282777778125 0.17140625 0.3023148140625 0.24005208281249998 0.3023148140625 0.24005208281249998 0.282777778125 0.17140625 0.282777778125
1 0.17140625 0.256759259375 0.17140625 0.282777778125 0.24005208281249998 0.282777778125 0.24005208281249998 0.256759259375 0.17140625 0.256759259375
1 0.1695833328125 0.238796296875 0.1695833328125 0.256759259375 0.24005208281249998 0.256759259375 0.24005208281249998 0.238796296875 0.1695833328125 0.238796296875
1 0.1695833328125 0.21277777812499998 0.1695833328125 0.238796296875 0.2372916671875 0.238796296875 0.2372916671875 0.21277777812499998 0.1695833328125 0.21277777812499998