1 0 0.0770833328125 0.0625 0.0770833328125 0.0625 0.00020833281250000002 0 0.00020833281250000002 0 0.0770833328125
1 0.12703124999999998 0.1279166671875 0.12703124999999998 0.048333332812500004 0.0615625 0.048333332812500004 0.0615625 0.1279166671875 0.12703124999999998 0.1279166671875
1 0 0.3404166671875 0.07421875 0.3404166671875 0.07421875 0.2920833328125 0 0.2920833328125 0 0.3404166671875
1 0.08703125 0.4577083328125 0.08703125 0.3872916671875 0.00578125 0.3872916671875 0.00578125 0.4577083328125 0.08703125 0.4577083328125
1 0.6578125 0 0.6578125 0.0679166671875 0.71265625 0.0679166671875 0.71265625 0 0.6578125 0
1 0.6578125 0.11750000000000001 0.6578125 0.0366666671875 0.62171875 0.0366666671875 0.62171875 0.11750000000000001 0.6578125 0.11750000000000001
1 0.6235937500000001 0.1591666671875 0.6235937500000001 0.09 0.5806250000000001 0.09 0.5806250000000001 0.1591666671875 0.6235937500000001 0.1591666671875
1 0.6721874999999999 0.42104166718749997 0.6721874999999999 0.4452083328125 0.7728125 0.4452083328125 0.7728125 0.3910416671875 0.67640625 0.3910416671875 0.67640625 0.3845833328125 0.6196875000000001 0.3845833328125 0.6196875000000001 0.42104166718749997 0.6721874999999999 0.42104166718749997
1 1 0.4016666671875 0.7967187499999999 0.4016666671875 0.7967187499999999 0.531875 1 0.531875 1 0.4016666671875
1 0.176875 0.1564583328125 0.176875 0.0927083328125 0.1290625 0.0927083328125 0.1290625 0.1564583328125 0.176875 0.1564583328125
1 0.22781250000000003 0.23875000000000002 0.22781250000000003 0.1852083328125 0.17781249999999998 0.1852083328125 0.17781249999999998 0.23875000000000002 0.22781250000000003 0.23875000000000002
1 0.6178125 0.39895833281250004 0.6178125 0.3716666671875 0.56203125 0.3716666671875 0.56203125 0.39895833281250004 0.6178125 0.39895833281250004