1 0.351875 0.1983333328125 0.351875 0.048333332812500004 0.15546875 0.048333332812500004 0.15546875 0.1983333328125 0.351875 0.1983333328125
1 0.46328125 0.26729166718749997 0.46328125 0.15 0.34609375 0.15 0.34609375 0.26729166718749997 0.46328125 0.26729166718749997
1 0.5434375 0.3116666671875 0.5434375 0.2335416671875 0.46234374999999994 0.2335416671875 0.46234374999999994 0.3116666671875 0.5434375 0.3116666671875
1 0.54640625 0.2320833328125 0.54640625 0.13708333281250001 0.46921875 0.13708333281250001 0.46921875 0.2320833328125 0.54640625 0.2320833328125
1 0.6129687500000001 0.2752083328125 0.6129687500000001 0.20875 0.54734375 0.20875 0.54734375 0.2752083328125 0.6129687500000001 0.2752083328125
1 0.6090625000000001 0.3560416671875 0.6090625000000001 0.28291666718749997 0.540625 0.28291666718749997 0.540625 0.3560416671875 0.6090625000000001 0.3560416671875
1 0.65390625 0.3820833328125 0.65390625 0.3285416671875 0.60609375 0.3285416671875 0.60609375 0.3820833328125 0.65390625 0.3820833328125
1 0.53953125 0.45625 0.53953125 0.3897916671875 0.26 0.3897916671875 0.26 0.45625 0.53953125 0.45625
1 0.6157812500000001 0.073125 0.6157812500000001 0.00020833281250000002 0.55421875 0.00020833281250000002 0.55421875 0.073125 0.6157812500000001 0.073125
1 0.66671875 0.1291666671875 0.66671875 0.0495833328125 0.6178125 0.0495833328125 0.6178125 0.1291666671875 0.66671875 0.1291666671875
1 0.70375 0.11750000000000001 0.70375 0.05625 0.665625 0.05625 0.665625 0.11750000000000001 0.70375 0.11750000000000001
1 0.69984375 0.1735416671875 0.69984375 0.1135416671875 0.6578125 0.1135416671875 0.6578125 0.1735416671875 0.69984375 0.1735416671875
1 0.73515625 0.21916666718750002 0.73515625 0.16312500000000002 0.6989062500000001 0.16312500000000002 0.6989062500000001 0.21916666718750002 0.73515625 0.21916666718750002
1 0.43890624999999994 0.7027083328125 0.43890624999999994 0.6154166671875 0.1240625 0.6154166671875 0.1240625 0.7027083328125 0.43890624999999994 0.7027083328125
1 0.5328125 0.5397916671874999 0.5328125 0.47583333281250006 0.33625 0.47583333281250006 0.33625 0.5397916671874999 0.5328125 0.5397916671874999
1 0.525 0.6870833328125 0.525 0.635 0.44078125 0.635 0.44078125 0.6870833328125 0.525 0.6870833328125
1 0.59328125 0.45375 0.59328125 0.40541666718749997 0.53953125 0.40541666718749997 0.53953125 0.45375 0.59328125 0.45375
1 0.6950000000000001 0.33645833281250004 0.6950000000000001 0.288125 0.6235937500000001 0.288125 0.6235937500000001 0.33645833281250004 0.6950000000000001 0.33645833281250004
1 0.69015625 0.3964583328125 0.69015625 0.3533333328125 0.65390625 0.3533333328125 0.65390625 0.3964583328125 0.69015625 0.3964583328125
1 0.724375 0.3533333328125 0.724375 0.318125 0.6940625 0.318125 0.6940625 0.3533333328125 0.724375 0.3533333328125
1 0.7223437500000001 0.42374999999999996 0.7223437500000001 0.3808333328125 0.6910937500000001 0.3808333328125 0.6910937500000001 0.42374999999999996 0.7223437500000001 0.42374999999999996
1 0.63046875 0.5866666671874999 0.63046875 0.5502083328125 0.58359375 0.5502083328125 0.58359375 0.5866666671874999 0.63046875 0.5866666671874999
1 0.6275000000000001 0.6583333328125 0.6275000000000001 0.621875 0.5815625 0.621875 0.5815625 0.6583333328125 0.6275000000000001 0.6583333328125
1 0.69203125 0.5683333328125 0.69203125 0.5358333328125 0.62953125 0.5358333328125 0.62953125 0.5683333328125 0.69203125 0.5683333328125
1 0.6871875000000001 0.654375 0.6871875000000001 0.6166666671875001 0.63546875 0.6166666671875001 0.63546875 0.654375 0.6871875000000001 0.654375
1 0.7654687499999999 0.63625 0.7654687499999999 0.6102083328125001 0.7379687500000001 0.6102083328125001 0.7379687500000001 0.63625 0.7654687499999999 0.63625
1 0.8895312499999999 0.6335416671874999 0.8895312499999999 0.60625 0.80640625 0.60625 0.80640625 0.6335416671874999 0.8895312499999999 0.6335416671874999
1 0.97359375 0.6454166671875 0.97359375 0.6166666671875001 0.88765625 0.6166666671875001 0.88765625 0.6454166671875 0.97359375 0.6454166671875
1 1 0.6258333328125001 0.9707812499999999 0.6258333328125001 0.9707812499999999 0.6454166671875 1 0.6454166671875 1 0.6258333328125001
1 0.7565625 0.2464583328125 0.7565625 0.20354166718750002 0.73125 0.20354166718750002 0.73125 0.2464583328125 0.7565625 0.2464583328125
1 0.77515625 0.27125 0.77515625 0.23875000000000002 0.7546875 0.23875000000000002 0.7546875 0.27125 0.77515625 0.27125
1 0.75078125 0.43541666718750005 0.75078125 0.4016666671875 0.724375 0.4016666671875 0.724375 0.43541666718750005 0.75078125 0.43541666718750005
1 0.7498437499999999 0.499375 0.7498437499999999 0.47583333281250006 0.724375 0.47583333281250006 0.724375 0.499375 0.7498437499999999 0.499375
1 0.71265625 0.4877083328125 0.71265625 0.4641666671875 0.6940625 0.4641666671875 0.6940625 0.4877083328125 0.71265625 0.4877083328125
1 0.76640625 0.545 0.76640625 0.5227083328125001 0.7459374999999999 0.5227083328125001 0.7459374999999999 0.545 0.76640625 0.545
1 0.76640625 0.5866666671874999 0.76640625 0.5645833328125 0.7418750000000001 0.5645833328125 0.7418750000000001 0.5866666671874999 0.76640625 0.5866666671874999
1 0.7184375000000001 0 0.7184375000000001 0.0379166671875 0.74875 0.0379166671875 0.74875 0 0.7184375000000001 0
1 0.7703125 0.0914583328125 0.7703125 0.028749999999999998 0.7478125 0.028749999999999998 0.7478125 0.0914583328125 0.7703125 0.0914583328125
1 0.79078125 0.45625 0.79078125 0.43166666718749996 0.7703125 0.43166666718749996 0.7703125 0.45625 0.79078125 0.45625
1 0.7498437499999999 0.37687499999999996 0.7498437499999999 0.348125 0.724375 0.348125 0.724375 0.37687499999999996 0.7498437499999999 0.37687499999999996
1 0.7946875 0.29854166718749997 0.7946875 0.26729166718749997 0.7732812499999999 0.26729166718749997 0.7732812499999999 0.29854166718749997 0.7946875 0.29854166718749997
1 0 0.08625000000000001 0.1446875 0.08625000000000001 0.1446875 0.00020833281250000002 0 0.00020833281250000002 0 0.08625000000000001
1 0.8015625 0.1395833328125 0.8015625 0.0991666671875 0.78 0.0991666671875 0.78 0.1395833328125 0.8015625 0.1395833328125
1 0.7576562499999999 0.195625 0.7576562499999999 0.15270833281250001 0.7340625000000001 0.15270833281250001 0.7340625000000001 0.195625 0.7576562499999999 0.195625
4 0.51875 0.445625 0.51875 0.6672916671875 0.60453125 0.6672916671875 0.60453125 0.445625 0.51875 0.445625
4 0.7068749999999999 0.49312500000000004 0.7068749999999999 0.6352083328125 0.74671875 0.6352083328125 0.74671875 0.49312500000000004 0.7068749999999999 0.49312500000000004
4 0.7634375 0.5139583328125 0.7634375 0.639375 0.78421875 0.639375 0.78421875 0.5139583328125 0.7634375 0.5139583328125