1 0.98359375 0.42374999999999996 0.98359375 0.3352083328125 0.73265625 0.3352083328125 0.73265625 0.42374999999999996 0.98359375 0.42374999999999996
1 0.73359375 0.47874999999999995 0.73359375 0.4225 0.7009375 0.4225 0.7009375 0.47874999999999995 0.73359375 0.47874999999999995
1 0.698125 0.48520833281250003 0.698125 0.45187499999999997 0.6721874999999999 0.45187499999999997 0.6721874999999999 0.48520833281250003 0.698125 0.48520833281250003
1 0.69609375 0.563125 0.69609375 0.5404166671875 0.6709375 0.5404166671875 0.6709375 0.563125 0.69609375 0.563125
1 0.7096875 0.57375 0.7096875 0.5287499999999999 0.69234375 0.5287499999999999 0.69234375 0.57375 0.7096875 0.57375
1 0.7307812499999999 0.57375 0.7307812499999999 0.5327083328125 0.7106250000000001 0.5327083328125 0.7106250000000001 0.57375 0.7307812499999999 0.57375
1 0.8673437500000001 0.5685416671875 0.8673437500000001 0.5222916671875 0.7279687499999999 0.5222916671875 0.7279687499999999 0.5685416671875 0.8673437500000001 0.5685416671875
1 0.689375 0.6431250000000001 0.689375 0.6160416671875 0.6703125 0.6160416671875 0.6703125 0.6431250000000001 0.689375 0.6431250000000001
1 0.7125 0.6660416671875 0.7125 0.6212500000000001 0.6865625 0.6212500000000001 0.6865625 0.6660416671875 0.7125 0.6660416671875
1 0.7259375 0.6864583328125 0.7259375 0.6441666671874999 0.70765625 0.6441666671874999 0.70765625 0.6864583328125 0.7259375 0.6864583328125
1 0.76734375 0.72875 0.76734375 0.6620833328125 0.723125 0.6620833328125 0.723125 0.72875 0.76734375 0.72875
1 0.99609375 0.8185416671875 0.99609375 0.6954166671875 0.77015625 0.6954166671875 0.77015625 0.8185416671875 0.99609375 0.8185416671875
1 0.9981249999999999 0.9954166671875001 0.9981249999999999 0.7404166671875 0.8375 0.7404166671875 0.8375 0.9954166671875001 0.9981249999999999 0.9954166671875001