1 0.33234375 1 0.33234375 0.8591666671875 0.07140625 0.8591666671875 0.07140625 1 0.33234375 1
1 1 0.7639583328125 0.82890625 0.7639583328125 0.82890625 0.866875 1 0.866875 1 0.7639583328125
1 1 0.9085416671875001 0.8035937499999999 0.9085416671875001 0.8035937499999999 0.9997916671875 1 0.9997916671875 1 0.9085416671875001
1 0 0.6883333328125001 0.13484374999999998 0.6883333328125001 0.13484374999999998 0.5879166671875 0 0.5879166671875 0 0.6883333328125001
1 0 0.0939583328125 0.09765625 0.0939583328125 0.09765625 0.0091666671875 0 0.0091666671875 0 0.0939583328125
1 0.8631249999999999 0 0.8631249999999999 0.09 1 0.09 1 0 0.8631249999999999 0
1 0.8318749999999999 0.7858333328125 0.8318749999999999 0.6916666671875 0.41296875 0.6916666671875 0.41296875 0.7858333328125 0.8318749999999999 0.7858333328125
1 0.3471875 0.9483333328124999 0.3471875 0.8077083328124999 0.05500000000000001 0.8077083328124999 0.05500000000000001 0.9483333328124999 0.3471875 0.9483333328124999
3 0.2734375 0.47437500000000005 0.2734375 0.4491666671875 0.2225 0.4491666671875 0.2225 0.47437500000000005 0.2734375 0.47437500000000005
3 0.34921875 0.47750000000000004 0.34921875 0.44749999999999995 0.31124999999999997 0.44749999999999995 0.31124999999999997 0.47750000000000004 0.34921875 0.47750000000000004
3 0.9446875 0.531875 0.9446875 0.476875 0.8778124999999999 0.476875 0.8778124999999999 0.531875 0.9446875 0.531875