1 0.48171875000000003 0.0045833328125 0.48171875000000003 0.12125 0.8481249999999999 0.12125 0.8481249999999999 0.0045833328125 0.48171875000000003 0.0045833328125
1 0.90328125 0.2079166671875 0.90328125 0.2979166671875 0.95796875 0.2979166671875 0.95796875 0.2079166671875 0.90328125 0.2079166671875
1 0.91921875 0.27125 0.91921875 0.340625 0.9981249999999999 0.340625 0.9981249999999999 0.27125 0.91921875 0.27125
3 0.3871875 0.019375 0.3871875 0.2308333328125 0.6003125 0.2308333328125 0.6003125 0.019375 0.3871875 0.019375
3 0.58671875 0.333125 0.58671875 0.1627083328125 0.4059375 0.1627083328125 0.4059375 0.333125 0.58671875 0.333125
3 0.70265625 0.396875 0.70265625 0.2785416671875 0.5610937500000001 0.2785416671875 0.5610937500000001 0.396875 0.70265625 0.396875
3 0.774375 0.35812499999999997 0.774375 0.2422916671875 0.60203125 0.2422916671875 0.60203125 0.35812499999999997 0.774375 0.35812499999999997
3 0.7692187500000001 0.433125 0.7692187500000001 0.33999999999999997 0.6890625 0.33999999999999997 0.6890625 0.433125 0.7692187500000001 0.433125
3 0.798125 0.44458333281250006 0.798125 0.3604166671875 0.75390625 0.3604166671875 0.75390625 0.44458333281250006 0.798125 0.44458333281250006
3 0.8340624999999999 0.47874999999999995 0.8340624999999999 0.4058333328125 0.79984375 0.4058333328125 0.79984375 0.47874999999999995 0.8340624999999999 0.47874999999999995
3 0.8885937500000001 0.4877083328125 0.8885937500000001 0.4014583328125 0.8306250000000001 0.4014583328125 0.8306250000000001 0.4877083328125 0.8885937500000001 0.4877083328125
3 0.89875 0.49916666718749997 0.89875 0.45145833281250003 0.8834375 0.45145833281250003 0.8834375 0.49916666718749997 0.89875 0.49916666718749997
3 0.755625 0.5514583328125 0.755625 0.471875 0.59703125 0.471875 0.59703125 0.5514583328125 0.755625 0.5514583328125
3 0.755625 0.6129166671874999 0.755625 0.5377083328125 0.585 0.5377083328125 0.585 0.6129166671874999 0.755625 0.6129166671874999
3 0.75734375 0.6925 0.75734375 0.6129166671874999 0.718125 0.6129166671874999 0.718125 0.6925 0.75734375 0.6925
3 0.7265625 0.70375 0.7265625 0.6083333328125 0.6515625 0.6083333328125 0.6515625 0.70375 0.7265625 0.70375
3 0.64640625 0.735625 0.64640625 0.57875 0.5235937500000001 0.57875 0.5235937500000001 0.735625 0.64640625 0.735625
3 0.525625 0.7424999999999999 0.525625 0.6 0.16046875 0.6 0.16046875 0.7424999999999999 0.525625 0.7424999999999999
3 0.365 0.8310416671875 0.365 0.6060416671875 0.095625 0.6060416671875 0.095625 0.8310416671875 0.365 0.8310416671875
3 0.13484374999999998 0.6129166671874999 0.13484374999999998 0.383125 0.001875 0.383125 0.001875 0.6129166671874999 0.13484374999999998 0.6129166671874999
3 0 0.8487500000000001 0.10578125000000001 0.8487500000000001 0.10578125000000001 0.6235416671875 0 0.6235416671875 0 0.8487500000000001
3 0.7931250000000001 0.560625 0.7931250000000001 0.48541666718750004 0.74875 0.48541666718750004 0.74875 0.560625 0.7931250000000001 0.560625
3 0.79140625 0.6241666671874999 0.79140625 0.5583333328125 0.74875 0.5583333328125 0.74875 0.6241666671874999 0.79140625 0.6241666671874999
3 0.7896875 0.67875 0.7896875 0.6264583328125 0.74875 0.6264583328125 0.74875 0.67875 0.7896875 0.67875
3 0.8390625 0.671875 0.8390625 0.515 0.77609375 0.515 0.77609375 0.671875 0.8390625 0.671875
3 0.8800000000000001 0.660625 0.8800000000000001 0.5877083328125 0.8373437499999999 0.5877083328125 0.8373437499999999 0.660625 0.8800000000000001 0.660625
3 0.00484375 0.0064583328125 0.00484375 0.12437499999999999 0.0834375 0.12437499999999999 0.0834375 0.0064583328125 0.00484375 0.0064583328125
3 0.08125 0.0064583328125 0.08125 0.2545833328125 0.37796875 0.2545833328125 0.37796875 0.0064583328125 0.08125 0.0064583328125
3 0.9989062499999999 0.5089583328125 0.9989062499999999 0.468125 0.94265625 0.468125 0.94265625 0.5089583328125 0.9989062499999999 0.5089583328125
3 0.9989062499999999 0.5477083328125001 0.9989062499999999 0.51125 0.9818749999999999 0.51125 0.9818749999999999 0.5477083328125001 0.9989062499999999 0.5477083328125001