1 0.8403124999999999 0.6152777781250001 0.8403124999999999 0.5615740734375 0.66625 0.5615740734375 0.66625 0.6152777781250001 0.8403124999999999 0.6152777781250001
1 0.8447395828125 0.69101851875 0.8447395828125 0.6468518515625 0.6653645828125 0.6468518515625 0.6653645828125 0.69101851875 0.8447395828125 0.69101851875
1 0.9939583328125 0.8031481484375 0.9939583328125 0.703703703125 0.9220312500000001 0.703703703125 0.9220312500000001 0.8031481484375 0.9939583328125 0.8031481484375
1 0.92734375 0.283703703125 0.92734375 0.35 0.9966145828125 0.35 0.9966145828125 0.283703703125 0.92734375 0.283703703125
1 0.93265625 0.1684259265625 0.93265625 0.25055555625000003 0.9983854171875001 0.25055555625000003 0.9983854171875001 0.1684259265625 0.93265625 0.1684259265625
1 0.9317708328125001 0.2821296296875 0.9317708328125001 0.21740740781249998 0.8731770828125001 0.21740740781249998 0.8731770828125001 0.2821296296875 0.9317708328125001 0.2821296296875
1 0.86875 0.315277778125 0.86875 0.24259259218749998 0.8252083328125 0.24259259218749998 0.8252083328125 0.315277778125 0.86875 0.315277778125
1 0.8269791671875 0.3341666671875 0.8269791671875 0.27898148125 0.7932291671875 0.27898148125 0.7932291671875 0.3341666671875 0.8269791671875 0.3341666671875
1 0.7958854171875 0.343703703125 0.7958854171875 0.29944444375 0.7621354171875 0.29944444375 0.7621354171875 0.343703703125 0.7958854171875 0.343703703125
1 0.7683854171875 0.0658333328125 0.7683854171875 0.11000000000000001 0.7888020828125 0.11000000000000001 0.7888020828125 0.0658333328125 0.7683854171875 0.0658333328125
1 0.7879166671875 0.024722221875 0.7879166671875 0.0721296296875 0.8216666671875 0.0721296296875 0.8216666671875 0.024722221875 0.7879166671875 0.024722221875
1 0.7683854171875 0.1574074078125 0.7683854171875 0.09898148125 0.7515104171875 0.09898148125 0.7515104171875 0.1574074078125 0.7683854171875 0.1574074078125
1 0.7488541671875 0.17314814843749998 0.7488541671875 0.1258333328125 0.7346354171875 0.1258333328125 0.7346354171875 0.17314814843749998 0.7488541671875 0.17314814843749998
1 0.73375 0.1968518515625 0.73375 0.1478703703125 0.7186458328125 0.1478703703125 0.7186458328125 0.1968518515625 0.73375 0.1968518515625
1 0.716875 0.22055555624999998 0.716875 0.17944444375 0.7 0.17944444375 0.7 0.22055555624999998 0.716875 0.22055555624999998
1 0.16260416718749998 0.16444444375 0.16260416718749998 0.2508333328125 0.3890104171875 0.2508333328125 0.3890104171875 0.16444444375 0.16260416718749998 0.16444444375
1 0.0058333328125 0.0025925921875000002 0.0058333328125 0.1303703703125 0.2841145828125 0.1303703703125 0.2841145828125 0.0025925921875000002 0.0058333328125 0.0025925921875000002
1 0.27546875000000004 0.25648148125 0.27546875000000004 0.2999074078125 0.42348958281250004 0.2999074078125 0.42348958281250004 0.25648148125 0.27546875000000004 0.25648148125
1 0.4227604171875 0.23546296249999998 0.4227604171875 0.1670370375 0.3731770828125 0.1670370375 0.3731770828125 0.23546296249999998 0.4227604171875 0.23546296249999998
1 0.44718749999999996 0.2486111109375 0.44718749999999996 0.20518518593750001 0.42348958281250004 0.20518518593750001 0.42348958281250004 0.2486111109375 0.44718749999999996 0.2486111109375
1 0.4375520828125 0.3156481484375 0.4375520828125 0.2656481484375 0.41312499999999996 0.2656481484375 0.41312499999999996 0.3156481484375 0.4375520828125 0.3156481484375
1 0.7291666671875 0.0013888890625 0.7291666671875 0.026388889062499997 0.7623958328125 0.026388889062499997 0.7623958328125 0.0013888890625 0.7291666671875 0.0013888890625
3 0.9241145828124999 0.5171296296875 0.9241145828124999 0.42898148125 0.89375 0.42898148125 0.89375 0.5171296296875 0.9241145828124999 0.5171296296875
3 0.90265625 0.47101851874999995 0.90265625 0.423703703125 0.8663541671875 0.423703703125 0.8663541671875 0.47101851874999995 0.90265625 0.47101851874999995
3 0.89375 0.5131481484375 0.89375 0.476296296875 0.8641666671875001 0.476296296875 0.8641666671875001 0.5131481484375 0.89375 0.5131481484375
3 0.8685937499999999 0.5065740734374999 0.8685937499999999 0.476296296875 0.8352604171875001 0.476296296875 0.8352604171875001 0.5065740734374999 0.8685937499999999 0.5065740734374999
3 0.9018750000000001 0.65 0.9018750000000001 0.5421296296875 0.8456250000000001 0.5421296296875 0.8456250000000001 0.65 0.9018750000000001 0.65
3 0.9152083328125 0.6618518515625 0.9152083328125 0.5974074078125 0.8685937499999999 0.5974074078125 0.8685937499999999 0.6618518515625 0.9152083328125 0.6618518515625
3 0.9285416671875 0.6658333328125 0.9285416671875 0.6171296296875 0.89671875 0.6171296296875 0.89671875 0.6658333328125 0.9285416671875 0.6658333328125
3 0.29203125 0.7118518515625001 0.29203125 0.625 0.2491145828125 0.625 0.2491145828125 0.7118518515625001 0.29203125 0.7118518515625001
3 0.2476041671875 0.7710185187499999 0.2476041671875 0.6474074078125 0.0655208328125 0.6474074078125 0.0655208328125 0.7710185187499999 0.2476041671875 0.7710185187499999
3 0.2461458328125 0.8434259265625 0.2461458328125 0.7302777781249999 0.0566666671875 0.7302777781249999 0.0566666671875 0.8434259265625 0.2461458328125 0.8434259265625
3 0.2476041671875 0.923703703125 0.2476041671875 0.8025925921875 0.1366145828125 0.8025925921875 0.1366145828125 0.923703703125 0.2476041671875 0.923703703125
3 0.1707291671875 0.9999074078125 0.1707291671875 0.8673148140625001 0.0172395828125 0.8673148140625001 0.0172395828125 0.9999074078125 0.1707291671875 0.9999074078125
3 0.09078125000000001 0.9999074078125 0.09078125000000001 0.945 0.00125 0.945 0.00125 0.9999074078125 0.09078125000000001 0.9999074078125
3 0.00125 0.571759259375 0.00125 0.7195370375000001 0.13234375 0.7195370375000001 0.13234375 0.571759259375 0.00125 0.571759259375
3 0.00125 0.456203703125 0.00125 0.6020370374999999 0.1355729171875 0.6020370374999999 0.1355729171875 0.456203703125 0.00125 0.456203703125
3 0.2016145828125 0.5603703703125 0.2016145828125 0.45805555625 0.12062500000000001 0.45805555625 0.12062500000000001 0.5603703703125 0.2016145828125 0.5603703703125
3 0.2005729171875 0.6588888890625 0.2005729171875 0.5451851859375 0.12171875000000001 0.5451851859375 0.12171875000000001 0.6588888890625 0.2005729171875 0.6588888890625
3 0.2677083328125 0.6266666671875 0.2677083328125 0.535740740625 0.1888541671875 0.535740740625 0.1888541671875 0.6266666671875 0.2677083328125 0.6266666671875
3 0.3572395828125 0.5774074078125 0.3572395828125 0.408796296875 0.2474479171875 0.408796296875 0.2474479171875 0.5774074078125 0.3572395828125 0.5774074078125
3 0.3881770828125 0.49787037031250003 0.3881770828125 0.4448148140625 0.3508333328125 0.4448148140625 0.3508333328125 0.49787037031250003 0.3881770828125 0.49787037031250003
3 0.3881770828125 0.5413888890624999 0.3881770828125 0.4940740734375 0.35192708281249996 0.4940740734375 0.35192708281249996 0.5413888890624999 0.3881770828125 0.5413888890624999
3 0.4105208328125 0.535740740625 0.4105208328125 0.4883333328125 0.3828125 0.4883333328125 0.3828125 0.535740740625 0.4105208328125 0.535740740625
3 0.42760416718750005 0.45240740781250005 0.42760416718750005 0.4258333328125 0.40625 0.4258333328125 0.40625 0.45240740781250005 0.42760416718750005 0.45240740781250005
3 0.42760416718750005 0.4750925921875 0.42760416718750005 0.44666666718750003 0.40734375 0.44666666718750003 0.40734375 0.4750925921875 0.42760416718750005 0.4750925921875
3 0.44781250000000006 0.516759259375 0.44781250000000006 0.43148148124999997 0.4222395828125 0.43148148124999997 0.4222395828125 0.516759259375 0.44781250000000006 0.516759259375
3 0.4371875 0.6324074078125 0.4371875 0.5337962968750001 0.40625 0.5337962968750001 0.40625 0.6324074078125 0.4371875 0.6324074078125
3 0.44890625 0.5831481484375 0.44890625 0.5451851859375 0.43609375000000006 0.5451851859375 0.43609375000000006 0.5831481484375 0.44890625 0.5831481484375
3 0.4574479171875 0.6001851859375 0.4574479171875 0.5679629625 0.44036458281249996 0.5679629625 0.44036458281249996 0.6001851859375 0.4574479171875 0.6001851859375
3 0.3998958328125 0.634259259375 0.3998958328125 0.571759259375 0.359375 0.571759259375 0.359375 0.634259259375 0.3998958328125 0.634259259375
3 0.3923958328125 0.653240740625 0.3923958328125 0.5944444437499999 0.2922395828125 0.5944444437499999 0.2922395828125 0.653240740625 0.3923958328125 0.653240740625
3 0.38921875 0.6816666671875 0.38921875 0.643703703125 0.3604166671875 0.643703703125 0.3604166671875 0.6816666671875 0.38921875 0.6816666671875
3 0.3679166671875 0.706296296875 0.3679166671875 0.6588888890625 0.3125 0.6588888890625 0.3125 0.706296296875 0.3679166671875 0.706296296875
3 0.3508333328125 0.7309259265625 0.3508333328125 0.6759259265625001 0.2869270828125 0.6759259265625001 0.2869270828125 0.7309259265625 0.3508333328125 0.7309259265625
3 0.3252604171875 0.797222221875 0.3252604171875 0.7195370375000001 0.28265625 0.7195370375000001 0.28265625 0.797222221875 0.3252604171875 0.797222221875
3 0.29328125 0.7877777781249999 0.29328125 0.6949074078125 0.24109375000000002 0.6949074078125 0.24109375000000002 0.7877777781249999 0.29328125 0.7877777781249999
3 0.30609375 0.8483333328124999 0.30609375 0.7574074078125 0.24854166718749998 0.7574074078125 0.24854166718749998 0.8483333328124999 0.30609375 0.8483333328124999
3 0.5263020828125 0.531296296875 0.5263020828125 0.4984259265625 0.5085416671874999 0.4984259265625 0.5085416671874999 0.531296296875 0.5263020828125 0.531296296875
3 0.7957291671875 0.49055555625 0.7957291671875 0.46157407343749995 0.7735416671875 0.46157407343749995 0.7735416671875 0.49055555625 0.7957291671875 0.49055555625
3 0.4730208328125 0.4891666671875 0.4730208328125 0.44314814843750006 0.46119791718750003 0.44314814843750006 0.46119791718750003 0.4891666671875 0.4730208328125 0.4891666671875