1 0 0.45101851875000004 0.10734375 0.45101851875000004 0.10734375 0.3496296296875 0 0.3496296296875 0 0.45101851875000004
1 0 0.3728703703125 0.10828125 0.3728703703125 0.10828125 0.28148148125 0 0.28148148125 0 0.3728703703125
1 0.2148958328125 0.4493518515625 0.2148958328125 0.376203703125 0.10177083281249999 0.376203703125 0.10177083281249999 0.4493518515625 0.2148958328125 0.4493518515625
1 0 0.838240740625 0.0998958328125 0.838240740625 0.0998958328125 0.70194444375 0 0.70194444375 0 0.838240740625
1 0.2148958328125 1 0.2148958328125 0.84648148125 0.09427083281250001 0.84648148125 0.09427083281250001 1 0.2148958328125 1
1 0.3120833328125 0.7816666671875 0.3120833328125 0.6986111109375 0.23359375 0.6986111109375 0.23359375 0.7816666671875 0.3120833328125 0.7816666671875
1 0.2821875 0.407777778125 0.2821875 0.3479629625 0.2111458328125 0.3479629625 0.2111458328125 0.407777778125 0.2821875 0.407777778125
1 0.31677083281249996 0.407777778125 0.31677083281249996 0.3695370375 0.2784375 0.3695370375 0.2784375 0.407777778125 0.31677083281249996 0.407777778125
1 0.2784375 0.4493518515625 0.2784375 0.397777778125 0.21208333281249997 0.397777778125 0.21208333281249997 0.4493518515625 0.2784375 0.4493518515625
1 0.31677083281249996 0.4493518515625 0.31677083281249996 0.407777778125 0.275625 0.407777778125 0.275625 0.4493518515625 0.31677083281249996 0.4493518515625
1 0.4073958328125 0.623240740625 0.4073958328125 0.5918518515625 0.39125 0.5918518515625 0.39125 0.623240740625 0.4073958328125 0.623240740625
1 0.34989583281250003 0.44490740781250004 0.34989583281250003 0.406203703125 0.3145833328125 0.406203703125 0.3145833328125 0.44490740781250004 0.34989583281250003 0.44490740781250004
1 0.36942708281250003 0.4428703703125 0.36942708281250003 0.42416666718749996 0.34953124999999996 0.42416666718749996 0.34953124999999996 0.4428703703125 0.36942708281250003 0.4428703703125
1 0.3927604171875 0.4436111109375 0.3927604171875 0.4201851859375 0.3686979171875 0.4201851859375 0.3686979171875 0.4436111109375 0.3927604171875 0.4436111109375
1 0.3897395828125 0.38944444375 0.3897395828125 0.3613888890625 0.3656770828125 0.3613888890625 0.3656770828125 0.38944444375 0.3897395828125 0.38944444375
1 0.4092708328125 0.4428703703125 0.4092708328125 0.42083333281249996 0.39197916718750003 0.42083333281249996 0.39197916718750003 0.4428703703125 0.4092708328125 0.4428703703125
1 0.4175520828125 0.444259259375 0.4175520828125 0.42416666718749996 0.40812499999999996 0.42416666718749996 0.40812499999999996 0.444259259375 0.4175520828125 0.444259259375
1 0.3416666671875 0.1499074078125 0.3416666671875 0.060925926562499996 0.3069791671875 0.060925926562499996 0.3069791671875 0.1499074078125 0.3416666671875 0.1499074078125
1 0.3696354171875 0.1915740734375 0.3696354171875 0.1218518515625 0.3385416671875 0.1218518515625 0.3385416671875 0.1915740734375 0.3696354171875 0.1915740734375
1 0.3827083328125 0.1875925921875 0.3827083328125 0.150740740625 0.3664583328125 0.150740740625 0.3664583328125 0.1875925921875 0.3827083328125 0.1875925921875
1 0.38317708281249996 0.2140740734375 0.38317708281249996 0.17398148125 0.3628645828125 0.17398148125 0.3628645828125 0.2140740734375 0.38317708281249996 0.2140740734375
1 0.40072916718749996 0.21888888906249998 0.40072916718749996 0.17555555625000002 0.3813541671875 0.17555555625000002 0.3813541671875 0.21888888906249998 0.40072916718749996 0.21888888906249998
1 0.399375 0.23731481406250002 0.399375 0.198796296875 0.3808854171875 0.198796296875 0.3808854171875 0.23731481406250002 0.399375 0.23731481406250002
1 0.4129166671875 0.2581481484375 0.4129166671875 0.22203703749999998 0.399375 0.22203703749999998 0.399375 0.2581481484375 0.4129166671875 0.2581481484375
1 0.40796875000000005 0.076203703125 0.40796875000000005 0.027314814062499998 0.3944270828125 0.027314814062499998 0.3944270828125 0.076203703125 0.40796875000000005 0.076203703125
1 0.42203125 0.27379629687499996 0.42203125 0.2459259265625 0.4129166671875 0.2459259265625 0.4129166671875 0.27379629687499996 0.42203125 0.27379629687499996
1 0.42552083281249997 0.4440740734375 0.42552083281249997 0.4270370375 0.41578125000000005 0.4270370375 0.41578125000000005 0.4440740734375 0.42552083281249997 0.4440740734375
1 0.7919791671875 0 0.7919791671875 0.1684259265625 0.9072916671875 0.1684259265625 0.9072916671875 0 0.7919791671875 0
1 0.7966666671875 0.23629629687499998 0.7966666671875 0.10333333281249998 0.7280729171875 0.10333333281249998 0.7280729171875 0.23629629687499998 0.7966666671875 0.23629629687499998
1 0.7234375 0.28055555625 0.7234375 0.20166666718749998 0.6790104171875 0.20166666718749998 0.6790104171875 0.28055555625 0.7234375 0.28055555625
1 0.6821354171875 0.3068518515625 0.6821354171875 0.2556481484375 0.65796875 0.2556481484375 0.65796875 0.3068518515625 0.6821354171875 0.3068518515625
1 0.6566145828125001 0.323240740625 0.6566145828125001 0.28638888906250004 0.6413020828125 0.28638888906250004 0.6413020828125 0.323240740625 0.6566145828125001 0.323240740625
1 0.6413020828125 0.3416666671875 0.6413020828125 0.2991666671875 0.62328125 0.2991666671875 0.62328125 0.3416666671875 0.6413020828125 0.3416666671875
1 0.71578125 0.6817592593749999 0.71578125 0.620277778125 0.6842708328125 0.620277778125 0.6842708328125 0.6817592593749999 0.71578125 0.6817592593749999
1 0.6891145828125 0.6036111109375 0.6891145828125 0.5508333328125 0.6564583328125 0.5508333328125 0.6564583328125 0.6036111109375 0.6891145828125 0.6036111109375
1 0.69328125 0.7445370375 0.69328125 0.6703703703125 0.6575520828125 0.6703703703125 0.6575520828125 0.7445370375 0.69328125 0.7445370375
1 0.6459374999999999 0.5681481484375001 0.6459374999999999 0.532777778125 0.6264062499999999 0.532777778125 0.6264062499999999 0.5681481484375001 0.6459374999999999 0.5681481484375001
1 0.6515625 0.6570370375000001 0.6515625 0.618240740625 0.63125 0.618240740625 0.63125 0.6570370375000001 0.6515625 0.6570370375000001
1 0.6271354171875 0.62694444375 0.6271354171875 0.59694444375 0.614375 0.59694444375 0.614375 0.62694444375 0.6271354171875 0.62694444375
1 0.6565104171875 0.09361111093749999 0.6565104171875 0.0100925921875 0.6290625000000001 0.0100925921875 0.6290625000000001 0.09361111093749999 0.6565104171875 0.09361111093749999
1 0.6227083328125 0.3534259265625 0.6227083328125 0.32138888906249996 0.61140625 0.32138888906249996 0.61140625 0.3534259265625 0.6227083328125 0.3534259265625
1 0.6196875000000001 0.1724074078125 0.6196875000000001 0.1156481484375 0.6088020828125 0.1156481484375 0.6088020828125 0.1724074078125 0.6196875000000001 0.1724074078125
1 0.6106770828125 0.19851851874999998 0.6106770828125 0.15101851875 0.6008854171875 0.15101851875 0.6008854171875 0.19851851874999998 0.6106770828125 0.19851851874999998
1 0.6125520828125001 0.362777778125 0.6125520828125001 0.3353703703125 0.60203125 0.3353703703125 0.60203125 0.362777778125 0.6125520828125001 0.362777778125
1 0.60203125 0.3708333328125 0.60203125 0.34342592656250004 0.5941666671875 0.34342592656250004 0.5941666671875 0.3708333328125 0.60203125 0.3708333328125
1 0.6008854171875 0.22324074062500002 0.6008854171875 0.18842592656249998 0.5935937499999999 0.18842592656249998 0.5935937499999999 0.22324074062500002 0.6008854171875 0.22324074062500002
1 0.5925520828125 0.23851851875 0.5925520828125 0.204722221875 0.5857812499999999 0.204722221875 0.5857812499999999 0.23851851875 0.5925520828125 0.23851851875
4 0.62546875 0.5993518515625 0.62546875 0.45574074062500003 0.6016666671875 0.45574074062500003 0.6016666671875 0.5993518515625 0.62546875 0.5993518515625
4 0.5696875 0.5212037031250001 0.5696875 0.4529629625 0.5619791671875001 0.4529629625 0.5619791671875001 0.5212037031250001 0.5696875 0.5212037031250001
4 0.5796354171875 0.5479629625 0.5796354171875 0.4570370375 0.56796875 0.4570370375 0.56796875 0.5479629625 0.5796354171875 0.5479629625
4 0.46635416718749995 0.5375925921875 0.46635416718749995 0.46027777812500004 0.4552604171875 0.46027777812500004 0.4552604171875 0.5375925921875 0.46635416718749995 0.5375925921875
4 0.45005208281250003 0.5623148140625001 0.45005208281250003 0.45898148125000005 0.44515625 0.45898148125000005 0.44515625 0.5623148140625001 0.45005208281250003 0.5623148140625001
4 0.44692708281250004 0.5690740734374999 0.44692708281250004 0.457777778125 0.4399479171875 0.457777778125 0.4399479171875 0.5690740734374999 0.44692708281250004 0.5690740734374999
4 0.440625 0.5783333328125 0.440625 0.46212962968750004 0.4305729171875 0.46212962968750004 0.4305729171875 0.5783333328125 0.440625 0.5783333328125
4 0.4305729171875 0.5845370375 0.4305729171875 0.4651851859375 0.4246354171875 0.4651851859375 0.4246354171875 0.5845370375 0.4305729171875 0.5845370375
4 0.4243229171875 0.593796296875 0.4243229171875 0.46703703750000003 0.41421875 0.46703703750000003 0.41421875 0.593796296875 0.4243229171875 0.593796296875
4 0.41244791718749996 0.603703703125 0.41244791718749996 0.46648148125000005 0.4013541671875 0.46648148125000005 0.4013541671875 0.603703703125 0.41244791718749996 0.603703703125
4 0.39718749999999997 0.653796296875 0.39718749999999997 0.470740740625 0.37421875 0.470740740625 0.37421875 0.653796296875 0.39718749999999997 0.653796296875
4 0.3745833328125 0.67851851875 0.3745833328125 0.4750925921875 0.3122916671875 0.4750925921875 0.3122916671875 0.67851851875 0.3745833328125 0.67851851875
4 0.2565104171875 0.001203703125 0.2565104171875 0.0890740734375 0.3105208328125 0.0890740734375 0.3105208328125 0.001203703125 0.2565104171875 0.001203703125