3 0.680625 0.35 0.680625 0.22374999999999998 0.5118750000000001 0.22374999999999998 0.5118750000000001 0.35 0.680625 0.35
3 0.86421875 0.3947916671875 0.86421875 0.260625 0.7003125 0.260625 0.7003125 0.3947916671875 0.86421875 0.3947916671875
3 0.999375 0.42895833281250006 0.999375 0.34208333281250003 0.89375 0.34208333281250003 0.89375 0.42895833281250006 0.999375 0.42895833281250006
3 0.99828125 0.714375 0.99828125 0.5566666671875 0.8800000000000001 0.5566666671875 0.8800000000000001 0.714375 0.99828125 0.714375
3 0.6292187499999999 0.6643749999999999 0.6292187499999999 0.4947916671875 0.47328125 0.4947916671875 0.47328125 0.6643749999999999 0.6292187499999999 0.6643749999999999
3 0.6598437500000001 0.5079166671875 0.6598437500000001 0.41187500000000005 0.52859375 0.41187500000000005 0.52859375 0.5079166671875 0.6598437500000001 0.5079166671875
3 0.66671875 0.5933333328125 0.66671875 0.510625 0.6174999999999999 0.510625 0.6174999999999999 0.5933333328125 0.66671875 0.5933333328125
3 0.45562500000000006 0.5447916671875 0.45562500000000006 0.45 0.305625 0.45 0.305625 0.5447916671875 0.45562500000000006 0.5447916671875
3 0.45171875000000006 0.59875 0.45171875000000006 0.5237499999999999 0.31046874999999996 0.5237499999999999 0.31046874999999996 0.59875 0.45171875000000006 0.59875
3 0.3825 0.5816666671874999 0.3825 0.3908333328125 0.1990625 0.3908333328125 0.1990625 0.5816666671874999 0.3825 0.5816666671874999
3 0.47625 0.236875 0.47625 0.1710416671875 0.3440625 0.1710416671875 0.3440625 0.236875 0.47625 0.236875
3 0.4684375 0.2802083328125 0.4684375 0.2289583328125 0.34609375 0.2289583328125 0.34609375 0.2802083328125 0.4684375 0.2802083328125
3 0.4684375 0.3210416671875 0.4684375 0.2816666671875 0.33921875 0.2816666671875 0.33921875 0.3210416671875 0.4684375 0.3210416671875
3 0.27296875 0.3039583328125 0.27296875 0.2527083328125 0.1684375 0.2527083328125 0.1684375 0.3039583328125 0.27296875 0.3039583328125
3 0.1496875 0.5079166671875 0.1496875 0.40791666718749997 0.04796875 0.40791666718749997 0.04796875 0.5079166671875 0.1496875 0.5079166671875
3 0.11015625 0.42374999999999996 0.11015625 0.35 0.0035937499999999997 0.35 0.0035937499999999997 0.42374999999999996 0.11015625 0.42374999999999996
3 0.05500000000000001 0.47375 0.05500000000000001 0.42374999999999996 0.0017187500000000002 0.42374999999999996 0.0017187500000000002 0.47375 0.05500000000000001 0.47375
3 0.1121875 0.3039583328125 0.1121875 0.2316666671875 0.04015625 0.2316666671875 0.04015625 0.3039583328125 0.1121875 0.3039583328125
3 0.08156250000000001 0.22374999999999998 0.08156250000000001 0.1960416671875 0.0035937499999999997 0.1960416671875 0.0035937499999999997 0.22374999999999998 0.08156250000000001 0.22374999999999998
3 0.061875 0.263125 0.061875 0.22770833281249997 0.005625 0.22770833281249997 0.005625 0.263125 0.061875 0.263125
3 0.04109375 0.2972916671875 0.04109375 0.260625 0.0017187500000000002 0.260625 0.0017187500000000002 0.2972916671875 0.04109375 0.2972916671875
3 0.2365625 0.2579166671875 0.2365625 0.2210416671875 0.10718749999999999 0.2210416671875 0.10718749999999999 0.2579166671875 0.2365625 0.2579166671875
3 0.1684375 0.3039583328125 0.1684375 0.26437499999999997 0.11125 0.26437499999999997 0.11125 0.3039583328125 0.1684375 0.3039583328125
3 0.23453125 0.2341666671875 0.23453125 0.17625 0.09546875 0.17625 0.09546875 0.2341666671875 0.23453125 0.2341666671875