1 0.8153124999999999 0.5866666671874999 0.8153124999999999 0.46666666718750005 0.45546875 0.46666666718750005 0.45546875 0.5866666671874999 0.8153124999999999 0.5866666671874999
1 0.46234374999999994 0.4954166671875 0.46234374999999994 0.4341666671875 0.36843750000000003 0.4341666671875 0.36843750000000003 0.4954166671875 0.46234374999999994 0.4954166671875
1 0.3040625 0.3077083328125 0.3040625 0.2372916671875 0.13968750000000002 0.2372916671875 0.13968750000000002 0.3077083328125 0.3040625 0.3077083328125
1 0.26875 0.4264583328125 0.26875 0.36124999999999996 0.13093749999999998 0.36124999999999996 0.13093749999999998 0.4264583328125 0.26875 0.4264583328125
1 0.28046875 0.531875 0.28046875 0.4614583328125 0.136875 0.4614583328125 0.136875 0.531875 0.28046875 0.531875
1 0 0.32458333281249996 0.14265624999999998 0.32458333281249996 0.14265624999999998 0.2660416671875 0 0.2660416671875 0 0.32458333281249996
1 0 0.41333333281250006 0.145625 0.41333333281250006 0.145625 0.365 0 0.365 0 0.41333333281250006
1 0 0.51625 0.1446875 0.51625 0.1446875 0.4458333328125 0 0.4458333328125 0 0.51625
1 0.2209375 0.0014583328125 0.2209375 0.027500000000000004 0.32453125 0.027500000000000004 0.32453125 0.0014583328125 0.2209375 0.0014583328125
2 0.425 0.5570833328125 0.425 0.0416666671875 0.20859375 0.0416666671875 0.20859375 0.5570833328125 0.425 0.5570833328125
4 0.9971875000000001 0.6247916671875 0.9971875000000001 0.3410416671875 0.89421875 0.3410416671875 0.89421875 0.6247916671875 0.9971875000000001 0.6247916671875