2 0.6121875 0.993125 0.6121875 0.6097916671875 0.475 0.6097916671875 0.475 0.993125 0.6121875 0.993125
2 0.9360937500000001 0.7866666671875 0.9360937500000001 0.5966666671875 0.88828125 0.5966666671875 0.88828125 0.7866666671875 0.9360937500000001 0.7866666671875
1 0.4403125 0.8329166671875001 0.4403125 0.6989583328125 0.100625 0.6989583328125 0.100625 0.8329166671875001 0.4403125 0.8329166671875001
1 0.4403125 0.9789583328125 0.4403125 0.8087500000000001 0.10484374999999999 0.8087500000000001 0.10484374999999999 0.9789583328125 0.4403125 0.9789583328125
1 0.56453125 0.9604166671875 0.56453125 0.88125 0.41531250000000003 0.88125 0.41531250000000003 0.9604166671875 0.56453125 0.9604166671875
1 0.50734375 1 0.50734375 0.9435416671875 0.40828125000000004 0.9435416671875 0.40828125000000004 1 0.50734375 1
1 0.90984375 0.6970833328125 0.90984375 0.7204166671875 0.9628125000000001 0.7204166671875 0.9628125000000001 0.6970833328125 0.90984375 0.6970833328125
1 0.63734375 0.9327083328124999 0.63734375 0.8579166671875 0.5745312499999999 0.8579166671875 0.5745312499999999 0.9327083328124999 0.63734375 0.9327083328124999
4 0.759375 0.641875 0.759375 0.79625 0.8940625000000001 0.79625 0.8940625000000001 0.641875 0.759375 0.641875
4 0.76328125 0.500625 0.76328125 0.641875 0.9 0.641875 0.9 0.500625 0.76328125 0.500625
4 0.56453125 0.7354166671875 0.56453125 0.8541666671874999 0.7071875000000001 0.8541666671874999 0.7071875000000001 0.7354166671875 0.56453125 0.7354166671875
4 0.7056250000000001 0.7222916671874999 0.7056250000000001 0.81875 0.7296875 0.81875 0.7296875 0.7222916671874999 0.7056250000000001 0.7222916671874999
4 0.56828125 0.6537499999999999 0.56828125 0.7352083328125001 0.7329687500000001 0.7352083328125001 0.7329687500000001 0.6537499999999999 0.56828125 0.6537499999999999
4 0.56734375 0.5852083328125001 0.56734375 0.6564583328125 0.7424999999999999 0.6564583328125 0.7424999999999999 0.5852083328125001 0.56734375 0.5852083328125001
4 0.57125 0.51125 0.57125 0.5877083328125 0.7346874999999999 0.5877083328125 0.7346874999999999 0.51125 0.57125 0.51125
4 0.564375 0.4254166671875 0.564375 0.51125 0.7346874999999999 0.51125 0.7346874999999999 0.4254166671875 0.564375 0.4254166671875
4 0.56734375 0.36604166718750003 0.56734375 0.4452083328125 0.7346874999999999 0.4452083328125 0.7346874999999999 0.36604166718750003 0.56734375 0.36604166718750003
4 1 0.6154166671875 0.9703125 0.6154166671875 0.9703125 0.70125 1 0.70125 1 0.6154166671875
4 1 0.5416666671875 0.9671875 0.5416666671875 0.9671875 0.6141666671875 1 0.6141666671875 1 0.5416666671875
4 0.00203125 0.5349999999999999 0.00203125 0.6747916671875 0.18625 0.6747916671875 0.18625 0.5349999999999999 0.00203125 0.5349999999999999
4 0.34546875 0.5170833328125 0.34546875 0.4454166671875 0.20765625000000001 0.4454166671875 0.20765625000000001 0.5170833328125 0.34546875 0.5170833328125
4 0.34765625 0.5858333328125 0.34765625 0.515625 0.20656249999999998 0.515625 0.20656249999999998 0.5858333328125 0.34765625 0.5858333328125
4 0.11140625 0.9354166671874999 0.11140625 0.6739583328125 0.026250000000000002 0.6739583328125 0.026250000000000002 0.9354166671874999 0.11140625 0.9354166671874999