1 0.851875 0.21729166718749998 0.851875 0.048125 0.60390625 0.048125 0.60390625 0.21729166718749998 0.851875 0.21729166718749998
1 0.8903125 0.27375 0.8903125 0.1454166671875 0.8528125 0.1454166671875 0.8528125 0.27375 0.8903125 0.27375
1 0.75859375 0.22875 0.75859375 0.31604166718750004 0.95578125 0.31604166718750004 0.95578125 0.22875 0.75859375 0.22875
1 0.8856249999999999 0.2864583328125 0.8856249999999999 0.3635416671875 0.9846875 0.3635416671875 0.9846875 0.2864583328125 0.8856249999999999 0.2864583328125
3 0.45859375 0.786875 0.45859375 0.5972916671874999 0.09046875 0.5972916671874999 0.09046875 0.786875 0.45859375 0.786875
3 0.27109375 0.8289583328125 0.27109375 0.6091666671875 0.0017187500000000002 0.6091666671875 0.0017187500000000002 0.8289583328125 0.27109375 0.8289583328125
3 0.0021874999999999998 0.0710416671875 0.0021874999999999998 0.309375 0.401875 0.309375 0.401875 0.0710416671875 0.0021874999999999998 0.0710416671875
3 0.5428124999999999 0.2297916671875 0.5428124999999999 0.055208332812500004 0.29109375000000004 0.055208332812500004 0.29109375000000004 0.2297916671875 0.5428124999999999 0.2297916671875
3 0.53421875 0.3525 0.53421875 0.1820833328125 0.38765625 0.1820833328125 0.38765625 0.3525 0.53421875 0.3525
3 0.5428124999999999 0.5435416671875 0.5428124999999999 0.41604166718749996 0.3315625 0.41604166718749996 0.3315625 0.5435416671875 0.5428124999999999 0.5435416671875
3 0.5376562500000001 0.6366666671875 0.5376562500000001 0.5208333328125 0.3228125 0.5208333328125 0.3228125 0.6366666671875 0.5376562500000001 0.6366666671875
3 0.54453125 0.7618750000000001 0.54453125 0.6322916671875001 0.43531250000000005 0.6322916671875001 0.43531250000000005 0.7618750000000001 0.54453125 0.7618750000000001
3 0.6075 0.7277083328125 0.6075 0.6345833328125 0.53078125 0.6345833328125 0.53078125 0.7277083328125 0.6075 0.7277083328125
3 0.5290625 0.5527083328125 0.5290625 0.6389583328125 0.61609375 0.6389583328125 0.61609375 0.5527083328125 0.5290625 0.5527083328125
3 0.5290625 0.4525 0.5290625 0.5527083328125 0.61265625 0.5527083328125 0.61265625 0.4525 0.5290625 0.4525
3 0.5035937500000001 0.2752083328125 0.5035937500000001 0.409375 0.6365624999999999 0.409375 0.6365624999999999 0.2752083328125 0.5035937500000001 0.2752083328125
3 0.684375 0.41624999999999995 0.684375 0.3366666671875 0.6246875000000001 0.3366666671875 0.6246875000000001 0.41624999999999995 0.684375 0.41624999999999995
3 0.7865624999999999 0.4525 0.7865624999999999 0.34562499999999996 0.6928124999999999 0.34562499999999996 0.6928124999999999 0.4525 0.7865624999999999 0.4525
3 0.6775 0.7254166671875 0.6775 0.48208333281250004 0.58546875 0.48208333281250004 0.58546875 0.7254166671875 0.6775 0.7254166671875
3 0.76953125 0.7027083328125 0.76953125 0.605 0.689375 0.605 0.689375 0.7027083328125 0.76953125 0.7027083328125
3 0.7911979171875 0.41624999999999995 0.7897916671874999 0.4173958328125 0.7815624999999999 0.41624999999999995 0.7815624999999999 0.47750000000000004 0.8104687500000001 0.47750000000000004 0.815625 0.48208333281250004 0.8309374999999999 0.48208333281250004 0.8309374999999999 0.42312500000000003 0.8227083328125 0.4219791671875 0.815625 0.42312500000000003 0.8104687500000001 0.41624999999999995 0.80625 0.41968750000000005 0.8008333328124999 0.41624999999999995 0.7980208328125 0.4185416671875 0.7911979171875 0.41624999999999995
3 0.84453125 0.49354166718750003 0.84453125 0.45041666718749995 0.83265625 0.45041666718749995 0.83265625 0.49354166718750003 0.84453125 0.49354166718750003
3 0.871875 0.49354166718750003 0.871875 0.4297916671875 0.83953125 0.4297916671875 0.83953125 0.49354166718750003 0.871875 0.49354166718750003
3 0.8975 0.66625 0.8975 0.6185416671875 0.83265625 0.6185416671875 0.83265625 0.66625 0.8975 0.66625
3 0.9464062500000001 0.5210416671875 0.9464062500000001 0.49458333281250005 0.898125 0.49458333281250005 0.898125 0.5210416671875 0.9464062500000001 0.5210416671875
3 0.97625 0.5020833328125 0.97625 0.46229166718750003 0.9009375000000001 0.46229166718750003 0.9009375000000001 0.5020833328125 0.97625 0.5020833328125
3 0.9776562500000001 0.541875 0.9776562500000001 0.5058333328125 0.94359375 0.5058333328125 0.94359375 0.541875 0.9776562500000001 0.541875