1 0.38244791718750004 0.004444443750000001 0.38244791718750004 0.07370370312499999 0.42281250000000004 0.07370370312499999 0.42281250000000004 0.004444443750000001 0.38244791718750004 0.004444443750000001
1 0.42354166718749997 0.0019444437500000002 0.42354166718749997 0.0326851859375 0.4726041671875 0.0326851859375 0.4726041671875 0.0019444437500000002 0.42354166718749997 0.0019444437500000002
2 0.2209375 0.5300925921874999 0.2209375 0.08527777812500001 0.1011979171875 0.08527777812500001 0.1011979171875 0.5300925921874999 0.2209375 0.5300925921874999
4 0.3377604171875 0.5134259265625001 0.3377604171875 0.3173148140625 0.190625 0.3173148140625 0.190625 0.5134259265625001 0.3377604171875 0.5134259265625001
4 0.39401041718749996 0.5583333328125 0.39401041718749996 0.3173148140625 0.34640624999999997 0.3173148140625 0.34640624999999997 0.5583333328125 0.39401041718749996 0.5583333328125
3 0.9997916671875 0.43583333281250003 0.9997916671875 0.26305555625 0.87828125 0.26305555625 0.87828125 0.43583333281250003 0.9997916671875 0.43583333281250003
3 0.9985416671875 0.5859259265625 0.9985416671875 0.401759259375 0.8808854171875 0.401759259375 0.8808854171875 0.5859259265625 0.9985416671875 0.5859259265625
3 0.9997916671875 0.9906481484375 0.9997916671875 0.8269444437500001 0.8667708328125 0.8269444437500001 0.8667708328125 0.9906481484375 0.9997916671875 0.9906481484375
3 0.9985416671875 0.9450925921875 0.9985416671875 0.7063888890625 0.7491145828125 0.7063888890625 0.7491145828125 0.9450925921875 0.9985416671875 0.9450925921875
3 0.8540104171875 0.7473148140625 0.8540104171875 0.5631481484374999 0.6826041671875 0.5631481484374999 0.6826041671875 0.7473148140625 0.8540104171875 0.7473148140625
3 0.7504166671875 0.8269444437500001 0.7504166671875 0.7041666671875 0.6775 0.7041666671875 0.6775 0.8269444437500001 0.7504166671875 0.8269444437500001
3 0.8731770828125001 0.4153703703125 0.8731770828125001 0.26305555625 0.7427083328124999 0.26305555625 0.7427083328124999 0.4153703703125 0.8731770828125001 0.4153703703125
3 0.8744791671875 0.5586111109375 0.8744791671875 0.381296296875 0.7440104171875 0.381296296875 0.7440104171875 0.5586111109375 0.8744791671875 0.5586111109375
3 0.73890625 0.38351851875 0.73890625 0.2675925921875 0.6480729171874999 0.2675925921875 0.6480729171874999 0.38351851875 0.73890625 0.38351851875
3 0.7376041671875 0.481296296875 0.7376041671875 0.36990740781250003 0.6468229171875 0.36990740781250003 0.6468229171875 0.481296296875 0.7376041671875 0.481296296875
3 0.6480729171874999 0.36305555625 0.6480729171874999 0.2673148140625 0.5883333328125 0.2673148140625 0.5883333328125 0.36305555625 0.6480729171874999 0.36305555625
3 0.6455208328125 0.43981481406249995 0.6455208328125 0.356296296875 0.5865104171875 0.356296296875 0.5865104171875 0.43981481406249995 0.6455208328125 0.43981481406249995
3 0.5713541671875 0.35851851875 0.5713541671875 0.281203703125 0.5227604171875 0.281203703125 0.5227604171875 0.35851851875 0.5713541671875 0.35851851875
3 0.5752083328125 0.4199074078125 0.5752083328125 0.3425925921875 0.5291666671875 0.3425925921875 0.5291666671875 0.4199074078125 0.5752083328125 0.4199074078125
3 0.5304166671874999 0.406296296875 0.5304166671874999 0.33351851875 0.4946354171875 0.33351851875 0.4946354171875 0.406296296875 0.5304166671874999 0.406296296875
3 0.5688020828125 0.3903703703125 0.5688020828125 0.25398148125 0.4588020828125 0.25398148125 0.4588020828125 0.3903703703125 0.5688020828125 0.3903703703125
3 0.4536979171875 0.381296296875 0.4536979171875 0.3266666671875 0.3961458328125 0.3266666671875 0.3961458328125 0.381296296875 0.4536979171875 0.381296296875
3 0.5994791671875 0.5404629625 0.5994791671875 0.4653703703125 0.4447395828125 0.4653703703125 0.4447395828125 0.5404629625 0.5994791671875 0.5404629625
3 0.6263541671875 0.6245370375 0.6263541671875 0.5358333328125 0.4754166671875 0.5358333328125 0.4754166671875 0.6245370375 0.6263541671875 0.6245370375
3 0.4754166671875 0.5836111109375001 0.4754166671875 0.5336111109375 0.44729166718749996 0.5336111109375 0.44729166718749996 0.5836111109375001 0.4754166671875 0.5836111109375001
3 0.44859375 0.5404629625 0.44859375 0.4881481484375 0.40890624999999997 0.4881481484375 0.40890624999999997 0.5404629625 0.44859375 0.5404629625
3 0.46390624999999996 0.5245370375 0.46390624999999996 0.46314814843749996 0.39359375 0.46314814843749996 0.39359375 0.5245370375 0.46390624999999996 0.5245370375