1 0.3884375 0.6993750000000001 0.3884375 0.6339583328125 0.24328124999999998 0.6339583328125 0.24328124999999998 0.6993750000000001 0.3884375 0.6993750000000001
3 0.319375 0.4420833328125 0.319375 0.388125 0.23453125 0.388125 0.23453125 0.4420833328125 0.319375 0.4420833328125
3 0.35203125 0.4447916671875 0.35203125 0.4027083328125 0.32140625 0.4027083328125 0.32140625 0.4447916671875 0.35203125 0.4447916671875
3 0.34609375 0.48020833281249997 0.34609375 0.436875 0.2325 0.436875 0.2325 0.48020833281249997 0.34609375 0.48020833281249997
3 0.34796875 0.538125 0.34796875 0.48166666718749995 0.22859375 0.48166666718749995 0.22859375 0.538125 0.34796875 0.538125
3 0.34203125 0.5920833328125 0.34203125 0.538125 0.230625 0.538125 0.230625 0.5920833328125 0.34203125 0.5920833328125
3 0.34109375000000003 0.6710416671874999 0.34109375000000003 0.5972916671874999 0.2325 0.5972916671874999 0.2325 0.6710416671874999 0.34109375000000003 0.6710416671874999
3 0.2009375 0.6012500000000001 0.2009375 0.5237499999999999 0.055937499999999994 0.5237499999999999 0.055937499999999994 0.6012500000000001 0.2009375 0.6012500000000001
3 0.07078124999999999 0.561875 0.07078124999999999 0.4947916671875 0.0035937499999999997 0.4947916671875 0.0035937499999999997 0.561875 0.07078124999999999 0.561875
3 0.05500000000000001 0.610625 0.05500000000000001 0.5591666671875 0.000625 0.5591666671875 0.000625 0.610625 0.05500000000000001 0.610625
3 0.09140625 0.3183333328125 0.09140625 0.1972916671875 0.0026562499999999998 0.1972916671875 0.0026562499999999998 0.3183333328125 0.09140625 0.3183333328125
3 0.0035937499999999997 0.1079166671875 0.0035937499999999997 0.22374999999999998 0.07765625000000001 0.22374999999999998 0.07765625000000001 0.1079166671875 0.0035937499999999997 0.1079166671875
3 0.13 0.335625 0.13 0.263125 0.07859374999999999 0.263125 0.07859374999999999 0.335625 0.13 0.335625
3 0.23359375 0.3722916671875 0.23359375 0.160625 0.08359375 0.160625 0.08359375 0.3722916671875 0.23359375 0.3722916671875