1 0.47385416718749995 0.4468518515625 0.47385416718749995 0.40898148125 0.3374479171875 0.40898148125 0.3374479171875 0.4468518515625 0.47385416718749995 0.4468518515625
1 0.47385416718749995 0.5131481484375 0.47385416718749995 0.4658333328125 0.340625 0.4658333328125 0.340625 0.5131481484375 0.47385416718749995 0.5131481484375
1 0.514375 0.16648148125 0.514375 0.1228703703125 0.4759895828125 0.1228703703125 0.4759895828125 0.16648148125 0.514375 0.16648148125
1 0.54421875 0.14750000000000002 0.54421875 0.098240740625 0.50265625 0.098240740625 0.50265625 0.14750000000000002 0.54421875 0.14750000000000002
1 0.6656770828125 0.12092592656250001 0.6656770828125 0.058425926562499994 0.5409895828125 0.058425926562499994 0.5409895828125 0.12092592656250001 0.6656770828125 0.12092592656250001
1 0.5974999999999999 0.2270370375 0.5974999999999999 0.160740740625 0.5463541671875001 0.160740740625 0.5463541671875001 0.2270370375 0.5974999999999999 0.2270370375
1 0.54953125 0.24787037031249998 0.54953125 0.1853703703125 0.51328125 0.1853703703125 0.51328125 0.24787037031249998 0.54953125 0.24787037031249998
1 0.4802604171875 0.1929629625 0.4802604171875 0.15129629687499999 0.4642708328125 0.15129629687499999 0.4642708328125 0.1929629625 0.4802604171875 0.1929629625
1 0.4674479171875 0.2024074078125 0.4674479171875 0.16648148125 0.44828124999999996 0.16648148125 0.44828124999999996 0.2024074078125 0.4674479171875 0.2024074078125
1 0.0027604171875 0.0395370375 0.0027604171875 0.11342592656249999 0.04328125 0.11342592656249999 0.04328125 0.0395370375 0.0027604171875 0.0395370375
1 0.033697917187499996 0.115277778125 0.033697917187499996 0.1550925921875 0.1040104171875 0.1550925921875 0.1040104171875 0.115277778125 0.033697917187499996 0.115277778125
1 0.034739582812499996 0.0451851859375 0.034739582812499996 0.088796296875 0.1040104171875 0.088796296875 0.1040104171875 0.0451851859375 0.034739582812499996 0.0451851859375
1 0.12854166718749999 0.1058333328125 0.12854166718749999 0.0754629625 0.09765625 0.0754629625 0.09765625 0.1058333328125 0.12854166718749999 0.1058333328125
1 0.1040104171875 0.1399074078125 0.1040104171875 0.17398148125 0.1275 0.17398148125 0.1275 0.1399074078125 0.1040104171875 0.1399074078125
1 0.73390625 0.6950925921875 0.73390625 0.6438888890625 0.6774479171875 0.6438888890625 0.6774479171875 0.6950925921875 0.73390625 0.6950925921875
1 0.54953125 0.5511111109375 0.54953125 0.4999074078125 0.5101041671875 0.4999074078125 0.5101041671875 0.5511111109375 0.54953125 0.5511111109375
1 0.5751041671875 0.5757407406249999 0.5751041671875 0.539722221875 0.5484895828125 0.539722221875 0.5484895828125 0.5757407406249999 0.5751041671875 0.5757407406249999
1 0.7850520828125 0.21194444375 0.7850520828125 0.11907407343750001 0.59640625 0.11907407343750001 0.59640625 0.21194444375 0.7850520828125 0.21194444375
3 0.5163020828125 0.3671296296875 0.5163020828125 0.3 0.5014583328125 0.3 0.5014583328125 0.3671296296875 0.5163020828125 0.3671296296875
3 0.5022395828125 0.32898148125 0.5022395828125 0.2908333328125 0.48296875000000006 0.2908333328125 0.48296875000000006 0.32898148125 0.5022395828125 0.32898148125
3 0.50296875 0.36055555625 0.50296875 0.32898148125 0.4881770828125 0.32898148125 0.4881770828125 0.36055555625 0.50296875 0.36055555625
3 0.48890625 0.3591666671875 0.48890625 0.32898148125 0.47114583281250005 0.32898148125 0.47114583281250005 0.3591666671875 0.48890625 0.3591666671875
3 0.5126041671875 0.455277778125 0.5126041671875 0.376296296875 0.4755729171875 0.376296296875 0.4755729171875 0.455277778125 0.5126041671875 0.455277778125
3 0.50890625 0.4671296296875 0.50890625 0.4275925921875 0.491875 0.4275925921875 0.491875 0.4671296296875 0.50890625 0.4671296296875
3 0.5155208328125 0.47240740781249996 0.5155208328125 0.43685185156250006 0.5014583328125 0.43685185156250006 0.5014583328125 0.47240740781249996 0.5155208328125 0.47240740781249996
3 0.1244791671875 0.476296296875 0.1244791671875 0.386296296875 0.08984375 0.386296296875 0.08984375 0.476296296875 0.1244791671875 0.476296296875
3 0.10671875 0.4858333328125 0.10671875 0.44944444375000003 0.0871354171875 0.44944444375000003 0.0871354171875 0.4858333328125 0.10671875 0.4858333328125
3 0.08447916718750001 0.474722221875 0.08447916718750001 0.42416666718749996 0.057864582812499996 0.42416666718749996 0.057864582812499996 0.474722221875 0.08447916718750001 0.474722221875
3 0.0596354171875 0.5 0.0596354171875 0.43685185156250006 0.01875 0.43685185156250006 0.01875 0.5 0.0596354171875 0.5
3 0.0599479171875 0.5290740734375 0.0599479171875 0.48546296250000004 0.0354166671875 0.48546296250000004 0.0354166671875 0.5290740734375 0.0599479171875 0.5290740734375
3 0.0471354171875 0.551759259375 0.0471354171875 0.49305555625 0.01515625 0.49305555625 0.01515625 0.551759259375 0.0471354171875 0.551759259375
3 0.0183854171875 0.5763888890625 0.0183854171875 0.508240740625 0.0002604171875 0.508240740625 0.0002604171875 0.5763888890625 0.0183854171875 0.5763888890625
3 0.07807291718750001 0.5100925921874999 0.07807291718750001 0.4646296296875 0.05671875 0.4646296296875 0.05671875 0.5100925921874999 0.07807291718750001 0.5100925921874999
3 0.0865625 0.381296296875 0.0865625 0.3358333328125 0.0673958328125 0.3358333328125 0.0673958328125 0.381296296875 0.0865625 0.381296296875
3 0.06953125 0.3509259265625 0.06953125 0.29601851875 0.017291667187500002 0.29601851875 0.017291667187500002 0.3509259265625 0.06953125 0.3509259265625
3 0.0759375 0.38694444375 0.0759375 0.3433333328125 0.02265625 0.3433333328125 0.02265625 0.38694444375 0.0759375 0.38694444375
3 0.01515625 0.39638888906249997 0.01515625 0.2846296296875 0.0002604171875 0.2846296296875 0.0002604171875 0.39638888906249997 0.01515625 0.39638888906249997
3 0.1281770828125 0.36990740781250003 0.1281770828125 0.2846296296875 0.11109374999999999 0.2846296296875 0.11109374999999999 0.36990740781250003 0.1281770828125 0.36990740781250003
3 0.11026041718749999 0.3175 0.11026041718749999 0.2845370375 0.0828645828125 0.2845370375 0.0828645828125 0.3175 0.11026041718749999 0.3175
3 0.11026041718749999 0.3359259265625 0.11026041718749999 0.31222222187500004 0.0828645828125 0.31222222187500004 0.0828645828125 0.3359259265625 0.11026041718749999 0.3359259265625
3 0.1428125 0.4359259265625 0.1428125 0.3990740734375 0.12213541718750001 0.3990740734375 0.12213541718750001 0.4359259265625 0.1428125 0.4359259265625
3 0.14578125 0.46481481406249997 0.14578125 0.4266666671875 0.1213541671875 0.4266666671875 0.1213541671875 0.46481481406249997 0.14578125 0.46481481406249997
3 0.2405208328125 0.391203703125 0.2405208328125 0.358240740625 0.2190625 0.358240740625 0.2190625 0.391203703125 0.2405208328125 0.391203703125
3 0.9921354171875001 0.18648148125 0.9921354171875001 0.11444444375 0.9527083328125 0.11444444375 0.9527083328125 0.18648148125 0.9921354171875001 0.18648148125
3 0.9921354171875001 0.2451851859375 0.9921354171875001 0.18648148125 0.9505729171875 0.18648148125 0.9505729171875 0.2451851859375 0.9921354171875001 0.2451851859375
3 0.9932291671875 0.2925925921875 0.9932291671875 0.2451851859375 0.9505729171875 0.2451851859375 0.9505729171875 0.2925925921875 0.9932291671875 0.2925925921875
3 0.9932291671875 0.36648148125 0.9932291671875 0.2925925921875 0.9473958328125001 0.2925925921875 0.9473958328125001 0.36648148125 0.9932291671875 0.36648148125
1 0.5786979171875 0.5683333328125 0.5786979171875 0.6497222218750001 0.660625 0.6497222218750001 0.660625 0.5683333328125 0.5786979171875 0.5683333328125
1 0.5873958328125 0.5325 0.5873958328125 0.6074074078125 0.6537499999999999 0.6074074078125 0.6537499999999999 0.5325 0.5873958328125 0.5325
1 0.5956770828125 0.494259259375 0.5956770828125 0.5545370375 0.6602083328125 0.5545370375 0.6602083328125 0.494259259375 0.5956770828125 0.494259259375