1 1 0.0614583328125 0.9375 0.0614583328125 0.9375 0.1266666671875 1 0.1266666671875 1 0.0614583328125
1 0.9375 0.1539583328125 0.9375 0.0847916671875 0.8729687500000001 0.0847916671875 0.8729687500000001 0.1539583328125 0.9375 0.1539583328125
1 0.8739062499999999 0.06395833281249999 0.8739062499999999 0.017083332812499998 0.8240624999999999 0.017083332812499998 0.8240624999999999 0.06395833281249999 0.8739062499999999 0.06395833281249999
1 0.8709374999999999 0.11229166718750001 0.8709374999999999 0.0758333328125 0.8221875000000001 0.0758333328125 0.8221875000000001 0.11229166718750001 0.8709374999999999 0.11229166718750001
1 0.8739062499999999 0.1735416671875 0.8739062499999999 0.135625 0.8221875000000001 0.135625 0.8221875000000001 0.1735416671875 0.8739062499999999 0.1735416671875
1 0.8221875000000001 0.1904166671875 0.8221875000000001 0.1552083328125 0.7859375 0.1552083328125 0.7859375 0.1904166671875 0.8221875000000001 0.1904166671875
1 0.786875 0.20354166718750002 0.786875 0.1735416671875 0.7576562499999999 0.1735416671875 0.7576562499999999 0.20354166718750002 0.786875 0.20354166718750002
1 0.7576562499999999 0.21125 0.7576562499999999 0.1891666671875 0.7340625000000001 0.1891666671875 0.7340625000000001 0.21125 0.7576562499999999 0.21125
1 0.7340625000000001 0.2204166671875 0.7340625000000001 0.19958333281250001 0.71171875 0.19958333281250001 0.71171875 0.2204166671875 0.7340625000000001 0.2204166671875
1 0.7625 0.14875 0.7625 0.12395833281249999 0.73609375 0.12395833281249999 0.73609375 0.14875 0.7625 0.14875
1 0.825 0.027500000000000004 0.825 0.00020833281250000002 0.79078125 0.00020833281250000002 0.79078125 0.027500000000000004 0.825 0.027500000000000004
1 0.79375 0.057499999999999996 0.79375 0.0183333328125 0.7615624999999999 0.0183333328125 0.7615624999999999 0.057499999999999996 0.79375 0.057499999999999996
1 0.2521875 0 0.2521875 0.044375 0.305 0.044375 0.305 0 0.2521875 0
1 0.33921875 0.0822916671875 0.33921875 0.0314583328125 0.3040625 0.0314583328125 0.3040625 0.0822916671875 0.33921875 0.0822916671875
1 0.3803125 0.0979166671875 0.3803125 0.054791667187500004 0.34796875 0.054791667187500004 0.34796875 0.0979166671875 0.3803125 0.0979166671875
1 0.41156249999999994 0.134375 0.41156249999999994 0.1070833328125 0.38421875 0.1070833328125 0.38421875 0.134375 0.41156249999999994 0.134375
1 0.43015625 0.38333333281250004 0.43015625 0.365 0.40171875 0.365 0.40171875 0.38333333281250004 0.43015625 0.38333333281250004
3 0.9232812499999999 0.39729166718750003 0.9232812499999999 0.2972916671875 0.8354687500000001 0.2972916671875 0.8354687500000001 0.39729166718750003 0.9232812499999999 0.39729166718750003
3 0.9134375 0.41312499999999996 0.9134375 0.3697916671875 0.87796875 0.3697916671875 0.87796875 0.41312499999999996 0.9134375 0.41312499999999996
3 0.94109375 0.4183333328125 0.94109375 0.36833333281249997 0.90859375 0.36833333281249997 0.90859375 0.4183333328125 0.94109375 0.4183333328125
3 0.9824999999999999 0.44604166718749994 0.9824999999999999 0.375 0.938125 0.375 0.938125 0.44604166718749994 0.9824999999999999 0.44604166718749994
3 0.99546875 0.44875 0.99546875 0.3802083328125 0.975625 0.3802083328125 0.975625 0.44875 0.99546875 0.44875
3 0.9884375000000001 0.5566666671875 0.9884375000000001 0.4960416671875 0.8868750000000001 0.4960416671875 0.8868750000000001 0.5566666671875 0.9884375000000001 0.5566666671875
3 0.999375 0.6289583328125 0.999375 0.5697916671875001 0.94609375 0.5697916671875001 0.94609375 0.6289583328125 0.999375 0.6289583328125
3 0.88578125 0.49874999999999997 0.88578125 0.40125 0.7970312500000001 0.40125 0.7970312500000001 0.49874999999999997 0.88578125 0.49874999999999997
3 0.23156249999999998 0.6289583328125 0.23156249999999998 0.425 0.07265625 0.425 0.07265625 0.6289583328125 0.23156249999999998 0.6289583328125
3 0.019375 0.5670833328125 0.019375 0.48562500000000003 0.0026562499999999998 0.48562500000000003 0.0026562499999999998 0.5670833328125 0.019375 0.5670833328125
3 0.0017187500000000002 0.25 0.0017187500000000002 0.3222916671875 0.049062499999999995 0.3222916671875 0.049062499999999995 0.25 0.0017187500000000002 0.25
3 0.0075 0.18687499999999999 0.0075 0.24333333281249997 0.11015625 0.24333333281249997 0.11015625 0.18687499999999999 0.0075 0.18687499999999999
3 0.1003125 0.2697916671875 0.1003125 0.2289583328125 0.006562500000000001 0.2289583328125 0.006562500000000001 0.2697916671875 0.1003125 0.2697916671875
3 0.10124999999999999 0.3158333328125 0.10124999999999999 0.2710416671875 0.03125 0.2710416671875 0.03125 0.3158333328125 0.10124999999999999 0.3158333328125
3 0.20593750000000002 0.22374999999999998 0.20593750000000002 0.18416666718750002 0.12203125 0.18416666718750002 0.12203125 0.22374999999999998 0.20593750000000002 0.22374999999999998
3 0.20593750000000002 0.25916666718750003 0.20593750000000002 0.22374999999999998 0.113125 0.22374999999999998 0.113125 0.25916666718750003 0.20593750000000002 0.25916666718750003
3 0.1990625 0.2972916671875 0.1990625 0.25916666718750003 0.113125 0.25916666718750003 0.113125 0.2972916671875 0.1990625 0.2972916671875
3 0.230625 0.2972916671875 0.230625 0.22374999999999998 0.19609375 0.22374999999999998 0.19609375 0.2972916671875 0.230625 0.2972916671875
3 0.24640625 0.2579166671875 0.24640625 0.22770833281249997 0.22265625 0.22770833281249997 0.22265625 0.2579166671875 0.24640625 0.2579166671875
3 0.244375 0.2920833328125 0.244375 0.263125 0.21968749999999998 0.263125 0.21968749999999998 0.2920833328125 0.244375 0.2920833328125
3 0.27999999999999997 0.29874999999999996 0.27999999999999997 0.25666666718750003 0.23156249999999998 0.25666666718750003 0.23156249999999998 0.29874999999999996 0.27999999999999997 0.29874999999999996
3 0.32328125 0.24333333281249997 0.32328125 0.2170833328125 0.24343750000000003 0.2170833328125 0.24343750000000003 0.24333333281249997 0.32328125 0.24333333281249997
3 0.32234375000000004 0.2658333328125 0.32234375000000004 0.24479166718749998 0.23156249999999998 0.24479166718749998 0.23156249999999998 0.2658333328125 0.32234375000000004 0.2658333328125
3 0.32734375 0.29333333281249996 0.32734375 0.263125 0.23156249999999998 0.263125 0.23156249999999998 0.29333333281249996 0.32734375 0.29333333281249996
3 0.30359375 0.41312499999999996 0.30359375 0.31437499999999996 0.193125 0.31437499999999996 0.193125 0.41312499999999996 0.30359375 0.41312499999999996
3 0.24828125 0.43166666718749996 0.24828125 0.3697916671875 0.19609375 0.3697916671875 0.19609375 0.43166666718749996 0.24828125 0.43166666718749996
3 0.205 0.40791666718749997 0.205 0.34208333281250003 0.11421875 0.34208333281250003 0.11421875 0.40791666718749997 0.205 0.40791666718749997
3 0.3175 0.38166666718750003 0.3175 0.35 0.28296875 0.35 0.28296875 0.38166666718750003 0.3175 0.38166666718750003
3 0.3075 0.4066666671875 0.3075 0.37625000000000003 0.28390624999999997 0.37625000000000003 0.28390624999999997 0.4066666671875 0.3075 0.4066666671875
3 0.3440625 0.3920833328125 0.3440625 0.3579166671875 0.3115625 0.3579166671875 0.3115625 0.3920833328125 0.3440625 0.3920833328125
3 0.34609375 0.2841666671875 0.34609375 0.24479166718749998 0.30859375 0.24479166718749998 0.30859375 0.2841666671875 0.34609375 0.2841666671875
3 0.36375 0.29333333281249996 0.36375 0.2552083328125 0.3440625 0.2552083328125 0.3440625 0.29333333281249996 0.36375 0.29333333281249996
3 0.37374999999999997 0.28291666718749997 0.37374999999999997 0.25125000000000003 0.3628125 0.25125000000000003 0.3628125 0.28291666718749997 0.37374999999999997 0.28291666718749997
3 0.39640624999999996 0.3566666671875 0.39640624999999996 0.3277083328125 0.35 0.3277083328125 0.35 0.3566666671875 0.39640624999999996 0.3566666671875
3 0.39437500000000003 0.2947916671875 0.39437500000000003 0.26187499999999997 0.37078125 0.26187499999999997 0.37078125 0.2947916671875 0.39437500000000003 0.2947916671875
3 0.41421875 0.2920833328125 0.41421875 0.2341666671875 0.361875 0.2341666671875 0.361875 0.2920833328125 0.41421875 0.2920833328125
3 0.7693749999999999 0.36062500000000003 0.7693749999999999 0.3289583328125 0.73984375 0.3289583328125 0.73984375 0.36062500000000003 0.7693749999999999 0.36062500000000003
3 0.79796875 0.37374999999999997 0.79796875 0.3447916671875 0.76640625 0.3447916671875 0.76640625 0.37374999999999997 0.79796875 0.37374999999999997
3 0.84546875 0.32625000000000004 0.84546875 0.2972916671875 0.82265625 0.2972916671875 0.82265625 0.32625000000000004 0.84546875 0.32625000000000004
3 0.85234375 0.34729166718750004 0.85234375 0.32375 0.81671875 0.32375 0.81671875 0.34729166718750004 0.85234375 0.34729166718750004
3 0.844375 0.36062500000000003 0.844375 0.3433333328125 0.8207812499999999 0.3433333328125 0.8207812499999999 0.36062500000000003 0.844375 0.36062500000000003
3 0.844375 0.385625 0.844375 0.36583333281249997 0.81671875 0.36583333281249997 0.81671875 0.385625 0.844375 0.385625
3 0.74375 0.43937499999999996 0.74375 0.3960416671875 0.71015625 0.3960416671875 0.71015625 0.43937499999999996 0.74375 0.43937499999999996
3 0.755625 0.3289583328125 0.755625 0.3079166671875 0.72 0.3079166671875 0.72 0.3289583328125 0.755625 0.3289583328125
3 0.74171875 0.3552083328125 0.74171875 0.3341666671875 0.718125 0.3341666671875 0.718125 0.3552083328125 0.74171875 0.3552083328125
3 0.99734375 0.031875 0.99734375 0.0022916671874999997 0.9290625 0.0022916671874999997 0.9290625 0.031875 0.99734375 0.031875
3 0.99734375 0.0614583328125 0.99734375 0.031875 0.9307812500000001 0.031875 0.9307812500000001 0.0614583328125 0.99734375 0.0614583328125
3 0.99390625 0.0908333328125 0.99390625 0.0614583328125 0.9307812500000001 0.0614583328125 0.9307812500000001 0.0908333328125 0.99390625 0.0908333328125