2 0.12854166718749999 0.38416666718750003 0.12854166718749999 0.8636111109375 0.25140625 0.8636111109375 0.25140625 0.38416666718750003 0.12854166718749999 0.38416666718750003
1 0.9984895828125 0.8140740734374999 0.9984895828125 0.7096296296875 0.7619270828125 0.7096296296875 0.7619270828125 0.8140740734374999 0.9984895828125 0.8140740734374999
1 0.7592187499999999 0.655277778125 0.7592187499999999 0.75944444375 0.999375 0.75944444375 0.999375 0.655277778125 0.7592187499999999 0.655277778125
4 0.46979166718750004 0.4916666671875 0.46979166718750004 0.17694444375 0.2821875 0.17694444375 0.2821875 0.4916666671875 0.46979166718750004 0.4916666671875
4 0.4633854171875 0.7904629625 0.4633854171875 0.4699074078125 0.28291666718749997 0.4699074078125 0.28291666718749997 0.7904629625 0.4633854171875 0.7904629625
4 0.28078125 0.8326851859375 0.28078125 0.46472222187499995 0.09328125000000001 0.46472222187499995 0.09328125000000001 0.8326851859375 0.28078125 0.8326851859375
4 0.0961458328125 0.126296296875 0.0961458328125 0.4865740734375 0.2793229171875 0.4865740734375 0.2793229171875 0.126296296875 0.0961458328125 0.126296296875
4 0.0016666671875 0.0019444437500000002 0.0016666671875 0.09555555624999999 0.1271875 0.09555555624999999 0.1271875 0.0019444437500000002 0.0016666671875 0.0019444437500000002
4 0.13218749999999999 0.203240740625 0.13218749999999999 0.06731481406249999 0.0016666671875 0.06731481406249999 0.0016666671875 0.203240740625 0.13218749999999999 0.203240740625
4 0.11708333281250001 0.34555555625 0.11708333281250001 0.194259259375 0.0002604171875 0.194259259375 0.0002604171875 0.34555555625 0.11708333281250001 0.34555555625
4 0.0002604171875 0.33138888906249997 0.0002604171875 0.4570370375 0.10984374999999999 0.4570370375 0.10984374999999999 0.33138888906249997 0.0002604171875 0.33138888906249997
4 0.0002604171875 0.4609259265625 0.0002604171875 0.585277778125 0.1105729171875 0.585277778125 0.1105729171875 0.4609259265625 0.0002604171875 0.4609259265625
4 0.10338541718750001 0.714722221875 0.10338541718750001 0.5865740734375 0.0009375 0.5865740734375 0.0009375 0.714722221875 0.10338541718750001 0.714722221875
1 0.6180729171875 0.1395370375 0.6180729171875 0.07935185156249999 0.45239583281250006 0.07935185156249999 0.45239583281250006 0.1395370375 0.6180729171875 0.1395370375
1 0.460625 0.1298148140625 0.460625 0.18842592656249998 0.61625 0.18842592656249998 0.61625 0.1298148140625 0.460625 0.1298148140625
1 0.45151041718749996 0.16398148125 0.45151041718749996 0.2225925921875 0.6144270828125 0.2225925921875 0.6144270828125 0.16398148125 0.45151041718749996 0.16398148125
1 0.4588020828125 0.2046296296875 0.4588020828125 0.27138888906249997 0.6116666671875 0.27138888906249997 0.6116666671875 0.2046296296875 0.4588020828125 0.2046296296875
1 0.46244791718749995 0.2420370375 0.46244791718749995 0.30555555624999997 0.6116666671875 0.30555555624999997 0.6116666671875 0.2420370375 0.46244791718749995 0.2420370375
1 0.47072916718749996 0.2909259265625 0.47072916718749996 0.33648148125 0.6126041671875 0.33648148125 0.6126041671875 0.2909259265625 0.47072916718749996 0.2909259265625
1 0.47072916718749996 0.3250925921875 0.47072916718749996 0.3738888890625 0.6061979171874999 0.3738888890625 0.6061979171874999 0.3250925921875 0.47072916718749996 0.3250925921875
1 0.4643229171875 0.3625 0.4643229171875 0.41129629687499997 0.6052604171875 0.41129629687499997 0.6052604171875 0.3625 0.4643229171875 0.3625
1 0.4579166671875 0.4031481484375 0.4579166671875 0.44870370312499996 0.6080208328125 0.44870370312499996 0.6080208328125 0.4031481484375 0.4579166671875 0.4031481484375
1 0.4643229171875 0.4406481484375 0.4643229171875 0.48944444374999996 0.6116666671875 0.48944444374999996 0.6116666671875 0.4406481484375 0.4643229171875 0.4406481484375
1 0.46796875 0.4763888890625 0.46796875 0.52194444375 0.6070833328125 0.52194444375 0.6070833328125 0.4763888890625 0.46796875 0.4763888890625
1 0.46703124999999995 0.5073148140625 0.46703124999999995 0.56101851875 0.6025 0.56101851875 0.6025 0.5073148140625 0.46703124999999995 0.5073148140625
1 0.47437500000000005 0.5479629625 0.47437500000000005 0.5936111109375 0.6034375 0.5936111109375 0.6034375 0.5479629625 0.47437500000000005 0.5479629625
1 0.47437500000000005 0.5854629625000001 0.47437500000000005 0.63101851875 0.6070833328125 0.63101851875 0.6070833328125 0.5854629625000001 0.47437500000000005 0.5854629625000001
1 0.4780208328125 0.63101851875 0.4780208328125 0.6684259265625 0.6034375 0.6684259265625 0.6034375 0.63101851875 0.4780208328125 0.63101851875
1 0.47437500000000005 0.6684259265625 0.47437500000000005 0.7009259265625001 0.6043229171875 0.7009259265625001 0.6043229171875 0.6684259265625 0.47437500000000005 0.6684259265625
1 0.4771354171875 0.7025925921875 0.4771354171875 0.7513888890625 0.6016145828125 0.7513888890625 0.6016145828125 0.7025925921875 0.4771354171875 0.7025925921875
1 0.7975 0.37555555625000003 0.7975 0.3446296296875 0.62265625 0.3446296296875 0.62265625 0.37555555625000003 0.7975 0.37555555625000003
1 0.6409374999999999 0.37555555625000003 0.6409374999999999 0.4048148140625 0.7993229171875 0.4048148140625 0.7993229171875 0.37555555625000003 0.6409374999999999 0.37555555625000003
1 0.6400520828125 0.4063888890625 0.6400520828125 0.43407407343750004 0.7956770828125 0.43407407343750004 0.7956770828125 0.4063888890625 0.6400520828125 0.4063888890625
1 0.63 0.43898148125 0.63 0.4600925921875 0.7965625000000001 0.4600925921875 0.7965625000000001 0.43898148125 0.63 0.43898148125
1 0.6336458328125001 0.46342592656250003 0.6336458328125001 0.481296296875 0.7178645828125 0.481296296875 0.7178645828125 0.46342592656250003 0.6336458328125001 0.46342592656250003
1 0.6254166671875 0.481296296875 0.6254166671875 0.5008333328125001 0.7215104171875 0.5008333328125001 0.7215104171875 0.481296296875 0.6254166671875 0.481296296875
1 0.62265625 0.49916666718749997 0.62265625 0.5382407406249999 0.7196875 0.5382407406249999 0.7196875 0.49916666718749997 0.62265625 0.49916666718749997
1 0.628125 0.5349999999999999 0.628125 0.557777778125 0.7279166671875 0.557777778125 0.7279166671875 0.5349999999999999 0.628125 0.5349999999999999
1 0.63 0.5561111109375 0.63 0.6000925921875 0.7269791671875 0.6000925921875 0.7269791671875 0.5561111109375 0.63 0.5561111109375
1 0.628125 0.5854629625000001 0.628125 0.6553703703125 0.7251562500000001 0.6553703703125 0.7251562500000001 0.5854629625000001 0.628125 0.5854629625000001
1 0.8926562499999999 0.4926851859375 0.8926562499999999 0.45685185156249997 0.7169270828125 0.45685185156249997 0.7169270828125 0.4926851859375 0.8926562499999999 0.4926851859375
1 0.8926562499999999 0.531759259375 0.8926562499999999 0.49916666718749997 0.7233333328125 0.49916666718749997 0.7233333328125 0.531759259375 0.8926562499999999 0.531759259375
1 0.7306770828125 0.5349999999999999 0.7306770828125 0.5724074078125 0.8917708328125 0.5724074078125 0.8917708328125 0.5349999999999999 0.7306770828125 0.5349999999999999
1 0.7297395828125001 0.5756481484375 0.7297395828125001 0.5984259265625 0.8890104171875001 0.5984259265625 0.8890104171875001 0.5756481484375 0.7297395828125001 0.5756481484375
1 0.7251562500000001 0.6016666671875 0.7251562500000001 0.6261111109375 0.8862500000000001 0.6261111109375 0.8862500000000001 0.6016666671875 0.7251562500000001 0.6016666671875
1 0.7251562500000001 0.6261111109375 0.7251562500000001 0.653796296875 0.8881249999999999 0.653796296875 0.8881249999999999 0.6261111109375 0.7251562500000001 0.6261111109375