1 0.71953125 0.39125 0.71953125 0.365 0.6442187500000001 0.365 0.6442187500000001 0.39125 0.71953125 0.39125
1 0.6403125000000001 0.378125 0.6403125000000001 0.3545833328125 0.56984375 0.3545833328125 0.56984375 0.378125 0.6403125000000001 0.378125
1 0.436875 1 0.436875 0.8147916671875001 0.3725 0.8147916671875001 0.3725 1 0.436875 1
1 0.49359374999999994 0.8395833328125001 0.49359374999999994 0.624375 0.43296875 0.624375 0.43296875 0.8395833328125001 0.49359374999999994 0.8395833328125001
1 0.52390625 0.6791666671875001 0.52390625 0.5385416671875001 0.48968749999999994 0.5385416671875001 0.48968749999999994 0.6791666671875001 0.52390625 0.6791666671875001
1 0.5425 0.5841666671875 0.5425 0.47729166718749994 0.5170312499999999 0.47729166718749994 0.5170312499999999 0.5841666671875 0.5425 0.5841666671875
3 0.5376562500000001 0.23541666718749998 0.5376562500000001 0.20979166718750003 0.49890625 0.20979166718750003 0.49890625 0.23541666718749998 0.5376562500000001 0.23541666718749998
3 0.53234375 0.210625 0.53234375 0.1891666671875 0.50296875 0.1891666671875 0.50296875 0.210625 0.53234375 0.210625
3 0.31796875 0.160625 0.31796875 0.12250000000000001 0.2778125 0.12250000000000001 0.2778125 0.160625 0.31796875 0.160625
3 0.33796875000000004 0.15979166718749999 0.33796875000000004 0.1304166671875 0.31859375 0.1304166671875 0.31859375 0.15979166718749999 0.33796875000000004 0.15979166718749999
3 0.36328125 0.1616666671875 0.36328125 0.1304166671875 0.33468749999999997 0.1304166671875 0.33468749999999997 0.1616666671875 0.36328125 0.1616666671875
3 0.340625 0.231875 0.340625 0.19375 0.32 0.19375 0.32 0.231875 0.340625 0.231875
3 0.35265625 0.23374999999999999 0.35265625 0.198125 0.34125 0.198125 0.34125 0.23374999999999999 0.35265625 0.23374999999999999
3 0.36265625 0.2916666671875 0.36265625 0.2560416671875 0.35 0.2560416671875 0.35 0.2916666671875 0.36265625 0.2916666671875
3 0.350625 0.2835416671875 0.350625 0.2604166671875 0.3359375 0.2604166671875 0.3359375 0.2835416671875 0.350625 0.2835416671875
3 0.339375 0.2979166671875 0.339375 0.2685416671875 0.31921875 0.2685416671875 0.31921875 0.2979166671875 0.339375 0.2979166671875
3 0.32265625 0.2345833328125 0.32265625 0.2647916671875 0.33999999999999997 0.2647916671875 0.33999999999999997 0.2345833328125 0.32265625 0.2345833328125
3 0.34671875 0.3797916671875 0.34671875 0.334375 0.33328125000000003 0.334375 0.33328125000000003 0.3797916671875 0.34671875 0.3797916671875
3 0.81609375 0.37 0.81609375 0.328125 0.7934375 0.328125 0.7934375 0.37 0.81609375 0.37
3 0.79140625 0.368125 0.79140625 0.32375 0.7846875 0.32375 0.7846875 0.368125 0.79140625 0.368125