1 0.39859374999999997 0.2479166671875 0.39859374999999997 0.015 0.02765625 0.015 0.02765625 0.2479166671875 0.39859374999999997 0.2479166671875
1 0.6018749999999999 0.7104166671875001 0.6018749999999999 0.61375 0.36171875 0.61375 0.36171875 0.7104166671875001 0.6018749999999999 0.7104166671875001
1 0.57765625 0.8087500000000001 0.57765625 0.7045833328125 0.35734374999999996 0.7045833328125 0.35734374999999996 0.8087500000000001 0.57765625 0.8087500000000001
1 0.92578125 0.8883333328124999 0.92578125 0.7254166671875 0.5818749999999999 0.7254166671875 0.5818749999999999 0.8883333328124999 0.92578125 0.8883333328124999
1 0.9940625000000001 0.9091666671875 0.9940625000000001 0.8012499999999999 0.93296875 0.8012499999999999 0.93296875 0.9091666671875 0.9940625000000001 0.9091666671875
1 0.38015625000000003 0.0054166671875 0.38015625000000003 0.1077083328125 0.61890625 0.1077083328125 0.61890625 0.0054166671875 0.38015625000000003 0.0054166671875
4 0.40703125 0.9152083328125 0.40703125 0.0814583328125 0.0009375 0.0814583328125 0.0009375 0.9152083328125 0.40703125 0.9152083328125
3 0.94859375 0.8116666671875 0.94859375 0.533125 0.73109375 0.533125 0.73109375 0.8116666671875 0.94859375 0.8116666671875
3 0.74390625 0.7585416671874999 0.74390625 0.6752083328125 0.5704687500000001 0.6752083328125 0.5704687500000001 0.7585416671874999 0.74390625 0.7585416671874999
3 0.58328125 0.599375 0.58328125 0.6789583328125001 0.7424999999999999 0.6789583328125001 0.7424999999999999 0.599375 0.58328125 0.599375
3 0.5860937500000001 0.5045833328125 0.5860937500000001 0.599375 0.7424999999999999 0.599375 0.7424999999999999 0.5045833328125 0.5860937500000001 0.5045833328125
3 0.5860937500000001 0.4175 0.5860937500000001 0.5045833328125 0.748125 0.5045833328125 0.748125 0.4175 0.5860937500000001 0.4175
3 0.591875 0.3285416671875 0.591875 0.4175 0.748125 0.4175 0.748125 0.3285416671875 0.591875 0.3285416671875
3 0.591875 0.22999999999999998 0.591875 0.3285416671875 0.7553124999999999 0.3285416671875 0.7553124999999999 0.22999999999999998 0.591875 0.22999999999999998
3 0.59890625 0.1579166671875 0.59890625 0.24895833281250002 0.7553124999999999 0.24895833281250002 0.7553124999999999 0.1579166671875 0.59890625 0.1579166671875
3 0.76671875 0.175 0.76671875 0.05 0.60328125 0.05 0.60328125 0.175 0.76671875 0.175
3 0.6018749999999999 0.0025 0.6018749999999999 0.0916666671875 0.8121875 0.0916666671875 0.8121875 0.0025 0.6018749999999999 0.0025
3 0.9628125000000001 0.1560416671875 0.9628125000000001 0.0064583328125 0.7581249999999999 0.0064583328125 0.7581249999999999 0.1560416671875 0.9628125000000001 0.1560416671875
3 0.9698437500000001 0.2452083328125 0.9698437500000001 0.1277083328125 0.74390625 0.1277083328125 0.74390625 0.2452083328125 0.9698437500000001 0.2452083328125
3 0.965625 0.3397916671875 0.965625 0.2110416671875 0.74390625 0.2110416671875 0.74390625 0.3397916671875 0.965625 0.3397916671875
3 0.965625 0.44395833281249997 0.965625 0.3170833328125 0.7453125 0.3170833328125 0.7453125 0.44395833281249997 0.965625 0.44395833281249997
3 0.9542187500000001 0.540625 0.9542187500000001 0.4308333328125 0.74390625 0.4308333328125 0.74390625 0.540625 0.9542187500000001 0.540625
3 0.99546875 0.8247916671875 0.99546875 0.716875 0.9371875 0.716875 0.9371875 0.8247916671875 0.99546875 0.8247916671875
3 0.934375 0.603125 0.934375 0.7264583328125 0.9996875 0.7264583328125 0.9996875 0.603125 0.934375 0.603125
3 0.9428124999999999 0.48375 0.9428124999999999 0.603125 0.9996875 0.603125 0.9996875 0.48375 0.9428124999999999 0.48375
3 0.9428124999999999 0.3891666671875 0.9428124999999999 0.48375 0.9996875 0.48375 0.9996875 0.3891666671875 0.9428124999999999 0.3891666671875
3 0.9542187500000001 0.3170833328125 0.9542187500000001 0.3891666671875 0.9996875 0.3891666671875 0.9996875 0.3170833328125 0.9542187500000001 0.3170833328125
3 0.9542187500000001 0.25645833281249997 0.9542187500000001 0.3170833328125 0.99828125 0.3170833328125 0.99828125 0.25645833281249997 0.9542187500000001 0.25645833281249997
3 0.96421875 0.1902083328125 0.96421875 0.25645833281249997 0.99828125 0.25645833281249997 0.99828125 0.1902083328125 0.96421875 0.1902083328125
3 0.96421875 0.1258333328125 0.96421875 0.1902083328125 0.9996875 0.1902083328125 0.9996875 0.1258333328125 0.96421875 0.1258333328125
3 0.9712500000000001 0.0652083328125 0.9712500000000001 0.1258333328125 0.9996875 0.1258333328125 0.9996875 0.0652083328125 0.9712500000000001 0.0652083328125
3 0.9712500000000001 0.0025 0.9712500000000001 0.0652083328125 0.996875 0.0652083328125 0.996875 0.0025 0.9712500000000001 0.0025