1 0.168125 0.1004166671875 0.168125 0.0222916671875 0.11921875 0.0222916671875 0.11921875 0.1004166671875 0.168125 0.1004166671875
1 0.08203125 0 0.08203125 0.0366666671875 0.123125 0.0366666671875 0.123125 0 0.08203125 0
1 0.6959375 0 0.6959375 0.0614583328125 0.7537499999999999 0.0614583328125 0.7537499999999999 0 0.6959375 0
1 0.6950000000000001 0.1004166671875 0.6950000000000001 0.0379166671875 0.65390625 0.0379166671875 0.65390625 0.1004166671875 0.6950000000000001 0.1004166671875
1 0.65296875 0.1266666671875 0.65296875 0.0758333328125 0.6235937500000001 0.0758333328125 0.6235937500000001 0.1266666671875 0.65296875 0.1266666671875
1 0.6207812500000001 0.14750000000000002 0.6207812500000001 0.104375 0.59328125 0.104375 0.59328125 0.14750000000000002 0.6207812500000001 0.14750000000000002
1 0.59328125 0.166875 0.59328125 0.13187500000000002 0.5728125000000001 0.13187500000000002 0.5728125000000001 0.166875 0.59328125 0.166875
1 0.5725 0.18812500000000001 0.5725 0.1510416671875 0.5540625 0.1510416671875 0.5540625 0.18812500000000001 0.5725 0.18812500000000001
1 0.55765625 0 0.55765625 0.033125 0.58265625 0.033125 0.58265625 0 0.55765625 0
1 0.55578125 0.0627083328125 0.55578125 0.03 0.54125 0.03 0.54125 0.0627083328125 0.55578125 0.0627083328125
1 0.5543750000000001 0.2008333328125 0.5543750000000001 0.1764583328125 0.5426562500000001 0.1764583328125 0.5426562500000001 0.2008333328125 0.5543750000000001 0.2008333328125
1 0.5426562500000001 0.21291666718750002 0.5426562500000001 0.1902083328125 0.5298437500000001 0.1902083328125 0.5298437500000001 0.21291666718750002 0.5426562500000001 0.21291666718750002
3 0.8892187500000001 0.45999999999999996 0.8892187500000001 0.3952083328125 0.83890625 0.3952083328125 0.83890625 0.45999999999999996 0.8892187500000001 0.45999999999999996
3 0.9393750000000001 0.35020833281249997 0.9393750000000001 0.2964583328125 0.8907812500000001 0.2964583328125 0.8907812500000001 0.35020833281249997 0.9393750000000001 0.35020833281249997
3 0.9935937499999999 0.35020833281249997 0.9935937499999999 0.28770833281249997 0.9434374999999999 0.28770833281249997 0.9434374999999999 0.35020833281249997 0.9935937499999999 0.35020833281249997
3 0.9935937499999999 0.3952083328125 0.9935937499999999 0.35020833281249997 0.9384375 0.35020833281249997 0.9384375 0.3952083328125 0.9935937499999999 0.3952083328125
3 0.994375 0.4654166671875 0.994375 0.39958333281249997 0.936875 0.39958333281249997 0.936875 0.4654166671875 0.994375 0.4654166671875
3 0.9442187499999999 0.45229166718749997 0.9442187499999999 0.39958333281249997 0.88828125 0.39958333281249997 0.88828125 0.45229166718749997 0.9442187499999999 0.45229166718749997
3 0.94171875 0.39958333281249997 0.94171875 0.3514583328125 0.89 0.3514583328125 0.89 0.39958333281249997 0.94171875 0.39958333281249997
3 0.999375 0.2416666671875 0.999375 0.16833333281250001 0.95078125 0.16833333281250001 0.95078125 0.2416666671875 0.999375 0.2416666671875
3 0.9745312500000001 0.2133333328125 0.9745312500000001 0.1422916671875 0.8607812499999999 0.1422916671875 0.8607812499999999 0.2133333328125 0.9745312500000001 0.2133333328125
3 0.9698437500000001 0.2685416671875 0.9698437500000001 0.2133333328125 0.8631249999999999 0.2133333328125 0.8631249999999999 0.2685416671875 0.9698437500000001 0.2685416671875
3 0.8690625000000001 0.2827083328125 0.8690625000000001 0.2195833328125 0.8146875 0.2195833328125 0.8146875 0.2827083328125 0.8690625000000001 0.2827083328125
3 0.8501562500000001 0.4454166671875 0.8501562500000001 0.3885416671875 0.8015625 0.3885416671875 0.8015625 0.4454166671875 0.8501562500000001 0.4454166671875
3 0.8074999999999999 0.43916666718749997 0.8074999999999999 0.38229166718749996 0.7542187499999999 0.38229166718749996 0.7542187499999999 0.43916666718749997 0.8074999999999999 0.43916666718749997
3 0.8276562500000001 0.2954166671875 0.8276562500000001 0.24020833281249998 0.7423437500000001 0.24020833281249998 0.7423437500000001 0.2954166671875 0.8276562500000001 0.2954166671875
3 0.74484375 0.20375000000000001 0.74484375 0.26375000000000004 0.8240624999999999 0.26375000000000004 0.8240624999999999 0.20375000000000001 0.74484375 0.20375000000000001
3 0.7571875 0.2997916671875 0.7571875 0.1879166671875 0.72359375 0.1879166671875 0.72359375 0.2997916671875 0.7571875 0.2997916671875
3 0.721875 0.275625 0.721875 0.221875 0.6956249999999999 0.221875 0.6956249999999999 0.275625 0.721875 0.275625
3 0.7284375 0.3020833328125 0.7284375 0.27229166718750003 0.6946875 0.27229166718750003 0.6946875 0.3020833328125 0.7284375 0.3020833328125
3 0.6956249999999999 0.31625000000000003 0.6956249999999999 0.2658333328125 0.64953125 0.2658333328125 0.64953125 0.31625000000000003 0.6956249999999999 0.31625000000000003
3 0.6528125 0.320625 0.6528125 0.28125 0.6215625 0.28125 0.6215625 0.320625 0.6528125 0.320625
3 0.7564062500000001 0.3854166671875 0.7564062500000001 0.3458333328125 0.70125 0.3458333328125 0.70125 0.3854166671875 0.7564062500000001 0.3854166671875
3 0.74734375 0.42374999999999996 0.74734375 0.3875 0.72265625 0.3875 0.72265625 0.42374999999999996 0.74734375 0.42374999999999996
3 0.7268749999999999 0.4335416671875 0.7268749999999999 0.3854166671875 0.6971875 0.3854166671875 0.6971875 0.4335416671875 0.7268749999999999 0.4335416671875
3 0.6840625 0.4225 0.6840625 0.3854166671875 0.654375 0.3854166671875 0.654375 0.4225 0.6840625 0.4225
3 0.0684375 0.47291666718750003 0.0684375 0.4002083328125 0.0035937499999999997 0.4002083328125 0.0035937499999999997 0.47291666718750003 0.0684375 0.47291666718750003
3 0.12640625 0.4479166671875 0.12640625 0.3910416671875 0.06999999999999999 0.3910416671875 0.06999999999999999 0.4479166671875 0.12640625 0.4479166671875
3 0.0026562499999999998 0.20916666718750002 0.0026562499999999998 0.2770833328125 0.021562500000000002 0.2770833328125 0.021562500000000002 0.20916666718750002 0.0026562499999999998 0.20916666718750002
3 0.0440625 0.234375 0.0440625 0.17916666718750002 0.00140625 0.17916666718750002 0.00140625 0.234375 0.0440625 0.234375
3 0.061875 0.24854166718749998 0.061875 0.1933333328125 0.0453125 0.1933333328125 0.0453125 0.24854166718749998 0.061875 0.24854166718749998
3 0.07359375 0.2533333328125 0.07359375 0.2060416671875 0.05703125 0.2060416671875 0.05703125 0.2533333328125 0.07359375 0.2533333328125
3 0.0890625 0.258125 0.0890625 0.20750000000000002 0.07125000000000001 0.20750000000000002 0.07125000000000001 0.258125 0.0890625 0.258125
3 0.2525 0.44749999999999995 0.2525 0.38125 0.2015625 0.38125 0.2015625 0.44749999999999995 0.2525 0.44749999999999995
3 0.1565625 0.3829166671875 0.1565625 0.35291666718750003 0.105625 0.35291666718750003 0.105625 0.3829166671875 0.1565625 0.3829166671875
3 0.1578125 0.40499999999999997 0.1578125 0.38125 0.11625 0.38125 0.11625 0.40499999999999997 0.1578125 0.40499999999999997
3 0.15531250000000002 0.43333333281249997 0.15531250000000002 0.4033333328125 0.12703124999999998 0.4033333328125 0.12703124999999998 0.43333333281249997 0.15531250000000002 0.43333333281249997
3 0.01203125 0.2391666671875 0.01203125 0.2770833328125 0.03578125 0.2770833328125 0.03578125 0.2391666671875 0.01203125 0.2391666671875
3 0.031093749999999996 0.24395833281249998 0.031093749999999996 0.2833333328125 0.05 0.2833333328125 0.05 0.24395833281249998 0.031093749999999996 0.24395833281249998
3 0.6753125 0.006875000000000001 0.6753125 0.0497916671875 0.6990624999999999 0.0497916671875 0.6990624999999999 0.006875000000000001 0.6753125 0.006875000000000001
3 0.67109375 0.0716666671875 0.67109375 0.0233333328125 0.6521874999999999 0.0233333328125 0.6521874999999999 0.0716666671875 0.67109375 0.0716666671875