1 0.24453125 0.4360416671875 0.24453125 0.40895833281250005 0.09078125000000001 0.40895833281250005 0.09078125000000001 0.4360416671875 0.24453125 0.4360416671875
4 0.4575 0.2116666671875 0.4575 0.49791666718750005 0.69203125 0.49791666718750005 0.69203125 0.2116666671875 0.4575 0.2116666671875
1 0.85546875 0.311875 0.85546875 0.25375000000000003 0.6900000000000001 0.25375000000000003 0.6900000000000001 0.311875 0.85546875 0.311875
1 0.85546875 0.406875 0.85546875 0.3541666671875 0.688125 0.3541666671875 0.688125 0.406875 0.85546875 0.406875
1 0.8484375 0.4954166671875 0.8484375 0.4491666671875 0.6910937500000001 0.4491666671875 0.6910937500000001 0.4954166671875 0.8484375 0.4954166671875
2 0.71390625 0.1258333328125 0.71390625 0.499375 0.86328125 0.499375 0.86328125 0.1258333328125 0.71390625 0.1258333328125
1 1 0.2670833328125 0.853125 0.2670833328125 0.853125 0.31625000000000003 1 0.31625000000000003 1 0.2670833328125
1 1 0.35104166718749996 0.85609375 0.35104166718749996 0.85609375 0.3975 1 0.3975 1 0.35104166718749996
1 1 0.4258333328125 0.8550000000000001 0.4258333328125 0.8550000000000001 0.48520833281250003 1 0.48520833281250003 1 0.4258333328125
1 0 0.6372916671875 0.0675 0.6372916671875 0.0675 0.5122916671875 0 0.5122916671875 0 0.6372916671875
1 0.356875 0.4233333328125 0.356875 0.4027083328125 0.24562499999999998 0.4027083328125 0.24562499999999998 0.4233333328125 0.356875 0.4233333328125
2 0.35046875 0.2604166671875 0.35046875 0.42416666718749996 0.39703125 0.42416666718749996 0.39703125 0.2604166671875 0.35046875 0.2604166671875