1 0.8474999999999999 0.5658333328125 0.8474999999999999 0.5266666671875 0.7576562499999999 0.5266666671875 0.7576562499999999 0.5658333328125 0.8474999999999999 0.5658333328125
1 0.9354687500000001 0.5814583328125 0.9354687500000001 0.5410416671875 0.84453125 0.5410416671875 0.84453125 0.5814583328125 0.9354687500000001 0.5814583328125
1 0.9990625 0.5945833328125001 0.9990625 0.5579166671875 0.93265625 0.5579166671875 0.93265625 0.5945833328125001 0.9990625 0.5945833328125001
1 0.27265625 0.5802083328125 0.27265625 0.500625 0.07421875 0.500625 0.07421875 0.5802083328125 0.27265625 0.5802083328125
1 0.28250000000000003 0.7404166671875 0.28250000000000003 0.653125 0.0909375 0.653125 0.0909375 0.7404166671875 0.28250000000000003 0.7404166671875
1 0.45265625 0.3885416671875 0.45265625 0.3389583328125 0.2990625 0.3389583328125 0.2990625 0.3885416671875 0.45265625 0.3885416671875
1 0 0.21916666718750002 0.07625 0.21916666718750002 0.07625 0.15 0 0.15 0 0.21916666718750002
1 0.29125 0.12125 0.29125 0.051041667187499994 0.08796875 0.051041667187499994 0.08796875 0.12125 0.29125 0.12125
1 0.28828125 0.22291666718749997 0.28828125 0.16312500000000002 0.0840625 0.16312500000000002 0.0840625 0.22291666718749997 0.28828125 0.22291666718749997
1 0.46828125 0.15270833281250001 0.46828125 0.0704166671875 0.31078125 0.0704166671875 0.31078125 0.15270833281250001 0.46828125 0.15270833281250001
1 0.46624999999999994 0.2504166671875 0.46624999999999994 0.1827083328125 0.3040625 0.1827083328125 0.3040625 0.2504166671875 0.46624999999999994 0.2504166671875
1 0.5796875 0.1983333328125 0.5796875 0.1279166671875 0.4653125 0.1279166671875 0.4653125 0.1983333328125 0.5796875 0.1983333328125
1 0.58546875 0.2764583328125 0.58546875 0.2152083328125 0.46140625 0.2152083328125 0.46140625 0.2764583328125 0.58546875 0.2764583328125
1 0.57875 0.3885416671875 0.57875 0.3441666671875 0.45265625 0.3441666671875 0.45265625 0.3885416671875 0.57875 0.3885416671875
1 0.65890625 0.2972916671875 0.65890625 0.23875000000000002 0.57765625 0.23875000000000002 0.57765625 0.2972916671875 0.65890625 0.2972916671875
1 0.66171875 0.4525 0.66171875 0.409375 0.571875 0.409375 0.571875 0.4525 0.66171875 0.4525
1 0.655 0.5266666671875 0.655 0.4810416671875 0.5728125000000001 0.4810416671875 0.5728125000000001 0.5266666671875 0.655 0.5266666671875
1 0.65296875 0.605 0.65296875 0.54625 0.5709375 0.54625 0.5709375 0.605 0.65296875 0.605
1 0.755625 0.5489583328125 0.755625 0.515 0.71171875 0.515 0.71171875 0.5489583328125 0.755625 0.5489583328125
1 0.7576562499999999 0.5175 0.7576562499999999 0.4877083328125 0.7145312500000001 0.4877083328125 0.7145312500000001 0.5175 0.7576562499999999 0.5175
1 0.7223437500000001 0.395 0.7223437500000001 0.3625 0.6646875 0.3625 0.6646875 0.395 0.7223437500000001 0.395
1 0.58265625 0 0.58265625 0.06395833281249999 0.6578125 0.06395833281249999 0.6578125 0 0.58265625 0
1 0.7184375000000001 0.1070833328125 0.7184375000000001 0.044375 0.65890625 0.044375 0.65890625 0.1070833328125 0.7184375000000001 0.1070833328125
1 0.825 0.19958333281250001 0.825 0.16312500000000002 0.79578125 0.16312500000000002 0.79578125 0.19958333281250001 0.825 0.19958333281250001
1 0.8426562499999999 0.21770833281250002 0.8426562499999999 0.1852083328125 0.8231249999999999 0.1852083328125 0.8231249999999999 0.21770833281250002 0.8426562499999999 0.21770833281250002
1 0.76640625 0.3272916671875 0.76640625 0.2920833328125 0.72140625 0.2920833328125 0.72140625 0.3272916671875 0.76640625 0.3272916671875
1 0.8162499999999999 0.0704166671875 0.8162499999999999 0.0314583328125 0.791875 0.0314583328125 0.791875 0.0704166671875 0.8162499999999999 0.0704166671875
1 0.8348437499999999 0.0966666671875 0.8348437499999999 0.0627083328125 0.81328125 0.0627083328125 0.81328125 0.0966666671875 0.8348437499999999 0.0966666671875
1 0 0.7391666671875 0.07625 0.7391666671875 0.07625 0.683125 0 0.683125 0 0.7391666671875
1 0 0.623125 0.06546874999999999 0.623125 0.06546874999999999 0.560625 0 0.560625 0 0.623125
1 0.6665625000000001 0.2770833328125 0.6665625000000001 0.3097916671875 0.7224999999999999 0.3097916671875 0.7224999999999999 0.2770833328125 0.6665625000000001 0.2770833328125
4 0.73265625 0.5725 0.73265625 0.37124999999999997 0.6490625 0.37124999999999997 0.6490625 0.5725 0.73265625 0.5725
4 0.5903125 0.6441666671874999 0.5903125 0.3635416671875 0.45390625 0.3635416671875 0.45390625 0.6441666671874999 0.5903125 0.6441666671874999
4 0.46828125 0.6879166671875 0.46828125 0.3608333328125 0.2884375 0.3608333328125 0.2884375 0.6879166671875 0.46828125 0.6879166671875
3 0.81375 0.25125000000000003 0.81375 0.2210416671875 0.7654687499999999 0.2210416671875 0.7654687499999999 0.25125000000000003 0.81375 0.25125000000000003
3 0.81375 0.27770833281249996 0.81375 0.25125000000000003 0.7693749999999999 0.25125000000000003 0.7693749999999999 0.27770833281249996 0.81375 0.27770833281249996
3 0.811875 0.3027083328125 0.811875 0.27770833281249996 0.7693749999999999 0.27770833281249996 0.7693749999999999 0.3027083328125 0.811875 0.3027083328125
3 0.811875 0.3289583328125 0.811875 0.3027083328125 0.77046875 0.3027083328125 0.77046875 0.3289583328125 0.811875 0.3289583328125
3 0.80390625 0.36062500000000003 0.80390625 0.3289583328125 0.77046875 0.3289583328125 0.77046875 0.36062500000000003 0.80390625 0.36062500000000003
3 0.80390625 0.385625 0.80390625 0.36062500000000003 0.7693749999999999 0.36062500000000003 0.7693749999999999 0.385625 0.80390625 0.385625
3 0.80796875 0.4091666671875 0.80796875 0.385625 0.7693749999999999 0.385625 0.7693749999999999 0.4091666671875 0.80796875 0.4091666671875
3 0.80796875 0.4341666671875 0.80796875 0.4091666671875 0.76453125 0.4091666671875 0.76453125 0.4341666671875 0.80796875 0.4341666671875
3 0.80984375 0.460625 0.80984375 0.4341666671875 0.76453125 0.4341666671875 0.76453125 0.460625 0.80984375 0.460625
3 0.80984375 0.4920833328125 0.80984375 0.460625 0.76453125 0.460625 0.76453125 0.4920833328125 0.80984375 0.4920833328125
3 0.8059375 0.5118750000000001 0.8059375 0.489375 0.7654687499999999 0.489375 0.7654687499999999 0.5118750000000001 0.8059375 0.5118750000000001
3 0.8059375 0.535625 0.8059375 0.5118750000000001 0.7615624999999999 0.5118750000000001 0.7615624999999999 0.535625 0.8059375 0.535625
3 0.85328125 0.5408333328125 0.85328125 0.4683333328125 0.805 0.4683333328125 0.805 0.5408333328125 0.85328125 0.5408333328125
3 0.8503125 0.47895833281250005 0.8503125 0.4447916671875 0.805 0.4447916671875 0.805 0.47895833281250005 0.8503125 0.47895833281250005
3 0.806875 0.4183333328125 0.806875 0.45 0.85125 0.45 0.85125 0.4183333328125 0.806875 0.4183333328125
3 0.8582812499999999 0.41979166718750005 0.8582812499999999 0.3920833328125 0.80796875 0.3920833328125 0.80796875 0.41979166718750005 0.8582812499999999 0.41979166718750005
3 0.806875 0.36833333281249997 0.806875 0.4 0.85234375 0.4 0.85234375 0.36833333281249997 0.806875 0.36833333281249997
3 0.806875 0.34729166718750004 0.806875 0.36833333281249997 0.8503125 0.36833333281249997 0.8503125 0.34729166718750004 0.806875 0.34729166718750004
3 0.80984375 0.3183333328125 0.80984375 0.34729166718750004 0.8503125 0.34729166718750004 0.8503125 0.3183333328125 0.80984375 0.3183333328125
3 0.80984375 0.289375 0.80984375 0.3183333328125 0.85234375 0.3183333328125 0.85234375 0.289375 0.80984375 0.289375
3 0.81078125 0.2579166671875 0.81078125 0.289375 0.85234375 0.289375 0.85234375 0.2579166671875 0.81078125 0.2579166671875
3 0.81078125 0.23020833281250003 0.81078125 0.2579166671875 0.87203125 0.2579166671875 0.87203125 0.23020833281250003 0.81078125 0.23020833281250003
3 0.90171875 0.27375 0.90171875 0.25125000000000003 0.85625 0.25125000000000003 0.85625 0.27375 0.90171875 0.27375
3 0.90171875 0.288125 0.90171875 0.27375 0.8582812499999999 0.27375 0.8582812499999999 0.288125 0.90171875 0.288125
3 0.90171875 0.3066666671875 0.90171875 0.288125 0.8582812499999999 0.288125 0.8582812499999999 0.3066666671875 0.90171875 0.3066666671875
3 0.90171875 0.31979166718749996 0.90171875 0.3066666671875 0.85625 0.3066666671875 0.85625 0.31979166718749996 0.90171875 0.31979166718749996
3 0.900625 0.3341666671875 0.900625 0.31979166718749996 0.85625 0.31979166718749996 0.85625 0.3341666671875 0.900625 0.3341666671875
3 0.900625 0.35270833281249997 0.900625 0.3341666671875 0.86015625 0.3341666671875 0.86015625 0.35270833281249997 0.900625 0.35270833281249997
3 0.89765625 0.375 0.89765625 0.35270833281249997 0.86015625 0.35270833281249997 0.86015625 0.375 0.89765625 0.375
3 0.89765625 0.3920833328125 0.89765625 0.375 0.85625 0.375 0.85625 0.3920833328125 0.89765625 0.3920833328125
3 0.900625 0.41187500000000005 0.900625 0.3920833328125 0.85625 0.3920833328125 0.85625 0.41187500000000005 0.900625 0.41187500000000005
3 0.90171875 0.42770833281250004 0.90171875 0.41187500000000005 0.8571875 0.41187500000000005 0.8571875 0.42770833281250004 0.90171875 0.42770833281250004
3 0.8907812500000001 0.4447916671875 0.8907812500000001 0.42625 0.8582812499999999 0.42625 0.8582812499999999 0.4447916671875 0.8907812500000001 0.4447916671875
3 0.89375 0.4658333328125 0.89375 0.44333333281250004 0.85625 0.44333333281250004 0.85625 0.4658333328125 0.89375 0.4658333328125
3 0.89875 0.4947916671875 0.89875 0.4658333328125 0.85625 0.4658333328125 0.85625 0.4947916671875 0.89875 0.4947916671875
3 0.89875 0.5197916671875 0.89875 0.4947916671875 0.85125 0.4947916671875 0.85125 0.5197916671875 0.89875 0.5197916671875
3 0.8878125000000001 0.55125 0.8878125000000001 0.5197916671875 0.85125 0.5197916671875 0.85125 0.55125 0.8878125000000001 0.55125
3 0.9859375 0.5414583328125 0.9859375 0.5014583328125 0.9440625 0.5014583328125 0.9440625 0.5414583328125 0.9859375 0.5414583328125
3 0.9864062499999999 0.564375 0.9864062499999999 0.5402083328125 0.9378125 0.5402083328125 0.9378125 0.564375 0.9864062499999999 0.564375
3 0.9496874999999999 0.2908333328125 0.9496874999999999 0.2541666671875 0.90328125 0.2541666671875 0.90328125 0.2908333328125 0.9496874999999999 0.2908333328125
3 0.9496874999999999 0.3158333328125 0.9496874999999999 0.2908333328125 0.8984375 0.2908333328125 0.8984375 0.3158333328125 0.9496874999999999 0.3158333328125
3 0.9526562500000001 0.3395833328125 0.9526562500000001 0.3158333328125 0.8984375 0.3158333328125 0.8984375 0.3395833328125 0.9526562500000001 0.3395833328125
3 0.9526562500000001 0.36583333281249997 0.9526562500000001 0.3395833328125 0.899375 0.3395833328125 0.899375 0.36583333281249997 0.9526562500000001 0.36583333281249997
3 0.9506249999999999 0.3947916671875 0.9506249999999999 0.36583333281249997 0.899375 0.36583333281249997 0.899375 0.3947916671875 0.9506249999999999 0.3947916671875
3 0.9506249999999999 0.4225 0.9506249999999999 0.3947916671875 0.899375 0.3947916671875 0.899375 0.4225 0.9506249999999999 0.4225
3 0.9506249999999999 0.4502083328125 0.9506249999999999 0.4225 0.899375 0.4225 0.899375 0.4502083328125 0.9506249999999999 0.4502083328125
3 0.9496874999999999 0.47520833281249997 0.9496874999999999 0.4502083328125 0.8984375 0.4502083328125 0.8984375 0.47520833281249997 0.9496874999999999 0.47520833281249997
3 0.9517187500000001 0.5054166671875 0.9517187500000001 0.47520833281249997 0.8984375 0.47520833281249997 0.8984375 0.5054166671875 0.9517187500000001 0.5054166671875
3 0.9526562500000001 0.5316666671875 0.9526562500000001 0.5041666671875 0.8984375 0.5041666671875 0.8984375 0.5316666671875 0.9526562500000001 0.5316666671875
3 0.9378125 0.561875 0.9378125 0.5316666671875 0.8984375 0.5316666671875 0.8984375 0.561875 0.9378125 0.561875
3 0.99703125 0.5329166671875 0.99703125 0.5002083328125 0.9881249999999999 0.5002083328125 0.9881249999999999 0.5329166671875 0.99703125 0.5329166671875
3 0.99703125 0.5579166671875 0.99703125 0.5329166671875 0.98921875 0.5329166671875 0.98921875 0.5579166671875 0.99703125 0.5579166671875
3 0.9940625000000001 0.5041666671875 0.9940625000000001 0.4777083328125 0.9517187500000001 0.4777083328125 0.9517187500000001 0.5041666671875 0.9940625000000001 0.5041666671875
3 0.9496874999999999 0.4502083328125 0.9496874999999999 0.484375 0.99609375 0.484375 0.99609375 0.4502083328125 0.9496874999999999 0.4502083328125
3 0.9496874999999999 0.4329166671875 0.9496874999999999 0.4502083328125 0.99515625 0.4502083328125 0.99515625 0.4329166671875 0.9496874999999999 0.4329166671875
3 0.9517187500000001 0.40541666718749997 0.9517187500000001 0.4329166671875 0.99515625 0.4329166671875 0.99515625 0.40541666718749997 0.9517187500000001 0.40541666718749997
3 0.9517187500000001 0.3791666671875 0.9517187500000001 0.40541666718749997 0.99515625 0.40541666718749997 0.99515625 0.3791666671875 0.9517187500000001 0.3791666671875
3 0.95765625 0.34750000000000003 0.95765625 0.3791666671875 0.99515625 0.3791666671875 0.99515625 0.34750000000000003 0.95765625 0.34750000000000003
3 0.95765625 0.3291666671875 0.95765625 0.34750000000000003 0.99515625 0.34750000000000003 0.99515625 0.3291666671875 0.95765625 0.3291666671875
3 0.95859375 0.2975 0.95859375 0.3291666671875 0.99515625 0.3291666671875 0.99515625 0.2975 0.95859375 0.2975
1 0.6642187500000001 0.2522916671875 0.6642187500000001 0.2833333328125 0.7201562499999999 0.2833333328125 0.7201562499999999 0.2522916671875 0.6642187500000001 0.2522916671875
1 0.6665625000000001 0.2258333328125 0.6665625000000001 0.2585416671875 0.72359375 0.2585416671875 0.72359375 0.2258333328125 0.6665625000000001 0.2258333328125
1 0.66890625 0.19958333281250001 0.66890625 0.230625 0.72359375 0.230625 0.72359375 0.19958333281250001 0.66890625 0.19958333281250001
1 0.6665625000000001 0.1716666671875 0.6665625000000001 0.20729166718749997 0.7212500000000001 0.20729166718749997 0.7212500000000001 0.1716666671875 0.6665625000000001 0.1716666671875
1 0.6676562500000001 0.1435416671875 0.6676562500000001 0.18562499999999998 0.72484375 0.18562499999999998 0.72484375 0.1435416671875 0.6676562500000001 0.1435416671875
1 0.6676562500000001 0.11875 0.6676562500000001 0.1591666671875 0.7212500000000001 0.1591666671875 0.7212500000000001 0.11875 0.6676562500000001 0.11875
1 0.7596875 0.1375 0.7596875 0.1716666671875 0.7934375 0.1716666671875 0.7934375 0.1375 0.7596875 0.1375
1 0.7620312499999999 0.1235416671875 0.7620312499999999 0.14666666718750002 0.7934375 0.14666666718750002 0.7934375 0.1235416671875 0.7620312499999999 0.1235416671875
1 0.7620312499999999 0.109375 0.7620312499999999 0.1327083328125 0.7970312500000001 0.1327083328125 0.7970312500000001 0.109375 0.7620312499999999 0.109375
1 0.764375 0.0939583328125 0.764375 0.1110416671875 0.79234375 0.1110416671875 0.79234375 0.0939583328125 0.764375 0.0939583328125
1 0.7609375 0.076875 0.7609375 0.0970833328125 0.7970312500000001 0.0970833328125 0.7970312500000001 0.076875 0.7609375 0.076875
1 0.7631249999999999 0.064375 0.7631249999999999 0.0752083328125 0.780625 0.0752083328125 0.780625 0.064375 0.7631249999999999 0.064375
1 0.72359375 0.109375 0.72359375 0.14208333281250002 0.75734375 0.14208333281250002 0.75734375 0.109375 0.72359375 0.109375
1 0.72703125 0.0939583328125 0.72703125 0.115625 0.7596875 0.115625 0.7596875 0.0939583328125 0.72703125 0.0939583328125
1 0.7259375 0.0752083328125 0.7259375 0.0970833328125 0.7515625 0.0970833328125 0.7515625 0.0752083328125 0.7259375 0.0752083328125
1 0.72484375 0.058333332812500006 0.72484375 0.0814583328125 0.755 0.0814583328125 0.755 0.058333332812500006 0.72484375 0.058333332812500006
1 0.72359375 0.041249999999999995 0.72359375 0.064375 0.75859375 0.064375 0.75859375 0.041249999999999995 0.72359375 0.041249999999999995
1 0.7189062500000001 0.0179166671875 0.7189062500000001 0.038125 0.75625 0.038125 0.75625 0.0179166671875 0.7189062500000001 0.0179166671875