1 0.34208333281250003 0.500740740625 0.34208333281250003 0.46787037031249995 0.3005729171875 0.46787037031249995 0.3005729171875 0.500740740625 0.34208333281250003 0.500740740625
1 0.4754166671875 0.5231481484375 0.4754166671875 0.49472222187500003 0.3750520828125 0.49472222187500003 0.3750520828125 0.5231481484375 0.4754166671875 0.5231481484375
1 0.1849479171875 0.5736111109375 0.1849479171875 0.5310185187500001 0.0766145828125 0.5310185187500001 0.0766145828125 0.5736111109375 0.1849479171875 0.5736111109375
1 0.1894270828125 0.6588888890625 0.1894270828125 0.61148148125 0.0704166671875 0.61148148125 0.0704166671875 0.6588888890625 0.1894270828125 0.6588888890625
1 0.1894270828125 0.7536111109375 0.1894270828125 0.696759259375 0.1316666671875 0.696759259375 0.1316666671875 0.7536111109375 0.1894270828125 0.7536111109375
1 0.9358333328124999 0.8142592593750001 0.9358333328124999 0.6929629625 0.5990104171875 0.6929629625 0.5990104171875 0.8142592593750001 0.9358333328124999 0.8142592593750001
1 0.7535937500000001 0.8275 0.7535937500000001 0.7289814812500001 0.5361458328125 0.7289814812500001 0.5361458328125 0.8275 0.7535937500000001 0.8275
2 0.49927083281250006 0.6570370375000001 0.49927083281250006 0.4199074078125 0.44015624999999997 0.4199074078125 0.44015624999999997 0.6570370375000001 0.49927083281250006 0.6570370375000001
2 0.9997395828125001 0.9070370375 0.9997395828125001 0.023703703125 0.8309895828125 0.023703703125 0.8309895828125 0.9070370375 0.9997395828125001 0.9070370375
4 0.5938020828125 0.66555555625 0.5938020828125 0.47435185156250004 0.48354166718749997 0.47435185156250004 0.48354166718749997 0.66555555625 0.5938020828125 0.66555555625
4 0.2976041671875 0.51305555625 0.2976041671875 0.7306481484375 0.34484375 0.7306481484375 0.34484375 0.51305555625 0.2976041671875 0.51305555625
1 0.23796875 0.493703703125 0.23796875 0.46555555625 0.1911979171875 0.46555555625 0.1911979171875 0.493703703125 0.23796875 0.493703703125
4 0.2366666671875 0.7362037031249999 0.2366666671875 0.4995370375 0.19317708281249998 0.4995370375 0.19317708281249998 0.7362037031249999 0.2366666671875 0.7362037031249999