1 0.26208333281249996 0.9920370374999999 0.26208333281249996 0.8447222218749999 0.0003125 0.8447222218749999 0.0003125 0.9920370374999999 0.26208333281249996 0.9920370374999999
2 0.3788541671875 0.7224074078125 0.3788541671875 0.5416666671875 0.3233333328125 0.5416666671875 0.3233333328125 0.7224074078125 0.3788541671875 0.7224074078125
4 0.996875 0.7083333328125 0.996875 0.09675925937499999 0.67453125 0.09675925937499999 0.67453125 0.7083333328125 0.996875 0.7083333328125
4 0.9990625 0.9929629625 0.9990625 0.6634259265625 0.6694791671875 0.6634259265625 0.6694791671875 0.9929629625 0.9990625 0.9929629625
4 0.48197916718749995 0.0006481484375 0.48197916718749995 0.14805555625 0.6658854171875 0.14805555625 0.6658854171875 0.0006481484375 0.48197916718749995 0.0006481484375
4 0.6579166671875 0.3109259265625 0.6579166671875 0.1416666671875 0.48343749999999996 0.1416666671875 0.48343749999999996 0.3109259265625 0.6579166671875 0.3109259265625
4 0.6636979171874999 0.4800925921875 0.6636979171874999 0.3109259265625 0.47838541718750005 0.3109259265625 0.47838541718750005 0.4800925921875 0.6636979171874999 0.4800925921875
4 0.65578125 0.65444444375 0.65578125 0.47759259218750005 0.47473958281249995 0.47759259218750005 0.47473958281249995 0.65444444375 0.65578125 0.65444444375
4 0.65578125 0.81601851875 0.65578125 0.65444444375 0.47406249999999994 0.65444444375 0.47406249999999994 0.81601851875 0.65578125 0.81601851875
4 0.65578125 0.99555555625 0.65578125 0.803240740625 0.47473958281249995 0.803240740625 0.47473958281249995 0.99555555625 0.65578125 0.99555555625
4 0.4653645828125 0.99805555625 0.4653645828125 0.7326851859375 0.27859375000000003 0.7326851859375 0.27859375000000003 0.99805555625 0.4653645828125 0.99805555625