1 0.9581250000000001 0.27101851875 0.9581250000000001 0.2118518515625 0.9092708328124999 0.2118518515625 0.9092708328124999 0.27101851875 0.9581250000000001 0.27101851875
1 0.9991145828124999 0.2573148140625 0.9991145828124999 0.185277778125 0.95859375 0.185277778125 0.95859375 0.2573148140625 0.9991145828124999 0.2573148140625
1 0.9991145828124999 0.35203703750000004 0.9991145828124999 0.2875925921875 0.9628645828125 0.2875925921875 0.9628645828125 0.35203703750000004 0.9991145828124999 0.35203703750000004
1 0.9607291671875 0.3728703703125 0.9607291671875 0.31222222187500004 0.9106770828125 0.31222222187500004 0.9106770828125 0.3728703703125 0.9607291671875 0.3728703703125
1 0.9181250000000001 0.31222222187500004 0.9181250000000001 0.24407407343749998 0.8722916671875 0.24407407343749998 0.8722916671875 0.31222222187500004 0.9181250000000001 0.31222222187500004
1 0.8669791671875 0.3293518515625 0.8669791671875 0.2725 0.8445833328125 0.2725 0.8445833328125 0.3293518515625 0.8669791671875 0.3293518515625
1 0.8424479171874999 0.33314814843749996 0.8424479171874999 0.2913888890625 0.8190104171874999 0.2913888890625 0.8190104171874999 0.33314814843749996 0.8424479171874999 0.33314814843749996
1 0.8147395828124999 0.35203703750000004 0.8147395828124999 0.3065740734375 0.7944791671875 0.3065740734375 0.7944791671875 0.35203703750000004 0.8147395828124999 0.35203703750000004
1 0.9607291671875 0.7442592593749999 0.9607291671875 0.6551851859375 0.9085416671875001 0.6551851859375 0.9085416671875001 0.7442592593749999 0.9607291671875 0.7442592593749999
1 0.9959374999999999 0.7840740734375 0.9959374999999999 0.7063888890625 0.96609375 0.7063888890625 0.96609375 0.7840740734375 0.9959374999999999 0.7840740734375
1 0.853125 0.6021296296875 0.853125 0.5490740734374999 0.6996354171875 0.5490740734374999 0.6996354171875 0.6021296296875 0.853125 0.6021296296875
1 0.8498958328124999 0.6627777781249999 0.8498958328124999 0.6154629625 0.6975 0.6154629625 0.6975 0.6627777781249999 0.8498958328124999 0.6627777781249999
1 0.39375 0.2288888890625 0.39375 0.1151851859375 0.11453125 0.1151851859375 0.11453125 0.2288888890625 0.39375 0.2288888890625
1 0.00578125 0.0148148140625 0.00578125 0.1171296296875 0.39375 0.1171296296875 0.39375 0.0148148140625 0.00578125 0.0148148140625
1 0.45875000000000005 0.285740740625 0.45875000000000005 0.2156481484375 0.3798958328125 0.2156481484375 0.3798958328125 0.285740740625 0.45875000000000005 0.285740740625
1 0.44749999999999995 0.2170370375 0.44749999999999995 0.2590740734375 0.4955729171875 0.2590740734375 0.4955729171875 0.2170370375 0.44749999999999995 0.2170370375
1 0.5111458328125 0.2736111109375 0.5111458328125 0.2446296296875 0.48598958281250004 0.2446296296875 0.48598958281250004 0.2736111109375 0.5111458328125 0.2736111109375
1 0.5104166671875 0.3340740734375 0.5104166671875 0.2920370375 0.4904166671875 0.2920370375 0.4904166671875 0.3340740734375 0.5104166671875 0.3340740734375
1 0.379375 0.27620370312500003 0.379375 0.3143518515625 0.491875 0.3143518515625 0.491875 0.27620370312500003 0.379375 0.27620370312500003
1 0.8428645828124999 0.0025925921875000002 0.8428645828124999 0.07083333281250001 0.8780208328124999 0.07083333281250001 0.8780208328124999 0.0025925921875000002 0.8428645828124999 0.0025925921875000002
1 0.8503125 0.11629629687500001 0.8503125 0.0348148140625 0.8130208328125 0.0348148140625 0.8130208328125 0.11629629687500001 0.8503125 0.11629629687500001
1 0.8204687500000001 0.14851851875 0.8204687500000001 0.1011111109375 0.7948958328125 0.1011111109375 0.7948958328125 0.14851851875 0.8204687500000001 0.14851851875
1 0.7959895828125 0.16935185156250002 0.7959895828125 0.1276851859375 0.7831770828125 0.1276851859375 0.7831770828125 0.16935185156250002 0.7959895828125 0.16935185156250002
3 0.24463541718749998 0.53944444375 0.24463541718749998 0.4565740734375 0.18171874999999998 0.4565740734375 0.18171874999999998 0.53944444375 0.24463541718749998 0.53944444375
3 0.1780208328125 0.551296296875 0.1780208328125 0.44601851875 0.06921875 0.44601851875 0.06921875 0.551296296875 0.1780208328125 0.551296296875
3 0.17953125 0.676296296875 0.17953125 0.5421296296875 0.0744270828125 0.5421296296875 0.0744270828125 0.676296296875 0.17953125 0.676296296875
3 0.2483333328125 0.6341666671875 0.2483333328125 0.5355555562500001 0.17359375 0.5355555562500001 0.17359375 0.6341666671875 0.2483333328125 0.6341666671875
3 0.2431770828125 0.825 0.2431770828125 0.7158333328125 0.0944270828125 0.7158333328125 0.0944270828125 0.825 0.2431770828125 0.825
3 0.24463541718749998 0.9184259265625 0.24463541718749998 0.79601851875 0.10328124999999999 0.79601851875 0.10328124999999999 0.9184259265625 0.24463541718749998 0.9184259265625
3 0.2986979171875 0.8671296296875 0.2986979171875 0.755277778125 0.22984374999999999 0.755277778125 0.22984374999999999 0.8671296296875 0.2986979171875 0.8671296296875
3 0.3349479171875 0.805277778125 0.3349479171875 0.7158333328125 0.2224479171875 0.7158333328125 0.2224479171875 0.805277778125 0.3349479171875 0.805277778125
3 0.32015625000000003 0.5275925921875 0.32015625000000003 0.44870370312499996 0.2313541671875 0.44870370312499996 0.2313541671875 0.5275925921875 0.32015625000000003 0.5275925921875
3 0.3194270828125 0.601296296875 0.3194270828125 0.5224074078125 0.24390625 0.5224074078125 0.24390625 0.601296296875 0.3194270828125 0.601296296875
3 0.3475520828125 0.5210185187499999 0.3475520828125 0.44472222187500005 0.31124999999999997 0.44472222187500005 0.31124999999999997 0.5210185187499999 0.3475520828125 0.5210185187499999
3 0.3467708328125 0.5828703703125 0.3467708328125 0.5210185187499999 0.31203125 0.5210185187499999 0.31203125 0.5828703703125 0.3467708328125 0.5828703703125
3 0.3882291671875 0.5565740734375 0.3882291671875 0.4974074078125 0.3438541671875 0.4974074078125 0.3438541671875 0.5565740734375 0.3882291671875 0.5565740734375
3 0.3741666671875 0.6605555562500001 0.3741666671875 0.594722221875 0.2491145828125 0.594722221875 0.2491145828125 0.6605555562500001 0.3741666671875 0.6605555562500001
3 0.3719791671875 0.725 0.3719791671875 0.6421296296875 0.2483333328125 0.6421296296875 0.2483333328125 0.725 0.3719791671875 0.725
3 0.3748958328125 0.7658333328125 0.3748958328125 0.6934259265625 0.3171875 0.6934259265625 0.3171875 0.7658333328125 0.3748958328125 0.7658333328125
3 0.40083333281250005 0.6421296296875 0.40083333281250005 0.5762962968750001 0.36161458281250003 0.5762962968750001 0.36161458281250003 0.6421296296875 0.40083333281250005 0.6421296296875
3 0.3978645828125 0.6841666671875 0.3978645828125 0.6289814812500001 0.36604166718750003 0.6289814812500001 0.36604166718750003 0.6841666671875 0.3978645828125 0.6841666671875
3 0.40083333281250005 0.7315740734375 0.40083333281250005 0.675 0.37046875 0.675 0.37046875 0.7315740734375 0.40083333281250005 0.7315740734375
3 0.42078125 0.7025925921875 0.42078125 0.65 0.395625 0.65 0.395625 0.7025925921875 0.42078125 0.7025925921875
3 0.42895833281250006 0.67101851875 0.42895833281250006 0.623703703125 0.3993229171875 0.623703703125 0.3993229171875 0.67101851875 0.42895833281250006 0.67101851875
3 0.4496875 0.655277778125 0.4496875 0.6158333328125 0.41859375 0.6158333328125 0.41859375 0.655277778125 0.4496875 0.655277778125
3 0.39416666718750004 0.5671296296875 0.39416666718750004 0.6171296296875 0.4600520828125 0.6171296296875 0.4600520828125 0.5671296296875 0.39416666718750004 0.5671296296875
3 0.4615104171875 0.648703703125 0.4615104171875 0.601296296875 0.4415104171875 0.601296296875 0.4415104171875 0.648703703125 0.4615104171875 0.648703703125
3 0.471875 0.6 0.471875 0.55 0.4496875 0.55 0.4496875 0.6 0.471875 0.6
3 0.47114583281250005 0.6315740734374999 0.47114583281250005 0.5934259265625 0.4563541671875 0.5934259265625 0.4563541671875 0.6315740734374999 0.47114583281250005 0.6315740734374999
3 0.47854166718749996 0.5210185187499999 0.47854166718749996 0.6078703703125 0.5014583328125 0.6078703703125 0.5014583328125 0.5210185187499999 0.47854166718749996 0.5210185187499999
3 0.359375 0.423703703125 0.359375 0.5315740734375 0.4415104171875 0.5315740734375 0.4415104171875 0.423703703125 0.359375 0.423703703125
3 0.46296875000000004 0.48685185156250005 0.46296875000000004 0.4421296296875 0.4311458328125 0.4421296296875 0.4311458328125 0.48685185156250005 0.46296875000000004 0.48685185156250005
3 0.4652083328125 0.51444444375 0.4652083328125 0.48685185156250005 0.4311458328125 0.48685185156250005 0.4311458328125 0.51444444375 0.4652083328125 0.51444444375
3 0.45927083281250003 0.476296296875 0.45927083281250003 0.5184259265625 0.47854166718749996 0.5184259265625 0.47854166718749996 0.476296296875 0.45927083281250003 0.476296296875
3 0.5096354171875 0.501296296875 0.5096354171875 0.425 0.49109375 0.425 0.49109375 0.501296296875 0.5096354171875 0.501296296875
3 0.51109375 0.5578703703125 0.51109375 0.5275925921875 0.49703125000000004 0.5275925921875 0.49703125000000004 0.5578703703125 0.51109375 0.5578703703125
3 0.5155208328125 0.5828703703125 0.5155208328125 0.5578703703125 0.4955729171875 0.5578703703125 0.4955729171875 0.5828703703125 0.5155208328125 0.5828703703125
3 0.5829166671875 0.5275925921875 0.5829166671875 0.4841666671875 0.5606770828125 0.4841666671875 0.5606770828125 0.5275925921875 0.5829166671875 0.5275925921875
3 0.9092708328124999 0.5091666671875 0.9092708328124999 0.4341666671875 0.8870833328125001 0.4341666671875 0.8870833328125001 0.5091666671875 0.9092708328124999 0.5091666671875
3 0.89375 0.4658333328125 0.89375 0.43027777812499995 0.8648958328124999 0.43027777812499995 0.8648958328124999 0.4658333328125 0.89375 0.4658333328125
3 0.8878125000000001 0.5025925921875001 0.8878125000000001 0.4658333328125 0.8648958328124999 0.4658333328125 0.8648958328124999 0.5025925921875001 0.8878125000000001 0.5025925921875001
3 0.8663541671875 0.4881481484375 0.8663541671875 0.47101851874999995 0.8456250000000001 0.47101851874999995 0.8456250000000001 0.4881481484375 0.8663541671875 0.4881481484375
3 0.9041145828125 0.6118518515625 0.9041145828125 0.5131481484375 0.8493229171875001 0.5131481484375 0.8493229171875001 0.6118518515625 0.9041145828125 0.6118518515625
3 0.8959895828125 0.625 0.8959895828125 0.57101851875 0.8663541671875 0.57101851875 0.8663541671875 0.625 0.8959895828125 0.625
3 0.9092708328124999 0.63555555625 0.9092708328124999 0.5881481484375 0.8893229171874999 0.5881481484375 0.8893229171874999 0.63555555625 0.9092708328124999 0.63555555625
3 0.0474479171875 0.5884259265625 0.0474479171875 0.45953703749999997 0.00375 0.45953703749999997 0.00375 0.5884259265625 0.0474479171875 0.5884259265625
3 0.0453125 0.7001851859375 0.0453125 0.58648148125 0.00375 0.58648148125 0.00375 0.7001851859375 0.0453125 0.7001851859375