1 0.6615624999999999 0.0029166671875000003 0.6615624999999999 0.1185416671875 0.91875 0.1185416671875 0.91875 0.0029166671875000003 0.6615624999999999 0.0029166671875000003
1 0.5962500000000001 0.0010416671875 0.5962500000000001 0.0504166671875 0.82359375 0.0504166671875 0.82359375 0.0010416671875 0.5962500000000001 0.0010416671875
1 0.74828125 0.0920833328125 0.74828125 0.19437500000000002 0.9784375000000001 0.19437500000000002 0.9784375000000001 0.0920833328125 0.74828125 0.0920833328125
1 0.31765625000000003 0.4066666671875 0.31765625000000003 0.3535416671875 0.23390624999999998 0.3535416671875 0.23390624999999998 0.4066666671875 0.31765625000000003 0.4066666671875
4 0.19421875 0.9916666671875 0.19421875 0.3827083328125 0.0009375 0.3827083328125 0.0009375 0.9916666671875 0.19421875 0.9916666671875
3 0.57296875 0.489375 0.57296875 0.3591666671875 0.305625 0.3591666671875 0.305625 0.489375 0.57296875 0.489375
3 0.79796875 0.4722916671875 0.79796875 0.260625 0.5759375 0.260625 0.5759375 0.4722916671875 0.79796875 0.4722916671875
3 0.87203125 0.4683333328125 0.87203125 0.38687499999999997 0.79109375 0.38687499999999997 0.79109375 0.4683333328125 0.87203125 0.4683333328125
3 0.9193749999999999 0.4158333328125 0.9193749999999999 0.34729166718750004 0.79015625 0.34729166718750004 0.79015625 0.4158333328125 0.9193749999999999 0.4158333328125
3 0.9193749999999999 0.4658333328125 0.9193749999999999 0.4158333328125 0.875 0.4158333328125 0.875 0.4658333328125 0.9193749999999999 0.4658333328125
3 0.96484375 0.41187500000000005 0.96484375 0.36312500000000003 0.9282812500000001 0.36312500000000003 0.9282812500000001 0.41187500000000005 0.96484375 0.41187500000000005
3 0.9637499999999999 0.460625 0.9637499999999999 0.41312499999999996 0.9262499999999999 0.41312499999999996 0.9262499999999999 0.460625 0.9637499999999999 0.460625
3 0.9854687500000001 0.4222916671875 0.9854687500000001 0.3710416671875 0.9598437499999999 0.3710416671875 0.9598437499999999 0.4222916671875 0.9854687500000001 0.4222916671875
3 0.9854687500000001 0.46312499999999995 0.9854687500000001 0.42374999999999996 0.95390625 0.42374999999999996 0.95390625 0.46312499999999995 0.9854687500000001 0.46312499999999995
3 0.99828125 0.425 0.99828125 0.3789583328125 0.98359375 0.3789583328125 0.98359375 0.425 0.99828125 0.425
3 0.999375 0.46187500000000004 0.999375 0.425 0.9875 0.425 0.9875 0.46187500000000004 0.999375 0.46187500000000004
3 0.9707812499999999 0.560625 0.9707812499999999 0.5131249999999999 0.8996875 0.5131249999999999 0.8996875 0.560625 0.9707812499999999 0.560625
3 0.9678125 0.614375 0.9678125 0.560625 0.8946875000000001 0.560625 0.8946875000000001 0.614375 0.9678125 0.614375
3 0.9875 0.5960416671875 0.9875 0.5472916671875 0.95796875 0.5472916671875 0.95796875 0.5960416671875 0.9875 0.5960416671875
3 0.8246874999999999 0.6408333328125 0.8246874999999999 0.5447916671875 0.62234375 0.5447916671875 0.62234375 0.6408333328125 0.8246874999999999 0.6408333328125
3 0.806875 0.7368750000000001 0.806875 0.6408333328125 0.62234375 0.6408333328125 0.62234375 0.7368750000000001 0.806875 0.7368750000000001
3 0.868125 0.69875 0.868125 0.6066666671875 0.8 0.6066666671875 0.8 0.69875 0.868125 0.69875
3 0.5196875000000001 0.5170833328125 0.5196875000000001 0.6158333328125 0.7634375 0.6158333328125 0.7634375 0.5170833328125 0.5196875000000001 0.5170833328125
3 0.61546875 0.67375 0.61546875 0.5710416671874999 0.51875 0.5710416671874999 0.51875 0.67375 0.61546875 0.67375
3 0.343125 0.5539583328125001 0.343125 0.661875 0.49109375 0.661875 0.49109375 0.5539583328125001 0.343125 0.5539583328125001
3 0.24140625 0.5658333328125 0.24140625 0.67375 0.355 0.67375 0.355 0.5658333328125 0.24140625 0.5658333328125
3 0.23453125 0.6722916671875 0.23453125 0.875 0.4575 0.875 0.4575 0.6722916671875 0.23453125 0.6722916671875
3 0.37671875 0.635625 0.37671875 0.8302083328125001 0.6075 0.8302083328125001 0.6075 0.635625 0.37671875 0.635625
3 0.9854687500000001 0.5447916671875 0.9854687500000001 0.586875 0.99734375 0.586875 0.99734375 0.5447916671875 0.9854687500000001 0.5447916671875
1 0.10234375 0.27208333281249997 0.10234375 0.26208333281249996 0.07359375 0.26208333281249996 0.07359375 0.27208333281249997 0.10234375 0.27208333281249997
1 0.07390624999999999 0.2497916671875 0.07390624999999999 0.25666666718750003 0.10109375000000001 0.25666666718750003 0.10109375000000001 0.2497916671875 0.07390624999999999 0.2497916671875
1 0.04296875 0.26749999999999996 0.04296875 0.2741666671875 0.06875 0.2741666671875 0.06875 0.26749999999999996 0.04296875 0.26749999999999996
1 0.04375 0.25 0.04375 0.2554166671875 0.07062500000000001 0.2554166671875 0.07062500000000001 0.25 0.04375 0.25