1 0.0017187500000000002 0.5172916671875 0.0017187500000000002 0.64625 0.27890625 0.64625 0.27890625 0.5172916671875 0.0017187500000000002 0.5172916671875
1 0.25187499999999996 0.945625 0.25187499999999996 0.7827083328125 0.0003125 0.7827083328125 0.0003125 0.945625 0.25187499999999996 0.945625
1 0.9439062500000001 0.705 0.9439062500000001 0.655625 0.75625 0.655625 0.75625 0.705 0.9439062500000001 0.705
1 0.62421875 0.00125 0.62421875 0.076875 0.7221875 0.076875 0.7221875 0.00125 0.62421875 0.00125
1 0.7278125 0.0466666671875 0.7278125 0.1679166671875 0.81171875 0.1679166671875 0.81171875 0.0466666671875 0.7278125 0.0466666671875
1 0.8074999999999999 0.1414583328125 0.8074999999999999 0.24375 0.8814062500000001 0.24375 0.8814062500000001 0.1414583328125 0.8074999999999999 0.1414583328125
1 0.8814062500000001 0.2133333328125 0.8814062500000001 0.2929166671875 0.9240625 0.2929166671875 0.9240625 0.2133333328125 0.8814062500000001 0.2133333328125
1 0.91828125 0.2664583328125 0.91828125 0.3252083328125 0.9595312500000001 0.3252083328125 0.9595312500000001 0.2664583328125 0.91828125 0.2664583328125
3 0.5621875000000001 0.4091666671875 0.5621875000000001 0.35 0.43 0.35 0.43 0.4091666671875 0.5621875000000001 0.4091666671875
3 0.5621875000000001 0.4658333328125 0.5621875000000001 0.40791666718749997 0.46343750000000006 0.40791666718749997 0.46343750000000006 0.4658333328125 0.5621875000000001 0.4658333328125
3 0.35890625 0.3210416671875 0.35890625 0.3802083328125 0.42890625 0.3802083328125 0.42890625 0.3210416671875 0.35890625 0.3210416671875
3 0.425 0.4341666671875 0.425 0.3710416671875 0.3509375 0.3710416671875 0.3509375 0.4341666671875 0.425 0.4341666671875
3 0.5259375000000001 0.6085416671874999 0.5259375000000001 0.5514583328125 0.43875000000000003 0.5514583328125 0.43875000000000003 0.6085416671874999 0.5259375000000001 0.6085416671874999
3 0.64515625 0.5789583328125001 0.64515625 0.521875 0.54078125 0.521875 0.54078125 0.5789583328125001 0.64515625 0.5789583328125001
3 0.6682812499999999 0.4889583328125 0.6682812499999999 0.4583333328125 0.61234375 0.4583333328125 0.61234375 0.4889583328125 0.6682812499999999 0.4889583328125
3 0.76125 0.593125 0.76125 0.5493750000000001 0.7134375000000001 0.5493750000000001 0.7134375000000001 0.593125 0.76125 0.593125
3 0.368125 0.5691666671875 0.368125 0.5185416671875 0.34171874999999996 0.5185416671875 0.34171874999999996 0.5691666671875 0.368125 0.5691666671875
3 0.3590625 0.6283333328125 0.3590625 0.566875 0.3409375 0.566875 0.3409375 0.6283333328125 0.3590625 0.6283333328125