1 0.53625 0 0.53625 0.0427083328125 0.6340625 0.0427083328125 0.6340625 0 0.53625 0
1 0.5560937499999999 0 0.5560937499999999 0.0185416671875 0.6409374999999999 0.0185416671875 0.6409374999999999 0 0.5560937499999999 0
1 0.62796875 0.31416666718749997 0.62796875 0.24562499999999998 0.49671875 0.24562499999999998 0.49671875 0.31416666718749997 0.62796875 0.31416666718749997
1 0.6821875000000001 0.3127083328125 0.6821875000000001 0.2522916671875 0.6290625000000001 0.2522916671875 0.6290625000000001 0.3127083328125 0.6821875000000001 0.3127083328125
1 0.4546875 0.6154166671875 0.4546875 0.5756249999999999 0.32421875 0.5756249999999999 0.32421875 0.6154166671875 0.4546875 0.6154166671875
1 0.041249999999999995 0.6064583328125 0.041249999999999995 0.565625 0.01328125 0.565625 0.01328125 0.6064583328125 0.041249999999999995 0.6064583328125
1 0.241875 0.2397916671875 0.241875 0.2235416671875 0.1965625 0.2235416671875 0.1965625 0.2397916671875 0.241875 0.2397916671875
1 0.29125 0.2470833328125 0.29125 0.2335416671875 0.24453125 0.2335416671875 0.24453125 0.2470833328125 0.29125 0.2470833328125
1 0.343125 0.2554166671875 0.343125 0.238125 0.30078125 0.238125 0.30078125 0.2554166671875 0.343125 0.2554166671875
1 0.24296875 0.316875 0.24296875 0.3 0.1978125 0.3 0.1978125 0.316875 0.24296875 0.316875
1 0.29375 0.3220833328125 0.29375 0.306875 0.24609375 0.306875 0.24609375 0.3220833328125 0.29375 0.3220833328125
1 0.241875 0.3397916671875 0.241875 0.3252083328125 0.19624999999999998 0.3252083328125 0.19624999999999998 0.3397916671875 0.241875 0.3397916671875
1 0.29171874999999997 0.3470833328125 0.29171874999999997 0.3308333328125 0.24609375 0.3308333328125 0.24609375 0.3470833328125 0.29171874999999997 0.3470833328125
1 0.28703124999999996 0.3985416671875 0.28703124999999996 0.3802083328125 0.2390625 0.3802083328125 0.2390625 0.3985416671875 0.28703124999999996 0.3985416671875
1 0.33140625 0.4010416671875 0.33140625 0.3860416671875 0.29015625 0.3860416671875 0.29015625 0.4010416671875 0.33140625 0.4010416671875
1 0.23828125 0.41479166718749994 0.23828125 0.4 0.1915625 0.4 0.1915625 0.41479166718749994 0.23828125 0.41479166718749994
1 0.28546875 0.4214583328125 0.28546875 0.406875 0.2403125 0.406875 0.2403125 0.4214583328125 0.28546875 0.4214583328125
1 0.32937500000000003 0.4252083328125 0.32937500000000003 0.40895833281250005 0.28546875 0.40895833281250005 0.28546875 0.4252083328125 0.32937500000000003 0.4252083328125
1 0.23703124999999997 0.43937499999999996 0.23703124999999997 0.42416666718749996 0.1915625 0.42416666718749996 0.1915625 0.43937499999999996 0.23703124999999997 0.43937499999999996
1 0.28500000000000003 0.4452083328125 0.28500000000000003 0.42895833281250006 0.23953125000000003 0.42895833281250006 0.23953125000000003 0.4452083328125 0.28500000000000003 0.4452083328125
1 0.3278125 0.4483333328125 0.3278125 0.43208333281250005 0.2865625 0.43208333281250005 0.2865625 0.4483333328125 0.3278125 0.4483333328125
1 0.23390624999999998 0.51 0.23390624999999998 0.4927083328125 0.18562499999999998 0.4927083328125 0.18562499999999998 0.51 0.23390624999999998 0.51
1 0.28312499999999996 0.5116666671875 0.28312499999999996 0.4964583328125 0.23515625 0.4964583328125 0.23515625 0.5116666671875 0.28312499999999996 0.5116666671875
1 0.23203125 0.5352083328125 0.23203125 0.5154166671875 0.1853125 0.5154166671875 0.1853125 0.5352083328125 0.23203125 0.5352083328125
1 0.27828125 0.5347916671874999 0.27828125 0.5154166671875 0.23203125 0.5154166671875 0.23203125 0.5347916671874999 0.27828125 0.5347916671874999
1 0.37124999999999997 0.46333333281250005 0.37124999999999997 0.4829166671875 0.44734375000000004 0.4829166671875 0.44734375000000004 0.46333333281250005 0.37124999999999997 0.46333333281250005
2 0.68265625 0.0070833328125 0.68265625 0.9916666671875 0.9981249999999999 0.9916666671875 0.9981249999999999 0.0070833328125 0.68265625 0.0070833328125
2 0.1875 0.57625 0.1875 0.32 0.10015624999999999 0.32 0.10015624999999999 0.57625 0.1875 0.57625
4 0.80765625 0.7212500000000001 0.80765625 0.3604166671875 0.44625000000000004 0.3604166671875 0.44625000000000004 0.7212500000000001 0.80765625 0.7212500000000001
1 0.37124999999999997 0.4425 0.37124999999999997 0.46333333281250005 0.4484375 0.46333333281250005 0.4484375 0.4425 0.37124999999999997 0.4425
1 0.37234375000000003 0.42604166718750003 0.37234375000000003 0.4425 0.4484375 0.4425 0.4484375 0.42604166718750003 0.37234375000000003 0.42604166718750003
1 0.3734375 0.40520833281249996 0.3734375 0.42604166718750003 0.44734375000000004 0.42604166718750003 0.44734375000000004 0.40520833281249996 0.3734375 0.40520833281249996
1 0.37124999999999997 0.3872916671875 0.37124999999999997 0.40520833281249996 0.44734375000000004 0.40520833281249996 0.44734375000000004 0.3872916671875 0.37124999999999997 0.3872916671875