1 0 0.4810416671875 0.17984375 0.4810416671875 0.17984375 0.284375 0 0.284375 0 0.4810416671875
1 1 0.7052083328125 0.8084374999999999 0.7052083328125 0.8084374999999999 0.806875 1 0.806875 1 0.7052083328125
1 0.9159375000000001 0.29333333281249996 0.9159375000000001 0.165625 0.688125 0.165625 0.688125 0.29333333281249996 0.9159375000000001 0.29333333281249996
1 0.7721875 0.7379166671874999 0.7721875 0.6791666671875001 0.6793750000000001 0.6791666671875001 0.6793750000000001 0.7379166671874999 0.7721875 0.7379166671874999
1 0.27937500000000004 0.7935416671875 0.27937500000000004 0.9354166671874999 0.6646875 0.9354166671874999 0.6646875 0.7935416671875 0.27937500000000004 0.7935416671875
1 0.2759375 0.6814583328125 0.2759375 0.8143750000000001 0.67359375 0.8143750000000001 0.67359375 0.6814583328125 0.2759375 0.6814583328125
1 0.24015625 0.55 0.24015625 0.6829166671875 0.68703125 0.6829166671875 0.68703125 0.55 0.24015625 0.55
1 0.2390625 0.4454166671875 0.2390625 0.591875 0.68140625 0.591875 0.68140625 0.4454166671875 0.2390625 0.4454166671875
1 0.25140625 0.30062500000000003 0.25140625 0.491875 0.68703125 0.491875 0.68703125 0.30062500000000003 0.25140625 0.30062500000000003
1 0.246875 0.170625 0.246875 0.37687499999999996 0.6971875 0.37687499999999996 0.6971875 0.170625 0.246875 0.170625
1 0.24578125 0.0466666671875 0.24578125 0.27375 0.69375 0.27375 0.69375 0.0466666671875 0.24578125 0.0466666671875
1 0.2603125 0.0033333328125 0.2603125 0.1647916671875 0.68921875 0.1647916671875 0.68921875 0.0033333328125 0.2603125 0.0033333328125