1 0.19979166718750002 0.3648148140625 0.19979166718750002 0.2811111109375 0.03546875 0.2811111109375 0.03546875 0.3648148140625 0.19979166718750002 0.3648148140625
1 0.23265625 0.443703703125 0.23265625 0.34898148125 0.043437500000000004 0.34898148125 0.043437500000000004 0.443703703125 0.23265625 0.443703703125
1 0.2983333328125 0.4468518515625 0.2983333328125 0.38212962968749997 0.2299479171875 0.38212962968749997 0.2299479171875 0.4468518515625 0.2983333328125 0.4468518515625
1 0.366875 0.3858333328125 0.366875 0.3095370375 0.2936458328125 0.3095370375 0.2936458328125 0.3858333328125 0.366875 0.3858333328125
1 0.35578125 0.4463888890625 0.35578125 0.393703703125 0.2965625 0.393703703125 0.2965625 0.4463888890625 0.35578125 0.4463888890625
1 0.3883333328125 0.4463888890625 0.3883333328125 0.4161111109375 0.35802083281249997 0.4161111109375 0.35802083281249997 0.4463888890625 0.3883333328125 0.4463888890625
1 0.40760416718750003 0.454259259375 0.40760416718750003 0.42138888906250005 0.3861458328125 0.42138888906250005 0.3861458328125 0.454259259375 0.40760416718750003 0.454259259375
1 0.42093749999999996 0.4529629625 0.42093749999999996 0.4279629625 0.40833333281249995 0.4279629625 0.40833333281249995 0.4529629625 0.42093749999999996 0.4529629625
1 0.38244791718750004 0.7765740734375 0.38244791718750004 0.6529629625 0.30843750000000003 0.6529629625 0.30843750000000003 0.7765740734375 0.38244791718750004 0.7765740734375
1 0.2928645828125 0.8989814812500001 0.2928645828125 0.7831481484375 0.1604166671875 0.7831481484375 0.1604166671875 0.8989814812500001 0.2928645828125 0.8989814812500001
1 0.4105729171875 0.6765740734375 0.4105729171875 0.62 0.38317708281249996 0.62 0.38317708281249996 0.6765740734375 0.4105729171875 0.6765740734375
1 0.9985416671875 0.9231481484374999 0.9985416671875 0.7226851859375001 0.8359895828124999 0.7226851859375001 0.8359895828124999 0.9231481484374999 0.9985416671875 0.9231481484374999
1 0.82890625 0.7352777781250001 0.82890625 0.634259259375 0.7373958328125 0.634259259375 0.7373958328125 0.7352777781250001 0.82890625 0.7352777781250001
1 0.8244270828125 0.6263888890625 0.8244270828125 0.5348148140625 0.7347395828125001 0.5348148140625 0.7347395828125001 0.6263888890625 0.8244270828125 0.6263888890625
1 0.7409375 0.6658333328125 0.7409375 0.5995370375 0.6974479171875 0.5995370375 0.6974479171875 0.6658333328125 0.7409375 0.6658333328125
1 0.9177083328125001 0.35 0.9177083328125001 0.2679629625 0.7436458328125 0.2679629625 0.7436458328125 0.35 0.9177083328125001 0.35
1 0.74453125 0.37527777812499996 0.74453125 0.3231481484375 0.6894270828125 0.3231481484375 0.6894270828125 0.37527777812499996 0.74453125 0.37527777812499996
1 0.6894270828125 0.3848148140625 0.6894270828125 0.3484259265625 0.6663541671875 0.3484259265625 0.6663541671875 0.3848148140625 0.6894270828125 0.3848148140625
1 0.6945833328125001 0.6250925921875 0.6945833328125001 0.5779629625 0.6625 0.5779629625 0.6625 0.6250925921875 0.6945833328125001 0.6250925921875
1 0.6643749999999999 0.5911111109375 0.6643749999999999 0.559259259375 0.6390625 0.559259259375 0.6390625 0.5911111109375 0.6643749999999999 0.5911111109375
1 0.6658333328125 0.40259259218750004 0.6658333328125 0.37444444374999997 0.6354166671875 0.37444444374999997 0.6354166671875 0.40259259218750004 0.6658333328125 0.40259259218750004
1 0.63625 0.40944444375 0.63625 0.3843518515625 0.62171875 0.3843518515625 0.62171875 0.40944444375 0.63625 0.40944444375
1 0.6401041671875001 0.5716666671875 0.6401041671875001 0.544259259375 0.6225520828125 0.544259259375 0.6225520828125 0.5716666671875 0.6401041671875001 0.5716666671875
1 0.59984375 0.5053703703125 0.59984375 0.4871296296875 0.57546875 0.4871296296875 0.57546875 0.5053703703125 0.59984375 0.5053703703125
1 0.6007291671874999 0.560277778125 0.6007291671874999 0.5388888890625 0.5763020828125 0.5388888890625 0.5763020828125 0.560277778125 0.6007291671874999 0.560277778125
1 0.6242708328125001 0.563240740625 0.6242708328125001 0.5374074078125 0.59859375 0.5374074078125 0.59859375 0.563240740625 0.6242708328125001 0.563240740625
1 0.42552083281249997 0.6333333328124999 0.42552083281249997 0.59148148125 0.40796875000000005 0.59148148125 0.40796875000000005 0.6333333328124999 0.42552083281249997 0.6333333328124999
1 0.42296875 0.31277777812499996 0.42296875 0.2731481484375 0.3942708328125 0.2731481484375 0.3942708328125 0.31277777812499996 0.42296875 0.31277777812499996
1 0.3477083328125 0.197222221875 0.3477083328125 0.09361111093749999 0.3046875 0.09361111093749999 0.3046875 0.197222221875 0.3477083328125 0.197222221875
1 0.6828645828125001 0.2190740734375 0.6828645828125001 0.15064814843750002 0.6384375 0.15064814843750002 0.6384375 0.2190740734375 0.6828645828125001 0.2190740734375
1 0.6406770828125 0.2598148140625 0.6406770828125 0.213796296875 0.6199479171875 0.213796296875 0.6199479171875 0.2598148140625 0.6406770828125 0.2598148140625
1 0.6261979171875 0.27453703749999997 0.6261979171875 0.2320370375 0.6083854171875 0.2320370375 0.6083854171875 0.27453703749999997 0.6261979171875 0.27453703749999997
1 0.42078125 0.1474074078125 0.42078125 0.089259259375 0.39609375 0.089259259375 0.39609375 0.1474074078125 0.42078125 0.1474074078125
1 0.385 0.156203703125 0.385 0.08601851875 0.3350520828125 0.08601851875 0.3350520828125 0.156203703125 0.385 0.156203703125
1 0.3923958328125 0.2548148140625 0.3923958328125 0.156203703125 0.34119791718750003 0.156203703125 0.34119791718750003 0.2548148140625 0.3923958328125 0.2548148140625
1 0.5389062499999999 0.46629629687499996 0.5389062499999999 0.45407407343750006 0.5065625 0.45407407343750006 0.5065625 0.46629629687499996 0.5389062499999999 0.46629629687499996