1 1 0.4641666671875 0.9042187500000001 0.4641666671875 0.9042187500000001 0.5370833328125 1 0.5370833328125 1 0.4641666671875
1 0.77421875 0.4002083328125 0.77421875 0.3597916671875 0.52 0.3597916671875 0.52 0.4002083328125 0.77421875 0.4002083328125
1 0.7771874999999999 0.48624999999999996 0.7771874999999999 0.438125 0.5259375000000001 0.438125 0.5259375000000001 0.48624999999999996 0.7771874999999999 0.48624999999999996
1 0.13625 0 0.13625 0.0570833328125 0.173125 0.0570833328125 0.173125 0 0.13625 0
1 0.5973437500000001 0.1797916671875 0.5973437500000001 0.1495833328125 0.5775 0.1495833328125 0.5775 0.1797916671875 0.5973437500000001 0.1797916671875
1 0.618125 0.1608333328125 0.618125 0.13458333281249998 0.59828125 0.13458333281249998 0.59828125 0.1608333328125 0.618125 0.1608333328125
1 0.75828125 0 0.75828125 0.05375 0.8234375 0.05375 0.8234375 0 0.75828125 0
1 0.75734375 0.0908333328125 0.75734375 0.0222916671875 0.70875 0.0222916671875 0.70875 0.0908333328125 0.75734375 0.0908333328125
1 0.70640625 0.12208333281249999 0.70640625 0.0775 0.67015625 0.0775 0.67015625 0.12208333281249999 0.70640625 0.12208333281249999
3 0.91828125 0.2635416671875 0.91828125 0.151875 0.8682812500000001 0.151875 0.8682812500000001 0.2635416671875 0.91828125 0.2635416671875
3 0.8731249999999999 0.21979166718749998 0.8731249999999999 0.17375000000000002 0.8125 0.17375000000000002 0.8125 0.21979166718749998 0.8731249999999999 0.21979166718749998
3 0.87109375 0.2697916671875 0.87109375 0.2185416671875 0.8134375 0.2185416671875 0.8134375 0.2697916671875 0.87109375 0.2697916671875
3 0.9067187499999999 0.44291666718749995 0.9067187499999999 0.3725 0.85484375 0.3725 0.85484375 0.44291666718749995 0.9067187499999999 0.44291666718749995
3 0.86640625 0.4327083328125 0.86640625 0.37625000000000003 0.8153124999999999 0.37625000000000003 0.8153124999999999 0.4327083328125 0.86640625 0.4327083328125
3 0.85578125 0.42125 0.85578125 0.325 0.78078125 0.325 0.78078125 0.42125 0.85578125 0.42125
3 0.16734374999999999 0.4314583328125 0.16734374999999999 0.3225 0.10765625000000001 0.3225 0.10765625000000001 0.4314583328125 0.16734374999999999 0.4314583328125
3 0.09609375 0.396875 0.09609375 0.3327083328125 0.0471875 0.3327083328125 0.0471875 0.396875 0.09609375 0.396875
3 0.0471875 0.40062499999999995 0.0471875 0.3379166671875 0.0028125 0.3379166671875 0.0028125 0.40062499999999995 0.0471875 0.40062499999999995
3 0.050937500000000004 0.45187499999999997 0.050937500000000004 0.401875 0.001875 0.401875 0.001875 0.45187499999999997 0.050937500000000004 0.45187499999999997
3 0.09718750000000001 0.449375 0.09718750000000001 0.3879166671875 0.05 0.3879166671875 0.05 0.449375 0.09718750000000001 0.449375
3 0.060625 0.2185416671875 0.060625 0.2814583328125 0.0990625 0.2814583328125 0.0990625 0.2185416671875 0.060625 0.2185416671875
3 0.00484375 0.200625 0.00484375 0.2660416671875 0.0625 0.2660416671875 0.0625 0.200625 0.00484375 0.200625
3 0 0.21354166718749998 0.0653125 0.21354166718749998 0.0653125 0.1327083328125 0 0.1327083328125 0 0.21354166718749998
3 0.1471875 0.24937499999999999 0.1471875 0.1904166671875 0.11734375 0.1904166671875 0.11734375 0.24937499999999999 0.1471875 0.24937499999999999
3 0.19609375 0.3775 0.19609375 0.3352083328125 0.160625 0.3352083328125 0.160625 0.3775 0.19609375 0.3775
3 0.19515625 0.425 0.19515625 0.3864583328125 0.15578125 0.3864583328125 0.15578125 0.425 0.19515625 0.425
3 0.13265625 0.200625 0.13265625 0.29041666718750003 0.17109375 0.29041666718750003 0.17109375 0.200625 0.13265625 0.200625
3 0.69828125 0.2916666671875 0.69828125 0.25729166718749996 0.6703125 0.25729166718749996 0.6703125 0.2916666671875 0.69828125 0.2916666671875