1 0.12609375 0.0054166671875 0.12609375 0.19437500000000002 0.5064062500000001 0.19437500000000002 0.5064062500000001 0.0054166671875 0.12609375 0.0054166671875
1 0 0 0 0.0835416671875 0.1671875 0.0835416671875 0.1671875 0 0 0
1 0.50828125 0.865625 0.50828125 0.60625 0.02734375 0.60625 0.02734375 0.865625 0.50828125 0.865625
1 0.7790625 0.8108333328124999 0.7790625 0.6297916671875 0.52296875 0.6297916671875 0.52296875 0.8108333328124999 0.7790625 0.8108333328124999
1 0.8553124999999999 0.6766666671875 0.8553124999999999 0.60875 0.7253125 0.60875 0.7253125 0.6766666671875 0.8553124999999999 0.6766666671875
1 0.8612500000000001 0.6283333328125 0.8612500000000001 0.5333333328125 0.72140625 0.5333333328125 0.72140625 0.6283333328125 0.8612500000000001 0.6283333328125
1 0.8856249999999999 0.2972916671875 0.8856249999999999 0.21000000000000002 0.61 0.21000000000000002 0.61 0.2972916671875 0.8856249999999999 0.2972916671875
1 0.6196875000000001 0.1552083328125 0.6196875000000001 0.05625 0.525 0.05625 0.525 0.1552083328125 0.6196875000000001 0.1552083328125
1 0.94046875 0.6270833328125 0.94046875 0.5554166671874999 0.8826562499999999 0.5554166671874999 0.8826562499999999 0.6270833328125 0.94046875 0.6270833328125
1 0.9667187500000001 0.4225 0.9667187500000001 0.4029166671875 0.94625 0.4029166671875 0.94625 0.4225 0.9667187500000001 0.4225
1 0.305 0.318125 0.305 0.256875 0.1084375 0.256875 0.1084375 0.318125 0.305 0.318125
4 0.32015625000000003 0.14416666718749999 0.32015625000000003 0.36854166718750003 0.53171875 0.36854166718750003 0.53171875 0.14416666718749999 0.32015625000000003 0.14416666718749999
3 0.22140624999999997 0.45041666718749995 0.22140624999999997 0.41541666718750003 0.16703125000000002 0.41541666718750003 0.16703125000000002 0.45041666718749995 0.22140624999999997 0.45041666718749995
3 0.30859375 0.4 0.30859375 0.3627083328125 0.27484375 0.3627083328125 0.27484375 0.4 0.30859375 0.4
3 0.29874999999999996 0.45479166718749997 0.29874999999999996 0.4185416671875 0.26171875 0.4185416671875 0.26171875 0.45479166718749997 0.29874999999999996 0.45479166718749997
3 0.13218749999999999 0.3854166671875 0.13218749999999999 0.36062500000000003 0.04578125 0.36062500000000003 0.04578125 0.3854166671875 0.13218749999999999 0.3854166671875
3 0.13140625 0.4091666671875 0.13140625 0.3808333328125 0.04578125 0.3808333328125 0.04578125 0.4091666671875 0.13140625 0.4091666671875
3 0.228125 0.398125 0.228125 0.3560416671875 0.19390625 0.3560416671875 0.19390625 0.398125 0.228125 0.398125