1 0.69828125 0.764375 0.69828125 0.67625 0.58984375 0.67625 0.58984375 0.764375 0.69828125 0.764375
1 0.77828125 0.6183333328125 0.77828125 0.564375 0.6934375 0.564375 0.6934375 0.6183333328125 0.77828125 0.6183333328125
1 0.7693749999999999 0.735625 0.7693749999999999 0.660625 0.69140625 0.660625 0.69140625 0.735625 0.7693749999999999 0.735625
1 0.8817187499999999 0.6966666671875 0.8817187499999999 0.6541666671875 0.845 0.6541666671875 0.845 0.6966666671875 0.8817187499999999 0.6966666671875
1 0.1684375 0.0070833328125 0.1684375 0.16625 0.43796875 0.16625 0.43796875 0.0070833328125 0.1684375 0.0070833328125
1 0.4328125 0.07062500000000001 0.4328125 0.2685416671875 0.6153125 0.2685416671875 0.6153125 0.07062500000000001 0.4328125 0.07062500000000001
1 0.6118750000000001 0.2139583328125 0.6118750000000001 0.3320833328125 0.73640625 0.3320833328125 0.73640625 0.2139583328125 0.6118750000000001 0.2139583328125
1 0.7381249999999999 0.2889583328125 0.7381249999999999 0.3866666671875 0.8096875000000001 0.3866666671875 0.8096875000000001 0.2889583328125 0.7381249999999999 0.2889583328125
1 0.8028124999999999 0.3389583328125 0.8028124999999999 0.40708333281250003 0.8540625000000001 0.40708333281250003 0.8540625000000001 0.3389583328125 0.8028124999999999 0.3389583328125
1 0.84890625 0.37312500000000004 0.84890625 0.43 0.89328125 0.43 0.89328125 0.37312500000000004 0.84890625 0.37312500000000004
1 0.88984375 0.398125 0.88984375 0.4527083328125 0.9375 0.4527083328125 0.9375 0.398125 0.88984375 0.398125
4 0.11828125 0.9160416671875 0.11828125 0.051875000000000004 0.00390625 0.051875000000000004 0.00390625 0.9160416671875 0.11828125 0.9160416671875
4 0.4215625 0.8916666671875 0.4215625 0.14375 0.06734375000000001 0.14375 0.06734375000000001 0.8916666671875 0.4215625 0.8916666671875
4 0.39140625 0.26729166718749997 0.39140625 0.8404166671875 0.6009375 0.8404166671875 0.6009375 0.26729166718749997 0.39140625 0.26729166718749997
4 0.8346875 0.7120833328125 0.8346875 0.40833333281249995 0.68359375 0.40833333281249995 0.68359375 0.7120833328125 0.8346875 0.7120833328125
4 0.93359375 0.675 0.93359375 0.4839583328125 0.89421875 0.4839583328125 0.89421875 0.675 0.93359375 0.675
4 0.9356249999999999 0.253125 0.9356249999999999 0.4404166671875 0.98359375 0.4404166671875 0.98359375 0.253125 0.9356249999999999 0.253125