1 1 0.0920370375 0.9421875 0.0920370375 0.9421875 0.1518518515625 1 0.1518518515625 1 0.0920370375
1 0.946875 0.215 0.946875 0.0853703703125 0.728125 0.0853703703125 0.728125 0.215 0.946875 0.215
1 0.87859375 0.4609259265625 0.87859375 0.4161111109375 0.77296875 0.4161111109375 0.77296875 0.4609259265625 0.87859375 0.4609259265625
1 0.9309375 0.5091666671875 0.9309375 0.44101851875 0.7926041671874999 0.44101851875 0.7926041671874999 0.5091666671875 0.9309375 0.5091666671875
1 1 0.4393518515625 0.9309375 0.4393518515625 0.9309375 0.49749999999999994 1 0.49749999999999994 1 0.4393518515625
1 1 0.6088888890625 0.8271875 0.6088888890625 0.8271875 0.6570370375000001 1 0.6570370375000001 1 0.6088888890625
1 1 0.6503703703125 0.9393750000000001 0.6503703703125 0.9393750000000001 0.7086111109375001 1 0.7086111109375001 1 0.6503703703125
1 0.9440625 0.710277778125 0.9440625 0.6503703703125 0.8075520828125 0.6503703703125 0.8075520828125 0.710277778125 0.9440625 0.710277778125
1 0.7720312500000001 0.7933333328125001 0.7720312500000001 0.70694444375 0.54578125 0.70694444375 0.54578125 0.7933333328125001 0.7720312500000001 0.7933333328125001
1 0.18963541718750002 0.9645370375000001 0.18963541718750002 0.8149074078125 0.10458333281250001 0.8149074078125 0.10458333281250001 0.9645370375000001 0.18963541718750002 0.9645370375000001
1 0.2977083328125 0.6720370375 0.2977083328125 0.6325925921875 0.2008333328125 0.6325925921875 0.2008333328125 0.6720370375 0.2977083328125 0.6720370375
1 0.69859375 0.13138888906249999 0.69859375 0.07944444375000001 0.67265625 0.07944444375000001 0.67265625 0.13138888906249999 0.69859375 0.13138888906249999
1 0.6996875 0.38240740781250004 0.6996875 0.347777778125 0.6720833328125 0.347777778125 0.6720833328125 0.38240740781250004 0.6996875 0.38240740781250004
1 0.43921875000000005 0.19583333281249998 0.43921875000000005 0.1798148140625 0.3986458328125 0.1798148140625 0.3986458328125 0.19583333281249998 0.43921875000000005 0.19583333281249998
1 0.479375 0.193796296875 0.479375 0.1750925921875 0.44067708281250006 0.1750925921875 0.44067708281250006 0.193796296875 0.479375 0.193796296875
1 0.525625 0.1931481484375 0.525625 0.177777778125 0.4872916671875 0.177777778125 0.4872916671875 0.1931481484375 0.525625 0.1931481484375
1 0.4861458328125 0.28194444375 0.4861458328125 0.26194444375 0.4474479171875 0.26194444375 0.4474479171875 0.28194444375 0.4861458328125 0.28194444375
1 0.44406249999999997 0.28398148125 0.44406249999999997 0.26592592656249997 0.40427083281250004 0.26592592656249997 0.40427083281250004 0.28398148125 0.44406249999999997 0.28398148125
1 0.48541666718750004 0.3106481484375 0.48541666718750004 0.29194444375 0.4470833328125 0.29194444375 0.4470833328125 0.3106481484375 0.48541666718750004 0.3106481484375
1 0.44406249999999997 0.3113888890625 0.44406249999999997 0.29333333281249996 0.4034895828125 0.29333333281249996 0.4034895828125 0.3113888890625 0.44406249999999997 0.3113888890625
1 0.5214583328125 0.3700925921875 0.5214583328125 0.352777778125 0.48541666718750004 0.352777778125 0.48541666718750004 0.3700925921875 0.5214583328125 0.3700925921875
1 0.4842708328125 0.36944444375 0.4842708328125 0.3500925921875 0.4452083328125 0.3500925921875 0.4452083328125 0.36944444375 0.4842708328125 0.36944444375
1 0.5233333328125 0.39481481406249996 0.5233333328125 0.37944444375 0.48541666718750004 0.37944444375 0.48541666718750004 0.39481481406249996 0.5233333328125 0.39481481406249996
1 0.4842708328125 0.3975 0.4842708328125 0.37944444375 0.44635416718750004 0.37944444375 0.44635416718750004 0.3975 0.4842708328125 0.3975
1 0.44484375 0.40018518593749997 0.44484375 0.3801851859375 0.406875 0.3801851859375 0.406875 0.40018518593749997 0.44484375 0.40018518593749997
1 0.5222395828125 0.42222222187499997 0.5222395828125 0.4048148140625 0.48541666718750004 0.4048148140625 0.48541666718750004 0.42222222187499997 0.5222395828125 0.42222222187499997
1 0.4842708328125 0.42351851875 0.4842708328125 0.40555555625000006 0.44671874999999994 0.40555555625000006 0.44671874999999994 0.42351851875 0.4842708328125 0.42351851875
1 0.44369791718749996 0.426203703125 0.44369791718749996 0.4095370375 0.40578125 0.4095370375 0.40578125 0.426203703125 0.44369791718749996 0.426203703125
1 0.48166666718749995 0.5024074078125 0.48166666718749995 0.485 0.44671874999999994 0.485 0.44671874999999994 0.5024074078125 0.48166666718749995 0.5024074078125
1 0.44484375 0.505 0.44484375 0.48703703750000005 0.40765624999999994 0.48703703750000005 0.40765624999999994 0.505 0.44484375 0.505
1 0.4842708328125 0.5311111109375 0.4842708328125 0.51305555625 0.4459375 0.51305555625 0.4459375 0.5311111109375 0.4842708328125 0.5311111109375
1 0.4452083328125 0.531759259375 0.4452083328125 0.5150925921875 0.4061458328125 0.5150925921875 0.4061458328125 0.531759259375 0.4452083328125 0.531759259375
1 0.5594791671875 0.4845370375 0.5594791671875 0.49916666718749997 0.6629166671875 0.49916666718749997 0.6629166671875 0.4845370375 0.5594791671875 0.4845370375
2 0.3059895828125 0.3234259265625 0.3059895828125 0.644259259375 0.38927083281249997 0.644259259375 0.38927083281249997 0.3234259265625 0.3059895828125 0.3234259265625
4 0.525625 0.3006481484375 0.525625 0.21925925937500002 0.4853645828125 0.21925925937500002 0.4853645828125 0.3006481484375 0.525625 0.3006481484375
1 0.5594791671875 0.45361111093749995 0.5594791671875 0.4845370375 0.6592708328125 0.4845370375 0.6592708328125 0.45361111093749995 0.5594791671875 0.45361111093749995
1 0.5668229171875 0.4308333328125 0.5668229171875 0.45361111093749995 0.6592708328125 0.45361111093749995 0.6592708328125 0.4308333328125 0.5668229171875 0.4308333328125
1 0.5668229171875 0.4015740734375 0.5668229171875 0.4308333328125 0.66109375 0.4308333328125 0.66109375 0.4015740734375 0.5668229171875 0.4015740734375
1 0.5640625 0.378796296875 0.5640625 0.4015740734375 0.66109375 0.4015740734375 0.66109375 0.378796296875 0.5640625 0.378796296875
1 0.5640625 0.3478703703125 0.5640625 0.378796296875 0.6592708328125 0.378796296875 0.6592708328125 0.3478703703125 0.5640625 0.3478703703125