1 0.9942187499999999 0.2295833328125 0.9942187499999999 0.0614583328125 0.7840625 0.0614583328125 0.7840625 0.2295833328125 0.9942187499999999 0.2295833328125
1 0.8435937499999999 0 0.8435937499999999 0.0614583328125 0.99125 0.0614583328125 0.99125 0 0.8435937499999999 0
1 0.33328125000000003 0.2791666671875 0.33328125000000003 0.20875 0.13187500000000002 0.20875 0.13187500000000002 0.2791666671875 0.33328125000000003 0.2791666671875
1 0.1975 0.21125 0.1975 0.1279166671875 0.0009375 0.1279166671875 0.0009375 0.21125 0.1975 0.21125
1 0 0.3077083328125 0.14765625 0.3077083328125 0.14765625 0.224375 0 0.224375 0 0.3077083328125
1 0 0.653125 0.09484375 0.653125 0.09484375 0.5827083328125 0 0.5827083328125 0 0.653125
1 0 0.7575000000000001 0.09765625 0.7575000000000001 0.09765625 0.683125 0 0.683125 0 0.7575000000000001
1 0.25609375 0.8239583328125001 0.25609375 0.7391666671875 0.09765625 0.7391666671875 0.09765625 0.8239583328125001 0.25609375 0.8239583328125001
1 0.25906250000000003 0.775625 0.25906250000000003 0.6883333328125001 0.0996875 0.6883333328125001 0.0996875 0.775625 0.25906250000000003 0.775625
1 0.27265625 0.7222916671874999 0.27265625 0.6414583328125001 0.1084375 0.6414583328125001 0.1084375 0.7222916671874999 0.27265625 0.7222916671874999
1 0.8426562499999999 0.8604166671875 0.8426562499999999 0.8004166671874999 0.6168750000000001 0.8004166671874999 0.6168750000000001 0.8604166671875 0.8426562499999999 0.8604166671875
1 0.9903124999999999 0.9985416671875 0.9903124999999999 0.8472916671874999 0.88375 0.8472916671874999 0.88375 0.9985416671875 0.9903124999999999 0.9985416671875
1 0.9090624999999999 0.8239583328125001 0.9090624999999999 0.7875 0.8465624999999999 0.7875 0.8465624999999999 0.8239583328125001 0.9090624999999999 0.8239583328125001
2 0.6028125 0.9981249999999999 0.6028125 0.001875 0.24609375 0.001875 0.24609375 0.9981249999999999 0.6028125 0.9981249999999999
3 0.97625 0.333125 0.97625 0.281875 0.8784375000000001 0.281875 0.8784375000000001 0.333125 0.97625 0.333125
3 0.88546875 0.3408333328125 0.88546875 0.38895833281250003 0.9751562500000001 0.38895833281250003 0.9751562500000001 0.3408333328125 0.88546875 0.3408333328125
3 0.97046875 0.4247916671875 0.97046875 0.3735416671875 0.8878125000000001 0.3735416671875 0.8878125000000001 0.4247916671875 0.97046875 0.4247916671875
3 0.8878125000000001 0.4308333328125 0.8878125000000001 0.47291666718750003 0.9785937499999999 0.47291666718750003 0.9785937499999999 0.4308333328125 0.8878125000000001 0.4308333328125