1 0.57109375 0.52625 0.57109375 0.42895833281250006 0.40031249999999996 0.42895833281250006 0.40031249999999996 0.52625 0.57109375 0.52625
1 0.40531249999999996 0.5722916671875 0.40531249999999996 0.436875 0.09734374999999999 0.436875 0.09734374999999999 0.5722916671875 0.40531249999999996 0.5722916671875
1 0.40531249999999996 0.9091666671875 0.40531249999999996 0.75125 0.1615625 0.75125 0.1615625 0.9091666671875 0.40531249999999996 0.9091666671875
1 0.056874999999999995 0.813125 0.056874999999999995 0.6972916671875 0.0017187500000000002 0.6972916671875 0.0017187500000000002 0.813125 0.056874999999999995 0.813125
1 0.10234375 0.9552083328125001 0.10234375 0.8447916671875 0.000625 0.8447916671875 0.000625 0.9552083328125001 0.10234375 0.9552083328125001
1 0.563125 0.7972916671875 0.563125 0.6527083328125001 0.40328125000000004 0.6527083328125001 0.40328125000000004 0.7972916671875 0.563125 0.7972916671875
1 0.6746875 0.7210416671875 0.6746875 0.6170833328125 0.55625 0.6170833328125 0.55625 0.7210416671875 0.6746875 0.7210416671875
1 0.6746875 0.535625 0.6746875 0.464375 0.56515625 0.464375 0.56515625 0.535625 0.6746875 0.535625
1 0.89671875 0.5658333328125 0.89671875 0.5091666671875 0.75265625 0.5091666671875 0.75265625 0.5658333328125 0.89671875 0.5658333328125
1 0.9125 0.535625 0.9125 0.4920833328125 0.8917187500000001 0.4920833328125 0.8917187500000001 0.535625 0.9125 0.535625
1 0.40828125000000004 0.14937499999999998 0.40828125000000004 0.0014583328125 0.047343750000000004 0.0014583328125 0.047343750000000004 0.14937499999999998 0.40828125000000004 0.14937499999999998
1 0.5014062499999999 0.3225 0.5014062499999999 0.2783333328125 0.43171875000000004 0.2783333328125 0.43171875000000004 0.3225 0.5014062499999999 0.3225
1 0.41859375 0.3239583328125 0.41859375 0.288125 0.3540625 0.288125 0.3540625 0.3239583328125 0.41859375 0.3239583328125
4 0.9375 0.4891666671875 0.9375 0.3929166671875 0.85390625 0.3929166671875 0.85390625 0.4891666671875 0.9375 0.4891666671875
4 0.5756249999999999 0.18812500000000001 0.5756249999999999 0.0772916671875 0.47531249999999997 0.0772916671875 0.47531249999999997 0.18812500000000001 0.5756249999999999 0.18812500000000001
1 0.683125 0.5677083328125 0.683125 0.621875 0.73828125 0.621875 0.73828125 0.5677083328125 0.683125 0.5677083328125
1 0.683125 0.536875 0.683125 0.58125 0.73828125 0.58125 0.73828125 0.536875 0.683125 0.536875
1 0.68015625 0.501875 0.68015625 0.5427083328125 0.7375 0.5427083328125 0.7375 0.501875 0.68015625 0.501875
1 0.6753125 0.46687500000000004 0.6753125 0.5095833328125 0.7379687500000001 0.5095833328125 0.7379687500000001 0.46687500000000004 0.6753125 0.46687500000000004
1 0.6771874999999999 0.42750000000000005 0.6771874999999999 0.47083333281249995 0.74671875 0.47083333281249995 0.74671875 0.42750000000000005 0.6771874999999999 0.42750000000000005
1 0.55859375 0.39249999999999996 0.55859375 0.425 0.739375 0.425 0.739375 0.39249999999999996 0.55859375 0.39249999999999996
1 0.57421875 0.353125 0.57421875 0.3902083328125 0.7462500000000001 0.3902083328125 0.7462500000000001 0.353125 0.57421875 0.353125
1 0.5237499999999999 0.320625 0.5237499999999999 0.3508333328125 0.7515625 0.3508333328125 0.7515625 0.320625 0.5237499999999999 0.320625
1 0.52640625 0.27625 0.52640625 0.31375000000000003 0.74765625 0.31375000000000003 0.74765625 0.27625 0.52640625 0.27625
1 0.5404687499999999 0.2470833328125 0.5404687499999999 0.2789583328125 0.7428125 0.2789583328125 0.7428125 0.2470833328125 0.5404687499999999 0.2470833328125
1 0.60671875 0.1854166671875 0.60671875 0.24562499999999998 0.74 0.24562499999999998 0.74 0.1854166671875 0.60671875 0.1854166671875
1 0.92703125 0.32999999999999996 0.92703125 0.318125 0.8946875000000001 0.318125 0.8946875000000001 0.32999999999999996 0.92703125 0.32999999999999996
1 0.8956250000000001 0.2677083328125 0.8956250000000001 0.2783333328125 0.92703125 0.2783333328125 0.92703125 0.2677083328125 0.8956250000000001 0.2677083328125