1 0.73609375 0.7521296296875 0.73609375 0.65898148125 0.6819270828125 0.65898148125 0.6819270828125 0.7521296296875 0.73609375 0.7521296296875
1 0.8480208328125001 0.8025925921875 0.8480208328125001 0.6874074078125 0.7316666671875 0.6874074078125 0.7316666671875 0.8025925921875 0.8480208328125001 0.8025925921875
1 0.6996875 0.68898148125 0.6996875 0.6225925921875 0.6161979171875 0.6225925921875 0.6161979171875 0.68898148125 0.6996875 0.68898148125
1 0.7112499999999999 0.56898148125 0.7112499999999999 0.5278703703125001 0.61796875 0.5278703703125001 0.61796875 0.56898148125 0.7112499999999999 0.56898148125
1 0.728125 0.41740740781249996 0.728125 0.39055555625 0.6383854171875 0.39055555625 0.6383854171875 0.41740740781249996 0.728125 0.41740740781249996
1 0.8471354171875 0.3541666671875 0.8471354171875 0.28157407343749996 0.7369791671875 0.28157407343749996 0.7369791671875 0.3541666671875 0.8471354171875 0.3541666671875
1 0.9981249999999999 0.31 0.9981249999999999 0.18842592656249998 0.8453645828124999 0.18842592656249998 0.8453645828124999 0.31 0.9981249999999999 0.31
1 0.7334375 0.1221296296875 0.7334375 0.028981481250000003 0.6819270828125 0.028981481250000003 0.6819270828125 0.1221296296875 0.7334375 0.1221296296875
1 0.68015625 0.18842592656249998 0.68015625 0.12055555625 0.64015625 0.12055555625 0.64015625 0.18842592656249998 0.68015625 0.18842592656249998
1 0.1588020828125 0.45370370312499997 0.1588020828125 0.3415740734375 0.0016145828125 0.3415740734375 0.0016145828125 0.45370370312499997 0.1588020828125 0.45370370312499997
1 0.356875 0.455277778125 0.356875 0.423703703125 0.31776041718750003 0.423703703125 0.31776041718750003 0.455277778125 0.356875 0.455277778125
1 0.35625 0.3266666671875 0.35625 0.2718518515625 0.2827604171875 0.2718518515625 0.2827604171875 0.3266666671875 0.35625 0.3266666671875
1 0.3691145828125 0.45555555625000005 0.3691145828125 0.42629629687500004 0.3536979171875 0.42629629687500004 0.3536979171875 0.45555555625000005 0.3691145828125 0.45555555625000005
1 0.3207291671875 0.1896296296875 0.3207291671875 0.0870370375 0.25947916718749997 0.0870370375 0.25947916718749997 0.1896296296875 0.3207291671875 0.1896296296875
1 0.3563541671875 0.2396296296875 0.3563541671875 0.167222221875 0.32307291718750003 0.167222221875 0.32307291718750003 0.2396296296875 0.3563541671875 0.2396296296875
1 0.3810416671875 0.2779629625 0.3810416671875 0.23518518593749999 0.36192708281249997 0.23518518593749999 0.36192708281249997 0.2779629625 0.3810416671875 0.2779629625
1 0.3834895828125 0.4566666671875 0.3834895828125 0.43148148124999997 0.3686979171875 0.43148148124999997 0.3686979171875 0.4566666671875 0.3834895828125 0.4566666671875
1 0.5334895828125 0.48824074062499995 0.5334895828125 0.463240740625 0.47874999999999995 0.463240740625 0.47874999999999995 0.48824074062499995 0.5334895828125 0.48824074062499995
1 0.6390625 0.3829629625 0.6390625 0.33805555625 0.6168750000000001 0.33805555625 0.6168750000000001 0.3829629625 0.6390625 0.3829629625
1 0.6186979171875 0.395 0.6186979171875 0.36101851875 0.5940624999999999 0.36101851875 0.5940624999999999 0.395 0.6186979171875 0.395
1 0.6403125000000001 0.198796296875 0.6403125000000001 0.1374074078125 0.61625 0.1374074078125 0.61625 0.198796296875 0.6403125000000001 0.198796296875
1 0.6174999999999999 0.2338888890625 0.6174999999999999 0.1856481484375 0.6020833328124999 0.1856481484375 0.6020833328124999 0.2338888890625 0.6174999999999999 0.2338888890625
1 0.6211979171875 0.3226851859375 0.6211979171875 0.2853703703125 0.5952604171875 0.2853703703125 0.5952604171875 0.3226851859375 0.6211979171875 0.3226851859375
2 0.38244791718750004 0.44805555625000004 0.38244791718750004 0.626296296875 0.4293229171875 0.626296296875 0.4293229171875 0.44805555625000004 0.38244791718750004 0.44805555625000004
2 0.4415625 0.594259259375 0.4415625 0.44296296249999995 0.4141666671875 0.44296296249999995 0.4141666671875 0.594259259375 0.4415625 0.594259259375
1 0.2684375 0.666759259375 0.2684375 0.7204629625 0.3407291671875 0.7204629625 0.3407291671875 0.666759259375 0.2684375 0.666759259375