1 0.15 0.003125 0.15 0.1120833328125 0.38359375 0.1120833328125 0.38359375 0.003125 0.15 0.003125
1 0.26828124999999997 0.060833332812499995 0.26828124999999997 0.1929166671875 0.44609375 0.1929166671875 0.44609375 0.060833332812499995 0.26828124999999997 0.060833332812499995
1 0.39609375 0.1364583328125 0.39609375 0.24416666718750002 0.48359375 0.24416666718750002 0.48359375 0.1364583328125 0.39609375 0.1364583328125
1 0.44609375 0.1929166671875 0.44609375 0.2839583328125 0.51828125 0.2839583328125 0.51828125 0.1929166671875 0.44609375 0.1929166671875
1 0.5014062499999999 0.20375000000000001 0.5014062499999999 0.248125 0.536875 0.248125 0.536875 0.20375000000000001 0.5014062499999999 0.20375000000000001
1 0.5221875 0.21875 0.5221875 0.27395833281250004 0.5575 0.27395833281250004 0.5575 0.21875 0.5221875 0.21875
1 0.48671875 0.2527083328125 0.48671875 0.31416666718749997 0.536875 0.31416666718749997 0.536875 0.2527083328125 0.48671875 0.2527083328125
1 0.53421875 0.2945833328125 0.53421875 0.33375 0.5515625 0.33375 0.5515625 0.2945833328125 0.53421875 0.2945833328125
1 0.98859375 0.3020833328125 0.98859375 0.339375 0.99921875 0.339375 0.99921875 0.3020833328125 0.98859375 0.3020833328125
1 0.99046875 0.3625 0.99046875 0.3085416671875 0.96265625 0.3085416671875 0.96265625 0.3625 0.99046875 0.3625
1 0.96171875 0.38166666718750003 0.96171875 0.33541666718749996 0.9385937500000001 0.33541666718749996 0.9385937500000001 0.38166666718750003 0.96171875 0.38166666718750003
1 0.9721875000000001 0.11750000000000001 0.9721875000000001 0.18416666718750002 0.9971875000000001 0.18416666718750002 0.9971875000000001 0.11750000000000001 0.9721875000000001 0.11750000000000001
1 0.97890625 0.22395833281250002 0.97890625 0.1625 0.94828125 0.1625 0.94828125 0.22395833281250002 0.97890625 0.22395833281250002
3 0.58390625 0.6341666671875 0.58390625 0.563125 0.5325 0.563125 0.5325 0.6341666671875 0.58390625 0.6341666671875
3 0.44578125 0.6183333328125 0.44578125 0.563125 0.36671875 0.563125 0.36671875 0.6183333328125 0.44578125 0.6183333328125
3 0.3875 0.6222916671875 0.3875 0.560625 0.26421875 0.560625 0.26421875 0.6222916671875 0.3875 0.6222916671875
3 0.2740625 0.5566666671875 0.2740625 0.48020833281249997 0.061875 0.48020833281249997 0.061875 0.5566666671875 0.2740625 0.5566666671875
3 0.06281250000000001 0.560625 0.06281250000000001 0.46708333281250003 0.0035937499999999997 0.46708333281250003 0.0035937499999999997 0.560625 0.06281250000000001 0.560625
3 0.05500000000000001 0.6579166671875 0.05500000000000001 0.563125 0.0026562499999999998 0.563125 0.0026562499999999998 0.6579166671875 0.05500000000000001 0.6579166671875
3 0.13093749999999998 0.6552083328125 0.13093749999999998 0.564375 0.049062499999999995 0.564375 0.049062499999999995 0.6552083328125 0.13093749999999998 0.6552083328125
3 0.20203125000000002 0.6460416671875 0.20203125000000002 0.5710416671874999 0.13187500000000002 0.5710416671874999 0.13187500000000002 0.6460416671875 0.20203125000000002 0.6460416671875
3 0.25421875 0.6381249999999999 0.25421875 0.560625 0.19703125 0.560625 0.19703125 0.6381249999999999 0.25421875 0.6381249999999999
3 0.005625 0.275 0.005625 0.3566666671875 0.12 0.3566666671875 0.12 0.275 0.005625 0.275
3 0.319375 0.42374999999999996 0.319375 0.3447916671875 0.22953125000000002 0.3447916671875 0.22953125000000002 0.42374999999999996 0.319375 0.42374999999999996
3 0.343125 0.4408333328125 0.343125 0.37625000000000003 0.31640625 0.37625000000000003 0.31640625 0.4408333328125 0.343125 0.4408333328125
3 0.36671875 0.39729166718750003 0.36671875 0.3447916671875 0.305625 0.3447916671875 0.305625 0.39729166718750003 0.36671875 0.39729166718750003
3 0.36578125 0.44604166718749994 0.36578125 0.4 0.34109375000000003 0.4 0.34109375000000003 0.44604166718749994 0.36578125 0.44604166718749994
3 0.37859375 0.4066666671875 0.37859375 0.3552083328125 0.36671875 0.3552083328125 0.36671875 0.4066666671875 0.37859375 0.4066666671875
3 0.399375 0.414375 0.399375 0.36062500000000003 0.37953125 0.36062500000000003 0.37953125 0.414375 0.399375 0.414375
3 0.41703124999999996 0.42374999999999996 0.41703124999999996 0.37625000000000003 0.399375 0.37625000000000003 0.399375 0.42374999999999996 0.41703124999999996 0.42374999999999996
3 0.44875 0.4658333328125 0.44875 0.4 0.41421875 0.4 0.41421875 0.4658333328125 0.44875 0.4658333328125
3 0.41703124999999996 0.46312499999999995 0.41703124999999996 0.4302083328125 0.39437500000000003 0.4302083328125 0.39437500000000003 0.46312499999999995 0.41703124999999996 0.46312499999999995
3 0.40031249999999996 0.464375 0.40031249999999996 0.41187500000000005 0.38156249999999997 0.41187500000000005 0.38156249999999997 0.464375 0.40031249999999996 0.464375
3 0.37953125 0.44604166718749994 0.37953125 0.4091666671875 0.355 0.4091666671875 0.355 0.44604166718749994 0.37953125 0.44604166718749994
3 0.49312500000000004 0.48687500000000006 0.49312500000000004 0.4447916671875 0.43 0.4447916671875 0.43 0.48687500000000006 0.49312500000000004 0.48687500000000006
3 0.50890625 0.4933333328125 0.50890625 0.460625 0.48624999999999996 0.460625 0.48624999999999996 0.4933333328125 0.50890625 0.4933333328125
3 0.47734375 0.5539583328125001 0.47734375 0.5289583328125 0.40531249999999996 0.5289583328125 0.40531249999999996 0.5539583328125001 0.47734375 0.5539583328125001
3 0.47734375 0.57625 0.47734375 0.5539583328125001 0.42703125000000003 0.5539583328125001 0.42703125000000003 0.57625 0.47734375 0.57625
3 0.47531249999999997 0.6039583328125 0.47531249999999997 0.57625 0.43 0.57625 0.43 0.6039583328125 0.47531249999999997 0.6039583328125
3 0.5009375 0.6027083328125 0.5009375 0.5131249999999999 0.46453125 0.5131249999999999 0.46453125 0.6027083328125 0.5009375 0.6027083328125
3 0.51484375 0.5920833328125 0.51484375 0.5447916671875 0.50390625 0.5447916671875 0.50390625 0.5920833328125 0.51484375 0.5920833328125
3 0.5246875 0.5960416671875 0.5246875 0.5722916671875 0.51671875 0.5722916671875 0.51671875 0.5960416671875 0.5246875 0.5960416671875
3 0.50453125 0.1402083328125 0.50453125 0.1066666671875 0.45484375000000005 0.1066666671875 0.45484375000000005 0.1402083328125 0.50453125 0.1402083328125
3 0.50390625 0.1522916671875 0.50390625 0.1385416671875 0.45484375000000005 0.1385416671875 0.45484375000000005 0.1522916671875 0.50390625 0.1522916671875
3 0.49703125000000004 0.18125 0.49703125000000004 0.1522916671875 0.45484375000000005 0.1522916671875 0.45484375000000005 0.18125 0.49703125000000004 0.18125
3 0.4959375 0.2079166671875 0.4959375 0.18125 0.47078125000000004 0.18125 0.47078125000000004 0.2079166671875 0.4959375 0.2079166671875