1 0.5578125 0.7222916671874999 0.5578125 0.5895833328125 0.31484375 0.5895833328125 0.31484375 0.7222916671874999 0.5578125 0.7222916671874999
1 0.55078125 0.8739583328125 0.55078125 0.7147916671875 0.32046874999999997 0.7147916671875 0.32046874999999997 0.8739583328125 0.55078125 0.8739583328125
1 0.7368750000000001 0.7829166671875 0.7368750000000001 0.6597916671874999 0.5549999999999999 0.6597916671874999 0.5549999999999999 0.7829166671875 0.7368750000000001 0.7829166671875
1 0.7396874999999999 0.6029166671875 0.7396874999999999 0.5139583328125 0.55078125 0.5139583328125 0.55078125 0.6029166671875 0.7396874999999999 0.6029166671875
1 0.31906249999999997 0.4135416671875 0.31906249999999997 0.3054166671875 0.0035937499999999997 0.3054166671875 0.0035937499999999997 0.4135416671875 0.31906249999999997 0.4135416671875
1 0.0035937499999999997 0.0041666671875 0.0035937499999999997 0.1235416671875 0.3390625 0.1235416671875 0.3390625 0.0041666671875 0.0035937499999999997 0.0041666671875
1 0.591875 0.191875 0.591875 0.028749999999999998 0.33328125000000003 0.028749999999999998 0.33328125000000003 0.191875 0.591875 0.191875
1 0.7396874999999999 0.2295833328125 0.7396874999999999 0.1291666671875 0.59328125 0.1291666671875 0.59328125 0.2295833328125 0.7396874999999999 0.2295833328125
1 0.73828125 0.1291666671875 0.73828125 0.013750000000000002 0.50234375 0.013750000000000002 0.50234375 0.1291666671875 0.73828125 0.1291666671875
1 0.8306250000000001 0.2789583328125 0.8306250000000001 0.20125 0.7396874999999999 0.20125 0.7396874999999999 0.2789583328125 0.8306250000000001 0.2789583328125
1 0.8306250000000001 0.1897916671875 0.8306250000000001 0.09895833281250001 0.7396874999999999 0.09895833281250001 0.7396874999999999 0.1897916671875 0.8306250000000001 0.1897916671875
1 0.8221875000000001 0.41166666718749995 0.8221875000000001 0.3489583328125 0.73265625 0.3489583328125 0.73265625 0.41166666718749995 0.8221875000000001 0.41166666718749995
1 0.87046875 0.4135416671875 0.87046875 0.36604166718750003 0.825 0.36604166718750003 0.825 0.4135416671875 0.87046875 0.4135416671875
1 0.90453125 0.46458333281249997 0.90453125 0.4285416671875 0.8676562499999999 0.4285416671875 0.8676562499999999 0.46458333281249997 0.90453125 0.46458333281249997
1 0.903125 0.5329166671875 0.903125 0.495 0.87046875 0.495 0.87046875 0.5329166671875 0.903125 0.5329166671875
1 0.9003125000000001 0.5972916671874999 0.9003125000000001 0.551875 0.8618750000000001 0.551875 0.8618750000000001 0.5972916671874999 0.9003125000000001 0.5972916671874999
1 0.9995312500000001 0.5625 0.9995312500000001 0.530625 0.9478125000000001 0.530625 0.9478125000000001 0.5625 0.9995312500000001 0.5625
1 0.9478125000000001 0.5295833328125 0.9478125000000001 0.495625 0.91484375 0.495625 0.91484375 0.5295833328125 0.9478125000000001 0.5295833328125
1 0.9428124999999999 0.5547916671875 0.9428124999999999 0.5175 0.9190625000000001 0.5175 0.9190625000000001 0.5547916671875 0.9428124999999999 0.5547916671875
1 0.9379687499999999 0.41125 0.9379687499999999 0.38937499999999997 0.9042187500000001 0.38937499999999997 0.9042187500000001 0.41125 0.9379687499999999 0.41125
1 0.8803124999999999 0.3104166671875 0.8803124999999999 0.2522916671875 0.829375 0.2522916671875 0.829375 0.3104166671875 0.8803124999999999 0.3104166671875
1 0.89921875 0.3333333328125 0.89921875 0.27958333281250003 0.8745312500000001 0.27958333281250003 0.8745312500000001 0.3333333328125 0.89921875 0.3333333328125
1 0.87171875 0.23854166718749997 0.87171875 0.1760416671875 0.82484375 0.1760416671875 0.82484375 0.23854166718749997 0.87171875 0.23854166718749997
1 0.7309375 0.0008333328124999999 0.7309375 0.065625 0.8646874999999999 0.065625 0.8646874999999999 0.0008333328124999999 0.7309375 0.0008333328124999999
1 0.9037499999999999 0.11937500000000001 0.9037499999999999 0.0435416671875 0.8481249999999999 0.0435416671875 0.8481249999999999 0.11937500000000001 0.9037499999999999 0.11937500000000001
4 0.8278125 0.6929166671875 0.8278125 0.3864583328125 0.72109375 0.3864583328125 0.72109375 0.6929166671875 0.8278125 0.6929166671875
4 0.88359375 0.6454166671875 0.88359375 0.3954166671875 0.80859375 0.3954166671875 0.80859375 0.6454166671875 0.88359375 0.6454166671875
4 0.9393750000000001 0.57625 0.9393750000000001 0.403125 0.8971875 0.403125 0.8971875 0.57625 0.9393750000000001 0.57625
4 0.32984375 0.946875 0.32984375 0.3570833328125 0.00390625 0.3570833328125 0.00390625 0.946875 0.32984375 0.946875
3 0.9934375 0.29562499999999997 0.9934375 0.2635416671875 0.9590624999999999 0.2635416671875 0.9590624999999999 0.29562499999999997 0.9934375 0.29562499999999997
3 0.9934375 0.320625 0.9934375 0.29562499999999997 0.9637499999999999 0.29562499999999997 0.9637499999999999 0.320625 0.9934375 0.320625
3 0.99390625 0.3404166671875 0.99390625 0.320625 0.963125 0.320625 0.963125 0.3404166671875 0.99390625 0.3404166671875
3 0.9934375 0.3602083328125 0.9934375 0.34125 0.9603125 0.34125 0.9603125 0.3602083328125 0.9934375 0.3602083328125
3 0.9934375 0.38229166718749996 0.9934375 0.3602083328125 0.9603125 0.3602083328125 0.9603125 0.38229166718749996 0.9934375 0.38229166718749996
3 0.9934375 0.40833333281249995 0.9934375 0.38229166718749996 0.9556250000000001 0.38229166718749996 0.9556250000000001 0.40833333281249995 0.9934375 0.40833333281249995
3 0.9917187500000001 0.4341666671875 0.9917187500000001 0.40833333281249995 0.95625 0.40833333281249995 0.95625 0.4341666671875 0.9917187500000001 0.4341666671875
3 0.9934375 0.4516666671875 0.9934375 0.43479166718749995 0.95625 0.43479166718749995 0.95625 0.4516666671875 0.9934375 0.4516666671875
3 0.9910937499999999 0.4760416671875 0.9910937499999999 0.4525 0.95625 0.4525 0.95625 0.4760416671875 0.9910937499999999 0.4760416671875
3 0.9910937499999999 0.49124999999999996 0.9910937499999999 0.4760416671875 0.9545312499999999 0.4760416671875 0.9545312499999999 0.49124999999999996 0.9910937499999999 0.49124999999999996
3 0.9865625 0.51875 0.9865625 0.4920833328125 0.9545312499999999 0.4920833328125 0.9545312499999999 0.51875 0.9865625 0.51875
3 0.9865625 0.5414583328125 0.9865625 0.51875 0.9521875 0.51875 0.9521875 0.5414583328125 0.9865625 0.5414583328125
3 0.9990625 0.54625 0.9990625 0.4922916671875 0.9887499999999999 0.4922916671875 0.9887499999999999 0.54625 0.9990625 0.54625
3 0.9990625 0.48229166718750005 0.9990625 0.45854166718749995 0.9881249999999999 0.45854166718749995 0.9881249999999999 0.48229166718750005 0.9990625 0.48229166718750005