1 0.03515625 0 0.03515625 0.0979166671875 0.22000000000000003 0.0979166671875 0.22000000000000003 0 0.03515625 0
1 0.38125 0.1916666671875 0.38125 0.043125000000000004 0.21703125 0.043125000000000004 0.21703125 0.1916666671875 0.38125 0.1916666671875
1 0 0.6583333328125 0.17109375 0.6583333328125 0.17109375 0.5841666671875 0 0.5841666671875 0 0.6583333328125
1 0.5034375 0.2504166671875 0.5034375 0.1422916671875 0.37828125 0.1422916671875 0.37828125 0.2504166671875 0.5034375 0.2504166671875
1 0.4878125 0.47854166718749996 0.4878125 0.410625 0.35390625 0.410625 0.35390625 0.47854166718749996 0.4878125 0.47854166718749996
1 0.48390625 0.6335416671874999 0.48390625 0.5841666671875 0.35281250000000003 0.5841666671875 0.35281250000000003 0.6335416671874999 0.48390625 0.6335416671874999
1 0.66078125 0.47729166718749994 0.66078125 0.425 0.5103125000000001 0.425 0.5103125000000001 0.47729166718749994 0.66078125 0.47729166718749994
1 0.594375 0.5475 0.594375 0.500625 0.5025000000000001 0.500625 0.5025000000000001 0.5475 0.594375 0.5475
1 0.5875 0.6310416671875 0.5875 0.5841666671875 0.49749999999999994 0.5841666671875 0.49749999999999994 0.6310416671875 0.5875 0.6310416671875
1 0.6598437500000001 0.5527083328125 0.6598437500000001 0.5085416671874999 0.59140625 0.5085416671874999 0.59140625 0.5527083328125 0.6598437500000001 0.5527083328125
1 0.6559375000000001 0.6297916671875 0.6559375000000001 0.5866666671874999 0.58546875 0.5866666671874999 0.58546875 0.6297916671875 0.6559375000000001 0.6297916671875
1 0.6109375 0.30125 0.6109375 0.2204166671875 0.51515625 0.2204166671875 0.51515625 0.30125 0.6109375 0.30125
1 0.6168750000000001 0.2152083328125 0.6168750000000001 0.13187500000000002 0.5181250000000001 0.13187500000000002 0.5181250000000001 0.2152083328125 0.6168750000000001 0.2152083328125
1 0.6040625000000001 0 0.6040625000000001 0.074375 0.6793750000000001 0.074375 0.6793750000000001 0 0.6040625000000001 0
1 0.68140625 0 0.68140625 0.054791667187500004 0.7340625000000001 0.054791667187500004 0.7340625000000001 0 0.68140625 0
1 0.7340625000000001 0.1304166671875 0.7340625000000001 0.05625 0.6793750000000001 0.05625 0.6793750000000001 0.1304166671875 0.7340625000000001 0.1304166671875
1 0.6676562500000001 0.33375 0.6676562500000001 0.2633333328125 0.6090625000000001 0.2633333328125 0.6090625000000001 0.33375 0.6676562500000001 0.33375
1 0.7223437500000001 0.29333333281249996 0.7223437500000001 0.23479166718750002 0.6559375000000001 0.23479166718750002 0.6559375000000001 0.29333333281249996 0.7223437500000001 0.29333333281249996
1 0.72140625 0.36124999999999996 0.72140625 0.30895833281249996 0.6628125 0.30895833281249996 0.6628125 0.36124999999999996 0.72140625 0.36124999999999996
1 0.78203125 0.3897916671875 0.78203125 0.3441666671875 0.7262500000000001 0.3441666671875 0.7262500000000001 0.3897916671875 0.78203125 0.3897916671875
1 0.7703125 0.5266666671875 0.7703125 0.49145833281250006 0.71953125 0.49145833281250006 0.71953125 0.5266666671875 0.7703125 0.5266666671875
1 0.7106250000000001 0.5554166671874999 0.7106250000000001 0.5241666671874999 0.6559375000000001 0.5241666671874999 0.6559375000000001 0.5554166671874999 0.7106250000000001 0.5554166671874999
1 0.70875 0.623125 0.70875 0.5997916671875 0.655 0.5997916671875 0.655 0.623125 0.70875 0.623125
1 0.764375 0.6179166671874999 0.764375 0.590625 0.72140625 0.590625 0.72140625 0.6179166671874999 0.764375 0.6179166671874999
1 0.7996875 0.620625 0.7996875 0.591875 0.764375 0.591875 0.764375 0.620625 0.7996875 0.620625
1 0.8328125 0.5385416671875001 0.8328125 0.5085416671874999 0.77125 0.5085416671874999 0.77125 0.5385416671875001 0.8328125 0.5385416671875001
1 1 0.57625 0.8739062499999999 0.57625 0.8739062499999999 0.60625 1 0.60625 1 0.57625
1 0.993125 0.654375 0.993125 0.621875 0.8759375 0.621875 0.8759375 0.654375 0.993125 0.654375
1 0.8328125 0.6127083328125 0.8328125 0.593125 0.7996875 0.593125 0.7996875 0.6127083328125 0.8328125 0.6127083328125
1 0.8378125000000001 0.4172916671875 0.8378125000000001 0.3885416671875 0.8006249999999999 0.3885416671875 0.8006249999999999 0.4172916671875 0.8378125000000001 0.4172916671875
1 0.8417187500000001 0.3389583328125 0.8417187500000001 0.30895833281249996 0.81328125 0.30895833281249996 0.81328125 0.3389583328125 0.8417187500000001 0.3389583328125
4 0.35562499999999997 0.6435416671875 0.35562499999999997 0.2429166671875 0.17390624999999998 0.2429166671875 0.17390624999999998 0.6435416671875 0.35562499999999997 0.6435416671875
4 0.7153125 0.20833333281250002 0.7153125 0.4185416671875 0.8432812500000001 0.4185416671875 0.8432812500000001 0.20833333281250002 0.7153125 0.20833333281250002