1 0.713125 0.44458333281250006 0.713125 0.36833333281249997 0.5232812499999999 0.36833333281249997 0.5232812499999999 0.44458333281250006 0.713125 0.44458333281250006
1 0.6025 0.5525 0.6025 0.47625 0.4496875 0.47625 0.4496875 0.5525 0.6025 0.5525
1 0.70421875 0.560625 0.70421875 0.49729166718749995 0.60265625 0.49729166718749995 0.60265625 0.560625 0.70421875 0.560625
1 0.77734375 0.57375 0.77734375 0.5237499999999999 0.70421875 0.5237499999999999 0.70421875 0.57375 0.77734375 0.57375
1 0.84640625 0.5222916671875 0.84640625 0.47104166718749996 0.7684375 0.47104166718749996 0.7684375 0.5222916671875 0.84640625 0.5222916671875
1 0.9223437499999999 0.5433333328125001 0.9223437499999999 0.49729166718749995 0.84140625 0.49729166718749995 0.84140625 0.5433333328125001 0.9223437499999999 0.5433333328125001
1 0.9232812499999999 0.65 0.9232812499999999 0.6079166671875 0.8839062500000001 0.6079166671875 0.8839062500000001 0.65 0.9232812499999999 0.65
1 0.8839062500000001 0.6591666671875 0.8839062500000001 0.6066666671875 0.8425 0.6066666671875 0.8425 0.6591666671875 0.8839062500000001 0.6591666671875
1 0.8434375 0.663125 0.8434375 0.6131249999999999 0.78328125 0.6131249999999999 0.78328125 0.663125 0.8434375 0.663125
1 0.7753125 0.67625 0.7753125 0.6197916671875 0.70421875 0.6197916671875 0.70421875 0.67625 0.7753125 0.67625
1 0.6993750000000001 0.686875 0.6993750000000001 0.6183333328125 0.60453125 0.6183333328125 0.60453125 0.686875 0.6993750000000001 0.686875
1 0.60265625 0.6920833328125 0.60265625 0.6183333328125 0.45062499999999994 0.6183333328125 0.45062499999999994 0.6920833328125 0.60265625 0.6920833328125
1 0.42000000000000004 0.7262500000000001 0.42000000000000004 0.6183333328125 0.1428125 0.6183333328125 0.1428125 0.7262500000000001 0.42000000000000004 0.7262500000000001
1 0.42203125 0.42770833281250004 0.42203125 0.27229166718750003 0.14578125 0.27229166718750003 0.14578125 0.42770833281250004 0.42203125 0.42770833281250004
1 0.02609375 0.0035416671875 0.02609375 0.0489583328125 0.45578124999999997 0.0489583328125 0.45578124999999997 0.0035416671875 0.02609375 0.0035416671875
1 0.2359375 0.0377083328125 0.2359375 0.23312499999999997 0.63828125 0.23312499999999997 0.63828125 0.0377083328125 0.2359375 0.0377083328125
1 0.721875 0.26729166718749997 0.721875 0.1354166671875 0.62984375 0.1354166671875 0.62984375 0.26729166718749997 0.721875 0.26729166718749997
1 0.79859375 0.20354166718750002 0.79859375 0.0945833328125 0.703125 0.0945833328125 0.703125 0.20354166718750002 0.79859375 0.20354166718750002
1 0.79171875 0.3104166671875 0.79171875 0.21270833281249998 0.70484375 0.21270833281249998 0.70484375 0.3104166671875 0.79171875 0.3104166671875
1 0.8675 0.3414583328125 0.8675 0.26729166718749997 0.7871875 0.26729166718749997 0.7871875 0.3414583328125 0.8675 0.3414583328125
1 0.92703125 0.398125 0.92703125 0.3495833328125 0.8964062500000001 0.3495833328125 0.8964062500000001 0.398125 0.92703125 0.398125
1 0.90328125 0.24562499999999998 0.90328125 0.29562499999999997 0.9309375 0.29562499999999997 0.9309375 0.24562499999999998 0.90328125 0.24562499999999998
1 0.8943749999999999 0.1008333328125 0.8943749999999999 0.18375 0.93390625 0.18375 0.93390625 0.1008333328125 0.8943749999999999 0.1008333328125
1 0.75625 0.053541667187499996 0.75625 0.11395833281250001 0.8982812499999999 0.11395833281250001 0.8982812499999999 0.053541667187499996 0.75625 0.053541667187499996
1 0.69796875 0.005625 0.69796875 0.048333332812500004 0.8574999999999999 0.048333332812500004 0.8574999999999999 0.005625 0.69796875 0.005625
4 0.79140625 0.1160416671875 0.79140625 0.3827083328125 0.9106249999999999 0.3827083328125 0.9106249999999999 0.1160416671875 0.79140625 0.1160416671875
4 0.00484375 0.003125 0.00484375 0.7404166671875 0.15671875 0.7404166671875 0.15671875 0.003125 0.00484375 0.003125
4 0.9923437500000001 0.1929166671875 0.9923437500000001 0.0685416671875 0.923125 0.0685416671875 0.923125 0.1929166671875 0.9923437500000001 0.1929166671875