1 1 0.5081249999999999 0.5596875 0.5081249999999999 0.5596875 0.6993750000000001 1 0.6993750000000001 1 0.5081249999999999
1 0.721875 0.5766666671875 0.721875 0.47625 0.48734374999999996 0.47625 0.48734374999999996 0.5766666671875 0.721875 0.5766666671875
1 0.49234375 0.5237499999999999 0.49234375 0.45416666718750004 0.425 0.45416666718750004 0.425 0.5237499999999999 0.49234375 0.5237499999999999
1 0.48734374999999996 0.3760416671875 0.48734374999999996 0.3295833328125 0.42874999999999996 0.3295833328125 0.42874999999999996 0.3760416671875 0.48734374999999996 0.3760416671875
1 0.64515625 0.2533333328125 0.64515625 0.15687500000000001 0.42140625 0.15687500000000001 0.42140625 0.2533333328125 0.64515625 0.2533333328125
1 0.35203125 0.25729166718749996 0.35203125 0.3027083328125 0.37875000000000003 0.3027083328125 0.37875000000000003 0.25729166718749996 0.35203125 0.25729166718749996
1 0.38156249999999997 0.220625 0.38156249999999997 0.2891666671875 0.42718749999999994 0.2891666671875 0.42718749999999994 0.220625 0.38156249999999997 0.220625
1 0.38453125 0.3325 0.38453125 0.375 0.42874999999999996 0.375 0.42874999999999996 0.3325 0.38453125 0.3325
1 0.35562499999999997 0.34500000000000003 0.35562499999999997 0.3760416671875 0.38234375 0.3760416671875 0.38234375 0.34500000000000003 0.35562499999999997 0.34500000000000003
1 0.38453125 0.45895833281250004 0.38453125 0.42625 0.35984375 0.42625 0.35984375 0.45895833281250004 0.38453125 0.45895833281250004
1 0.429375 0.48312499999999997 0.429375 0.42895833281250006 0.38234375 0.42895833281250006 0.38234375 0.48312499999999997 0.429375 0.48312499999999997