1 0.69328125 0.0075 0.69328125 0.1197916671875 0.9229687500000001 0.1197916671875 0.9229687500000001 0.0075 0.69328125 0.0075
1 0.8282812500000001 0.0720833328125 0.8282812500000001 0.1858333328125 0.9690625 0.1858333328125 0.9690625 0.0720833328125 0.8282812500000001 0.0720833328125
3 0 0.58375 0.26546875000000003 0.58375 0.26546875000000003 0.0310416671875 0 0.0310416671875 0 0.58375
3 0.41421875 0.25 0.41421875 0.40520833281249996 0.7732812499999999 0.40520833281249996 0.7732812499999999 0.25 0.41421875 0.25
3 0.43 0.38416666718750003 0.43 0.5183333328125 0.75859375 0.5183333328125 0.75859375 0.38416666718750003 0.43 0.38416666718750003
3 0.75859375 0.37625000000000003 0.75859375 0.4920833328125 0.8621874999999999 0.4920833328125 0.8621874999999999 0.37625000000000003 0.75859375 0.37625000000000003
3 0.35296875 0.6566666671875 0.35296875 0.8933333328125 0.67765625 0.8933333328125 0.67765625 0.6566666671875 0.35296875 0.6566666671875
3 0.34796875 0.7841666671875 0.34796875 0.97625 0.6628125 0.97625 0.6628125 0.7841666671875 0.34796875 0.7841666671875
3 0.469375 0.9972916671875 0.469375 0.8143750000000001 0.19796875 0.8143750000000001 0.19796875 0.9972916671875 0.469375 0.9972916671875
3 0.10546875 0.9922916671875001 0.10546875 0.8539583328125 0.00609375 0.8539583328125 0.00609375 0.9922916671875001 0.10546875 0.9922916671875001
3 0.5701562499999999 0.5772916671874999 0.5701562499999999 0.7591666671875 0.8103125 0.7591666671875 0.8103125 0.5772916671874999 0.5701562499999999 0.5772916671874999
3 0.6526562499999999 0.7364583328125 0.6526562499999999 0.8520833328125 0.8018750000000001 0.8520833328125 0.8018750000000001 0.7364583328125 0.6526562499999999 0.7364583328125
3 0.80046875 0.6075 0.80046875 0.71375 0.8884375 0.71375 0.8884375 0.6075 0.80046875 0.6075
3 0.7932812499999999 0.5052083328125 0.7932812499999999 0.6929166671875 0.936875 0.6929166671875 0.936875 0.5052083328125 0.7932812499999999 0.5052083328125
3 0.93828125 0.531875 0.93828125 0.590625 0.97234375 0.590625 0.97234375 0.531875 0.93828125 0.531875
3 0.93828125 0.5885416671875 0.93828125 0.6341666671875 0.97234375 0.6341666671875 0.97234375 0.5885416671875 0.93828125 0.5885416671875
3 0.8359375 0.3120833328125 0.8359375 0.365 0.9425000000000001 0.365 0.9425000000000001 0.3120833328125 0.8359375 0.3120833328125
3 0.8699999999999999 0.365 0.8699999999999999 0.4029166671875 0.9439062500000001 0.4029166671875 0.9439062500000001 0.365 0.8699999999999999 0.365
3 0.8728125 0.40854166718749996 0.8728125 0.4597916671875 0.9439062500000001 0.4597916671875 0.9439062500000001 0.40854166718749996 0.8728125 0.40854166718749996
3 0.9354687500000001 0.33479166718750003 0.9354687500000001 0.4560416671875 0.9709375 0.4560416671875 0.9709375 0.33479166718750003 0.9354687500000001 0.33479166718750003