1 0.8035937499999999 0.2504166671875 0.8035937499999999 0.133125 0.5014062499999999 0.133125 0.5014062499999999 0.2504166671875 0.8035937499999999 0.2504166671875
1 0.8592187499999999 0.4889583328125 0.8592187499999999 0.43937499999999996 0.8084374999999999 0.43937499999999996 0.8084374999999999 0.4889583328125 0.8592187499999999 0.4889583328125
1 0.8084374999999999 0.515 0.8084374999999999 0.42104166718749997 0.495625 0.42104166718749997 0.495625 0.515 0.8084374999999999 0.515
1 0.47703125 0.4420833328125 0.47703125 0.3964583328125 0.3725 0.3964583328125 0.3725 0.4420833328125 0.47703125 0.4420833328125
1 0.65390625 0.745625 0.65390625 0.5541666671875001 0.27171875 0.5541666671875001 0.27171875 0.745625 0.65390625 0.745625
1 0.64328125 0.8877083328125 0.64328125 0.680625 0.26984375 0.680625 0.26984375 0.8877083328125 0.64328125 0.8877083328125
1 0.7928124999999999 0.7639583328125 0.7928124999999999 0.6635416671875001 0.68421875 0.6635416671875001 0.68421875 0.7639583328125 0.7928124999999999 0.7639583328125
1 0.8504687499999999 0.6858333328125 0.8504687499999999 0.6127083328125 0.78984375 0.6127083328125 0.78984375 0.6858333328125 0.8504687499999999 0.6858333328125
1 0.90625 0.5070833328125001 0.90625 0.471875 0.8592187499999999 0.471875 0.8592187499999999 0.5070833328125001 0.90625 0.5070833328125001
1 0.8984375 0.6402083328125 0.8984375 0.5827083328125 0.8514062499999999 0.5827083328125 0.8514062499999999 0.6402083328125 0.8984375 0.6402083328125
1 0.47890625 0.2491666671875 0.47890625 0.1904166671875 0.39296875 0.1904166671875 0.39296875 0.2491666671875 0.47890625 0.2491666671875
1 0.4809375 0.1291666671875 0.4809375 0.0666666671875 0.39484375 0.0666666671875 0.39484375 0.1291666671875 0.4809375 0.1291666671875
1 0.374375 0.4185416671875 0.374375 0.3860416671875 0.27468750000000003 0.3860416671875 0.27468750000000003 0.4185416671875 0.374375 0.4185416671875
1 0.26687500000000003 0.44729166718749996 0.26687500000000003 0.4172916671875 0.2375 0.4172916671875 0.2375 0.44729166718749996 0.26687500000000003 0.44729166718749996
1 0.320625 0.285625 0.320625 0.24 0.27765625 0.24 0.27765625 0.285625 0.320625 0.285625
1 0.27953125 0.2504166671875 0.27953125 0.20729166718749997 0.2453125 0.20729166718749997 0.2453125 0.2504166671875 0.27953125 0.2504166671875
1 0.27468750000000003 0.2947916671875 0.27468750000000003 0.26208333281249996 0.244375 0.26208333281249996 0.244375 0.2947916671875 0.27468750000000003 0.2947916671875
1 0.24343750000000003 0.30520833281250004 0.24343750000000003 0.2752083328125 0.2140625 0.2752083328125 0.2140625 0.30520833281250004 0.24343750000000003 0.30520833281250004
1 0.27078125000000003 0.3897916671875 0.27078125000000003 0.365 0.21109375 0.365 0.21109375 0.3897916671875 0.27078125000000003 0.3897916671875
1 0.2375 0.436875 0.2375 0.4145833328125 0.20812499999999998 0.4145833328125 0.20812499999999998 0.436875 0.2375 0.436875
1 0.23562500000000003 0.4810416671875 0.23562500000000003 0.4577083328125 0.21203124999999998 0.4577083328125 0.21203124999999998 0.4810416671875 0.23562500000000003 0.4810416671875
1 0.396875 0.06395833281249999 0.396875 0.00020833281250000002 0.33234375 0.00020833281250000002 0.33234375 0.06395833281249999 0.396875 0.06395833281249999
1 0.33140625 0.058750000000000004 0.33140625 0.0014583328125 0.284375 0.0014583328125 0.284375 0.058750000000000004 0.33140625 0.058750000000000004
1 0.3303125 0.1004166671875 0.3303125 0.040625 0.28640625000000003 0.040625 0.28640625000000003 0.1004166671875 0.3303125 0.1004166671875
1 0.2834375 0.0522916671875 0.2834375 0.0054166671875 0.25406249999999997 0.0054166671875 0.25406249999999997 0.0522916671875 0.2834375 0.0522916671875
1 0.28250000000000003 0.0927083328125 0.28250000000000003 0.043125000000000004 0.25015624999999997 0.043125000000000004 0.25015624999999997 0.0927083328125 0.28250000000000003 0.0927083328125
1 0.28546875 0.135625 0.28546875 0.0822916671875 0.2453125 0.0822916671875 0.2453125 0.135625 0.28546875 0.135625
1 0.25515625000000003 0.032708332812500004 0.25515625000000003 0.0027083328125 0.23265625 0.0027083328125 0.23265625 0.032708332812500004 0.25515625000000003 0.032708332812500004
1 0.24734375000000003 0.104375 0.24734375000000003 0.0652083328125 0.2228125 0.0652083328125 0.2228125 0.104375 0.24734375000000003 0.104375
1 0.24625 0.1279166671875 0.24625 0.08875 0.2228125 0.08875 0.2228125 0.1279166671875 0.24625 0.1279166671875
1 0.24625 0.166875 0.24625 0.1227083328125 0.215 0.1227083328125 0.215 0.166875 0.24625 0.166875
1 0.23359375 0.0627083328125 0.23359375 0.026250000000000002 0.21015625 0.026250000000000002 0.21015625 0.0627083328125 0.23359375 0.0627083328125
1 0.22671875 0.1108333328125 0.22671875 0.074375 0.20625 0.074375 0.20625 0.1108333328125 0.22671875 0.1108333328125
1 0.22484375 0.1435416671875 0.22484375 0.104375 0.20328125 0.104375 0.20328125 0.1435416671875 0.22484375 0.1435416671875
1 0.2209375 0.18 0.2209375 0.14875 0.20140625 0.14875 0.20140625 0.18 0.2209375 0.18
1 0.20031249999999998 0.19958333281250001 0.20031249999999998 0.1720833328125 0.18375 0.1720833328125 0.18375 0.19958333281250001 0.20031249999999998 0.19958333281250001
1 0.18375 0.21770833281250002 0.18375 0.1891666671875 0.16609374999999998 0.1891666671875 0.16609374999999998 0.21770833281250002 0.18375 0.21770833281250002
1 0.215 0.3104166671875 0.215 0.286875 0.19453125 0.286875 0.19453125 0.3104166671875 0.215 0.3104166671875
1 0.22484375 0.27375 0.22484375 0.24125000000000002 0.19546875 0.24125000000000002 0.19546875 0.27375 0.22484375 0.27375
1 0.19453125 0.32083333281250004 0.19453125 0.3 0.17781249999999998 0.3 0.17781249999999998 0.32083333281250004 0.19453125 0.32083333281250004
1 0.1915625 0.4029166671875 0.1915625 0.3860416671875 0.17296875 0.3860416671875 0.17296875 0.4029166671875 0.1915625 0.4029166671875
1 0.20921875 0.42895833281250006 0.20921875 0.4158333328125 0.19359375 0.4158333328125 0.19359375 0.42895833281250006 0.20921875 0.42895833281250006
1 1 0.5202083328125 0.9296875 0.5202083328125 0.9296875 0.5541666671875001 1 0.5541666671875001 1 0.5202083328125
1 0.21187499999999998 0.473125 0.21187499999999998 0.45104166718750005 0.1925 0.45104166718750005 0.1925 0.473125 0.21187499999999998 0.473125
1 0.17734375 0.32437499999999997 0.17734375 0.30520833281250004 0.165625 0.30520833281250004 0.165625 0.32437499999999997 0.17734375 0.32437499999999997
1 0.16671875 0.316875 0.16671875 0.2977083328125 0.15359375 0.2977083328125 0.15359375 0.316875 0.16671875 0.316875
4 0.31828124999999996 0.051875000000000004 0.31828124999999996 0.27749999999999997 0.4028125 0.27749999999999997 0.4028125 0.051875000000000004 0.31828124999999996 0.051875000000000004
4 0.18359375 0.45187499999999997 0.18359375 0.353125 0.15578125 0.353125 0.15578125 0.45187499999999997 0.18359375 0.45187499999999997
1 0.9040625 0.5566666671875 0.9040625 0.5922916671875 0.925 0.5922916671875 0.925 0.5566666671875 0.9040625 0.5566666671875
1 0.9076562499999999 0.5364583328125 0.9076562499999999 0.5691666671875 0.9228125 0.5691666671875 0.9228125 0.5364583328125 0.9076562499999999 0.5364583328125
1 0.9040625 0.5070833328125001 0.9040625 0.5364583328125 0.9262499999999999 0.5364583328125 0.9262499999999999 0.5070833328125001 0.9040625 0.5070833328125001
1 0.90296875 0.480625 0.90296875 0.51 0.92734375 0.51 0.92734375 0.480625 0.90296875 0.480625
1 0.9099999999999999 0.45104166718750005 0.9099999999999999 0.47895833281250005 0.93203125 0.47895833281250005 0.93203125 0.45104166718750005 0.9099999999999999 0.45104166718750005
1 0.9053125 0.42000000000000004 0.9053125 0.45104166718750005 0.93203125 0.45104166718750005 0.93203125 0.42000000000000004 0.9053125 0.42000000000000004
1 0.9053125 0.3875 0.9053125 0.42000000000000004 0.93328125 0.42000000000000004 0.93328125 0.3875 0.9053125 0.3875
1 0.90296875 0.3625 0.90296875 0.3875 0.93328125 0.3875 0.93328125 0.3625 0.90296875 0.3625
1 0.9076562499999999 0.333125 0.9076562499999999 0.359375 0.9390625 0.359375 0.9390625 0.333125 0.9076562499999999 0.333125
1 0.91234375 0.3020833328125 0.91234375 0.333125 0.9390625 0.333125 0.9390625 0.3020833328125 0.91234375 0.3020833328125