1 0.8748437499999999 0.21916666718750002 0.8748437499999999 0.19437500000000002 0.786875 0.19437500000000002 0.786875 0.21916666718750002 0.8748437499999999 0.21916666718750002
1 0 0.560625 0.5259375000000001 0.560625 0.5259375000000001 0.3077083328125 0 0.3077083328125 0 0.560625
1 0.5259375000000001 0.8539583328125 0.5259375000000001 0.5266666671875 0.07625 0.5266666671875 0.07625 0.8539583328125 0.5259375000000001 0.8539583328125
1 0.515625 1 0.515625 0.8577083328124999 0.017499999999999998 0.8577083328124999 0.017499999999999998 1 0.515625 1
4 0.8012499999999999 0.42000000000000004 0.8012499999999999 0.2697916671875 0.69046875 0.2697916671875 0.69046875 0.42000000000000004 0.8012499999999999 0.42000000000000004
4 0.6846875 0.2108333328125 0.6846875 0.2697916671875 0.775 0.2697916671875 0.775 0.2108333328125 0.6846875 0.2108333328125
4 0.87109375 0.13916666718749998 0.87109375 0.301875 0.97109375 0.301875 0.97109375 0.13916666718749998 0.87109375 0.13916666718749998
4 0.8682812500000001 0.0379166671875 0.8682812500000001 0.1352083328125 0.9384375 0.1352083328125 0.9384375 0.0379166671875 0.8682812500000001 0.0379166671875
4 0.8875 0.2916666671875 0.8875 0.21979166718749998 0.8403124999999999 0.21979166718749998 0.8403124999999999 0.2916666671875 0.8875 0.2916666671875
4 0.875 0.3929166671875 0.875 0.30583333281249997 0.8365625 0.30583333281249997 0.8365625 0.3929166671875 0.875 0.3929166671875
4 0.86640625 0.46979166718750004 0.86640625 0.3827083328125 0.8375 0.3827083328125 0.8375 0.46979166718750004 0.86640625 0.46979166718750004
4 0.8643750000000001 0.31604166718750004 0.8643750000000001 0.5302083328125 0.9356249999999999 0.5302083328125 0.9356249999999999 0.31604166718750004 0.8643750000000001 0.31604166718750004