1 0.9990625 0.623125 0.9990625 0.5789583328125001 0.85234375 0.5789583328125001 0.85234375 0.623125 0.9990625 0.623125
1 0.99703125 0.6791666671875001 0.99703125 0.63875 0.8504687499999999 0.63875 0.8504687499999999 0.6791666671875001 0.99703125 0.6791666671875001
1 0 0.42895833281250006 0.1534375 0.42895833281250006 0.1534375 0.3285416671875 0 0.3285416671875 0 0.42895833281250006
1 0 0.6622916671875 0.14171875 0.6622916671875 0.14171875 0.5945833328125001 0 0.5945833328125001 0 0.6622916671875
1 0.37640625 0.5385416671875001 0.37640625 0.4641666671875 0.1915625 0.4641666671875 0.1915625 0.5385416671875001 0.37640625 0.5385416671875001
1 0.36843750000000003 0.6635416671875001 0.36843750000000003 0.5983333328125 0.181875 0.5983333328125 0.181875 0.6635416671875001 0.36843750000000003 0.6635416671875001
1 0.024375 0 0.024375 0.07958333281249999 0.1828125 0.07958333281249999 0.1828125 0 0.024375 0
1 0.40671875 0.1916666671875 0.40671875 0.0522916671875 0.23453125 0.0522916671875 0.23453125 0.1916666671875 0.40671875 0.1916666671875
1 0.31375000000000003 0 0.31375000000000003 0.074375 0.4184375 0.074375 0.4184375 0 0.31375000000000003 0
1 0.52296875 0.2529166671875 0.52296875 0.15 0.40078125 0.15 0.40078125 0.2529166671875 0.52296875 0.2529166671875
1 0.61875 0.2152083328125 0.61875 0.12125 0.5014062499999999 0.12125 0.5014062499999999 0.2152083328125 0.61875 0.2152083328125
1 0.6178125 0.2947916671875 0.6178125 0.21916666718750002 0.5220312500000001 0.21916666718750002 0.5220312500000001 0.2947916671875 0.6178125 0.2947916671875
1 0.5121875 0.4458333328125 0.5121875 0.37687499999999996 0.334375 0.37687499999999996 0.334375 0.4458333328125 0.5121875 0.4458333328125
1 0.50828125 0.5475 0.50828125 0.48624999999999996 0.3734375 0.48624999999999996 0.3734375 0.5475 0.50828125 0.5475
1 0.5014062499999999 0.650625 0.5014062499999999 0.591875 0.36453125000000003 0.591875 0.36453125000000003 0.650625 0.5014062499999999 0.650625
1 0.59828125 0.559375 0.59828125 0.5070833328125001 0.504375 0.5070833328125001 0.504375 0.559375 0.59828125 0.559375
1 0.69984375 0.515 0.69984375 0.47062499999999996 0.62171875 0.47062499999999996 0.62171875 0.515 0.69984375 0.515
1 0.68625 0.635 0.68625 0.5945833328125001 0.6118750000000001 0.5945833328125001 0.6118750000000001 0.635 0.68625 0.635
1 0.6012500000000001 0.6439583328125 0.6012500000000001 0.60625 0.5053124999999999 0.60625 0.5053124999999999 0.6439583328125 0.6012500000000001 0.6439583328125
1 0.79765625 0.5358333328125 0.79765625 0.4966666671875 0.6989062500000001 0.4966666671875 0.6989062500000001 0.5358333328125 0.79765625 0.5358333328125
1 0.7967187499999999 0.63625 0.7967187499999999 0.6010416671875001 0.68921875 0.6010416671875001 0.68921875 0.63625 0.7967187499999999 0.63625
1 0.71265625 0.346875 0.71265625 0.2816666671875 0.6334375 0.2816666671875 0.6334375 0.346875 0.71265625 0.346875
1 0.8006249999999999 0.3872916671875 0.8006249999999999 0.3508333328125 0.7576562499999999 0.3508333328125 0.7576562499999999 0.3872916671875 0.8006249999999999 0.3872916671875
1 0.80546875 0.288125 0.80546875 0.2504166671875 0.7693749999999999 0.2504166671875 0.7693749999999999 0.288125 0.80546875 0.288125
1 0.8084374999999999 0.1775 0.8084374999999999 0.11750000000000001 0.75859375 0.11750000000000001 0.75859375 0.1775 0.8084374999999999 0.1775
4 0.6125 0.1352083328125 0.6125 0.3852083328125 0.7778125 0.3852083328125 0.7778125 0.1352083328125 0.6125 0.1352083328125