1 0.160625 0.07375000000000001 0.160625 0.203125 0.4403125 0.203125 0.4403125 0.07375000000000001 0.160625 0.07375000000000001
1 0.026875 0.0045833328125 0.026875 0.0904166671875 0.36531250000000004 0.0904166671875 0.36531250000000004 0.0045833328125 0.026875 0.0045833328125
1 0.2971875 0.150625 0.2971875 0.2647916671875 0.5028125 0.2647916671875 0.5028125 0.150625 0.2971875 0.150625
1 0.47796874999999994 0.15812500000000002 0.47796874999999994 0.2133333328125 0.53 0.2133333328125 0.53 0.15812500000000002 0.47796874999999994 0.15812500000000002
1 0.56546875 0.2452083328125 0.56546875 0.1989583328125 0.53 0.1989583328125 0.53 0.2452083328125 0.56546875 0.2452083328125
1 0.47390625000000003 0.231875 0.47390625000000003 0.288125 0.5253125 0.288125 0.5253125 0.231875 0.47390625000000003 0.231875
1 0.5153125000000001 0.263125 0.5153125000000001 0.3210416671875 0.55671875 0.3210416671875 0.55671875 0.263125 0.5153125000000001 0.263125
1 0.6001562500000001 0.3566666671875 0.6001562500000001 0.3254166671875 0.58015625 0.3254166671875 0.58015625 0.2916666671875 0.55140625 0.2916666671875 0.55140625 0.3433333328125 0.57546875 0.3433333328125 0.57546875 0.3566666671875 0.6001562500000001 0.3566666671875
1 0.44859375 0.036875000000000005 0.44859375 0.114375 0.56203125 0.114375 0.56203125 0.036875000000000005 0.44859375 0.036875000000000005
1 0.5014062499999999 0.0841666671875 0.5014062499999999 0.1589583328125 0.5921875 0.1589583328125 0.5921875 0.0841666671875 0.5014062499999999 0.0841666671875
3 0.6017187500000001 0.65125 0.6017187500000001 0.5670833328125 0.5246875 0.5670833328125 0.5246875 0.65125 0.6017187500000001 0.65125
3 0.495 0.6183333328125 0.495 0.5210416671875 0.4446875 0.5210416671875 0.4446875 0.6183333328125 0.495 0.6183333328125
3 0.44375 0.5579166671875 0.44375 0.5302083328125 0.36578125 0.5302083328125 0.36578125 0.5579166671875 0.44375 0.5579166671875
3 0.4446875 0.586875 0.4446875 0.5579166671875 0.36671875 0.5579166671875 0.36671875 0.586875 0.4446875 0.586875
3 0.4446875 0.62375 0.4446875 0.586875 0.40328125000000004 0.586875 0.40328125000000004 0.62375 0.4446875 0.62375
3 0.40625 0.6183333328125 0.40625 0.5841666671875 0.37953125 0.5841666671875 0.37953125 0.6183333328125 0.40625 0.6183333328125
3 0.37859375 0.6302083328125 0.37859375 0.5697916671875001 0.27203125 0.5697916671875001 0.27203125 0.6302083328125 0.37859375 0.6302083328125
3 0.2759375 0.6408333328125 0.2759375 0.5658333328125 0.08546875000000001 0.5658333328125 0.08546875000000001 0.6408333328125 0.2759375 0.6408333328125
3 0.075625 0.563125 0.075625 0.46708333281250003 0.0017187500000000002 0.46708333281250003 0.0017187500000000002 0.563125 0.075625 0.563125
3 0.056874999999999995 0.660625 0.056874999999999995 0.560625 0.0017187500000000002 0.560625 0.0017187500000000002 0.660625 0.056874999999999995 0.660625
3 0.03125 0.29874999999999996 0.03125 0.40395833281250004 0.18125 0.40395833281250004 0.18125 0.29874999999999996 0.03125 0.29874999999999996
3 0.22374999999999998 0.4170833328125 0.22374999999999998 0.3289583328125 0.17046875 0.3289583328125 0.17046875 0.4170833328125 0.22374999999999998 0.4170833328125
3 0.27 0.36833333281249997 0.27 0.2920833328125 0.18328125 0.2920833328125 0.18328125 0.36833333281249997 0.27 0.36833333281249997
3 0.26421875 0.425 0.26421875 0.3710416671875 0.21781250000000002 0.3710416671875 0.21781250000000002 0.425 0.26421875 0.425
3 0.29765625 0.38687499999999997 0.29765625 0.31437499999999996 0.26703125 0.31437499999999996 0.26703125 0.38687499999999997 0.29765625 0.38687499999999997
3 0.29874999999999996 0.4341666671875 0.29874999999999996 0.385625 0.2571875 0.385625 0.2571875 0.4341666671875 0.29874999999999996 0.4341666671875
3 0.3303125 0.40125 0.3303125 0.335625 0.29578125 0.335625 0.29578125 0.40125 0.3303125 0.40125
3 0.32828124999999997 0.44604166718749994 0.32828124999999997 0.3947916671875 0.29078125 0.3947916671875 0.29078125 0.44604166718749994 0.32828124999999997 0.44604166718749994
3 0.35890625 0.40520833281249996 0.35890625 0.3460416671875 0.32734375 0.3460416671875 0.32734375 0.40520833281249996 0.35890625 0.40520833281249996
3 0.35890625 0.4566666671875 0.35890625 0.40520833281249996 0.32046874999999997 0.40520833281249996 0.32046874999999997 0.4566666671875 0.35890625 0.4566666671875
3 0.39437500000000003 0.45520833281249995 0.39437500000000003 0.3789583328125 0.3559375 0.3789583328125 0.3559375 0.45520833281249995 0.39437500000000003 0.45520833281249995
3 0.40828125000000004 0.4658333328125 0.40828125000000004 0.4341666671875 0.37265625 0.4341666671875 0.37265625 0.4658333328125 0.40828125000000004 0.4658333328125
3 0.4684375 0.48687500000000006 0.4684375 0.4302083328125 0.42203125 0.4302083328125 0.42203125 0.48687500000000006 0.4684375 0.48687500000000006
3 0.5 0.4920833328125 0.5 0.45520833281249995 0.46640625 0.45520833281249995 0.46640625 0.4920833328125 0.5 0.4920833328125
3 0.52171875 0.5 0.52171875 0.4722916671875 0.5059375 0.4722916671875 0.5059375 0.5 0.52171875 0.5
3 0.525625 0.4658333328125 0.525625 0.4829166671875 0.5404687499999999 0.4829166671875 0.5404687499999999 0.4408333328125 0.47921874999999997 0.4408333328125 0.47921874999999997 0.4658333328125 0.525625 0.4658333328125
3 0.53953125 0.5027083328125 0.53953125 0.488125 0.5128125 0.488125 0.5128125 0.5027083328125 0.53953125 0.5027083328125
3 0.5246875 0.6131249999999999 0.5246875 0.5802083328125 0.50890625 0.5802083328125 0.50890625 0.6131249999999999 0.5246875 0.6131249999999999
3 0.655 0.5289583328125 0.655 0.4777083328125 0.6134375000000001 0.4777083328125 0.6134375000000001 0.5289583328125 0.655 0.5289583328125
3 0.48015625 0.08562499999999999 0.48015625 0.0460416671875 0.41109375000000004 0.0460416671875 0.41109375000000004 0.08562499999999999 0.48015625 0.08562499999999999
3 0.47421875 0.1066666671875 0.47421875 0.0841666671875 0.41593749999999996 0.0841666671875 0.41593749999999996 0.1066666671875 0.47421875 0.1066666671875
3 0.47515625000000006 0.136875 0.47515625000000006 0.110625 0.42296875 0.110625 0.42296875 0.136875 0.47515625000000006 0.136875
3 0.47328125 0.1777083328125 0.47328125 0.136875 0.41890625000000004 0.136875 0.41890625000000004 0.1777083328125 0.47328125 0.1777083328125