1 0.9875 0.2506481484375 0.9875 0.1583333328125 0.8973437499999999 0.1583333328125 0.8973437499999999 0.2506481484375 0.9875 0.2506481484375
1 0.9976041671875 0.22629629687500002 0.9976041671875 0.14555555625 0.98171875 0.14555555625 0.98171875 0.22629629687500002 0.9976041671875 0.22629629687500002
1 0.9125 0.2800925921875 0.9125 0.20574074062499997 0.7913541671875 0.20574074062499997 0.7913541671875 0.2800925921875 0.9125 0.2800925921875
1 0.9132291671875 0.16601851875 0.9132291671875 0.0865740734375 0.7928124999999999 0.0865740734375 0.7928124999999999 0.16601851875 0.9132291671875 0.16601851875
1 0.7834375 0.0006481484375 0.7834375 0.037777778125 0.8295833328125 0.037777778125 0.8295833328125 0.0006481484375 0.7834375 0.0006481484375
1 0.7863020828125 0.0929629625 0.7863020828125 0.013425926562500001 0.7459374999999999 0.013425926562500001 0.7459374999999999 0.0929629625 0.7863020828125 0.0929629625
1 0.7351041671874999 0.16731481406249998 0.7351041671874999 0.1070370375 0.7047916671875 0.1070370375 0.7047916671875 0.16731481406249998 0.7351041671874999 0.16731481406249998
1 0.7047916671875 0.2006481484375 0.7047916671875 0.146759259375 0.6839062499999999 0.146759259375 0.6839062499999999 0.2006481484375 0.7047916671875 0.2006481484375
1 0.7444791671875 0.253240740625 0.7444791671875 0.305740740625 0.7928124999999999 0.305740740625 0.7928124999999999 0.253240740625 0.7444791671875 0.253240740625
1 0.7369791671875 0.3384259265625 0.7369791671875 0.29472222187499997 0.7004166671875 0.29472222187499997 0.7004166671875 0.3384259265625 0.7369791671875 0.3384259265625
1 0.6993750000000001 0.3525925921875 0.6993750000000001 0.3081481484375 0.6828645828125001 0.3081481484375 0.6828645828125001 0.3525925921875 0.6993750000000001 0.3525925921875
1 0.6833854171875 0.35972222187499997 0.6833854171875 0.32592592656249997 0.6688541671875 0.32592592656249997 0.6688541671875 0.35972222187499997 0.6833854171875 0.35972222187499997
1 0.66484375 0.36601851875 0.66484375 0.331296296875 0.6528125 0.331296296875 0.6528125 0.36601851875 0.66484375 0.36601851875
1 0.6703645828125 0.23601851875 0.6703645828125 0.188796296875 0.6553125 0.188796296875 0.6553125 0.23601851875 0.6703645828125 0.23601851875
1 0.6563541671875 0.2511111109375 0.6563541671875 0.21462962968750002 0.6428125 0.21462962968750002 0.6428125 0.2511111109375 0.6563541671875 0.2511111109375
1 0.0017187500000000002 0.0023148140625 0.0017187500000000002 0.1153703703125 0.259375 0.1153703703125 0.259375 0.0023148140625 0.0017187500000000002 0.0023148140625
1 0.37296874999999996 0.320277778125 0.37296874999999996 0.21000000000000002 0.18114583281250002 0.21000000000000002 0.18114583281250002 0.320277778125 0.37296874999999996 0.320277778125
1 0.2883333328125 0.2428703703125 0.2883333328125 0.3229629625 0.39249999999999996 0.3229629625 0.39249999999999996 0.2428703703125 0.2883333328125 0.2428703703125
1 0.40406250000000005 0.3336111109375 0.40406250000000005 0.2686111109375 0.3875 0.2686111109375 0.3875 0.3336111109375 0.40406250000000005 0.3336111109375
1 0.42458333281250005 0.3451851859375 0.42458333281250005 0.296296296875 0.4060416671875 0.296296296875 0.4060416671875 0.3451851859375 0.42458333281250005 0.3451851859375
1 0.4194270828125 0.18601851875 0.4194270828125 0.0791666671875 0.3000520828125 0.0791666671875 0.3000520828125 0.18601851875 0.4194270828125 0.18601851875
1 0.43937499999999996 0.36444444374999996 0.43937499999999996 0.3156481484375 0.42270833281250003 0.3156481484375 0.42270833281250003 0.36444444374999996 0.43937499999999996 0.36444444374999996
3 0.18505208281250002 0.9965740734375 0.18505208281250002 0.7540740734375 0.0028125 0.7540740734375 0.0028125 0.9965740734375 0.18505208281250002 0.9965740734375
3 0.22020833281250002 0.9549074078125 0.22020833281250002 0.6972222218749999 0.15203125 0.6972222218749999 0.15203125 0.9549074078125 0.22020833281250002 0.9549074078125
3 0.2777604171875 0.8298148140625001 0.2777604171875 0.7066666671874999 0.21703125 0.7066666671874999 0.21703125 0.8298148140625001 0.2777604171875 0.8298148140625001
3 0.2809895828125 0.9018518515625 0.2809895828125 0.786296296875 0.2180729171875 0.786296296875 0.2180729171875 0.9018518515625 0.2809895828125 0.9018518515625
3 0.2884375 0.8033333328125 0.2884375 0.7275 0.2735416671875 0.7275 0.2735416671875 0.8033333328125 0.2884375 0.8033333328125
3 0.3140104171875 0.7825 0.3140104171875 0.723703703125 0.29161458281249997 0.723703703125 0.29161458281249997 0.7825 0.3140104171875 0.7825
3 0.181875 0.47555555624999996 0.181875 0.3940740734375 0.0113541671875 0.3940740734375 0.0113541671875 0.47555555624999996 0.181875 0.47555555624999996
3 0.18828125 0.5456481484375 0.18828125 0.4641666671875 0.0113541671875 0.4641666671875 0.0113541671875 0.5456481484375 0.18828125 0.5456481484375
3 0.1829166671875 0.5929629624999999 0.1829166671875 0.5286111109375 0.015572917187499999 0.5286111109375 0.015572917187499999 0.5929629624999999 0.1829166671875 0.5929629624999999
3 0.18505208281250002 0.6441666671874999 0.18505208281250002 0.5835185187499999 0.1509375 0.5835185187499999 0.1509375 0.6441666671874999 0.18505208281250002 0.6441666671874999
3 0.2436979171875 0.615740740625 0.2436979171875 0.40351851875 0.18505208281250002 0.40351851875 0.18505208281250002 0.615740740625 0.2436979171875 0.615740740625
3 0.27140624999999996 0.5873148140625 0.27140624999999996 0.5228703703125 0.24583333281250003 0.5228703703125 0.24583333281250003 0.5873148140625 0.27140624999999996 0.5873148140625
3 0.3140104171875 0.5683333328125 0.3140104171875 0.5190740734375 0.2735416671875 0.5190740734375 0.2735416671875 0.5683333328125 0.3140104171875 0.5683333328125
3 0.3385416671875 0.7408333328125 0.3385416671875 0.67444444375 0.25114583281249997 0.67444444375 0.25114583281249997 0.7408333328125 0.3385416671875 0.7408333328125
3 0.3609375 0.6972222218749999 0.3609375 0.651759259375 0.32255208281250003 0.651759259375 0.32255208281250003 0.6972222218749999 0.3609375 0.6972222218749999
3 0.36942708281250003 0.6365740734374999 0.36942708281250003 0.5911111109375 0.2927083328125 0.5911111109375 0.2927083328125 0.6365740734374999 0.36942708281250003 0.6365740734374999
3 0.36942708281250003 0.6631481484374999 0.36942708281250003 0.6289814812500001 0.35343749999999996 0.6289814812500001 0.35343749999999996 0.6631481484374999 0.36942708281250003 0.6631481484374999
3 0.3449479171875 0.5456481484375 0.3449479171875 0.48685185156250005 0.25114583281249997 0.48685185156250005 0.25114583281249997 0.5456481484375 0.3449479171875 0.5456481484375
3 0.36515624999999996 0.498240740625 0.36515624999999996 0.45277777812500003 0.26817708281249997 0.45277777812500003 0.26817708281249997 0.498240740625 0.36515624999999996 0.498240740625
3 0.36515624999999996 0.53805555625 0.36515624999999996 0.5001851859374999 0.3449479171875 0.5001851859374999 0.3449479171875 0.53805555625 0.36515624999999996 0.53805555625
3 0.47494791718749996 0.5759259265625001 0.47494791718749996 0.5248148140625 0.44723958281250004 0.5248148140625 0.44723958281250004 0.5759259265625001 0.47494791718749996 0.5759259265625001
3 0.9971875000000001 0.5418518515625 0.9971875000000001 0.4963888890625 0.9652083328125001 0.4963888890625 0.9652083328125001 0.5418518515625 0.9971875000000001 0.5418518515625
3 0.98015625 0.53805555625 0.98015625 0.49444444374999996 0.9343229171875 0.49444444374999996 0.9343229171875 0.53805555625 0.98015625 0.53805555625
3 0.9545833328125 0.5324074078125001 0.9545833328125 0.4831481484375 0.9076562499999999 0.4831481484375 0.9076562499999999 0.5324074078125001 0.9545833328125 0.5324074078125001
3 0.9566666671874999 0.6801851859375 0.9566666671874999 0.613796296875 0.8586458328125 0.613796296875 0.8586458328125 0.6801851859375 0.9566666671874999 0.6801851859375
3 0.9119270828125 0.5134259265625001 0.9119270828125 0.47555555624999996 0.8330729171875 0.47555555624999996 0.8330729171875 0.5134259265625001 0.9119270828125 0.5134259265625001
3 0.9119270828125 0.6498148140625 0.9119270828125 0.5456481484375 0.8138541671875 0.5456481484375 0.8138541671875 0.6498148140625 0.9119270828125 0.6498148140625
3 0.9961458328124999 0.5001851859374999 0.9961458328124999 0.47361111093749997 0.9449479171874999 0.47361111093749997 0.9449479171874999 0.5001851859374999 0.9961458328124999 0.5001851859374999
3 0.9961458328124999 0.4774074078125 0.9961458328124999 0.43953703749999995 0.9481770828125 0.43953703749999995 0.9481770828125 0.4774074078125 0.9961458328124999 0.4774074078125
3 0.9449479171874999 0.46981481406250003 0.9449479171874999 0.43953703749999995 0.9129687499999999 0.43953703749999995 0.9129687499999999 0.46981481406250003 0.9449479171874999 0.46981481406250003
3 0.9940104171874999 0.6289814812500001 0.9940104171874999 0.5740740734374999 0.9247395828125 0.5740740734374999 0.9247395828125 0.6289814812500001 0.9940104171874999 0.6289814812500001
3 0.8309374999999999 0.5608333328125 0.8309374999999999 0.5304629624999999 0.7819270828125 0.5304629624999999 0.7819270828125 0.5608333328125 0.8309374999999999 0.5608333328125
3 0.8223958328125001 0.5911111109375 0.8223958328125001 0.5550925921875 0.7786979171875 0.5550925921875 0.7786979171875 0.5911111109375 0.8223958328125001 0.5911111109375
3 0.8170833328124999 0.6213888890625 0.8170833328124999 0.5873148140625 0.7808333328125 0.5873148140625 0.7808333328125 0.6213888890625 0.8170833328124999 0.6213888890625
3 0.7904166671875 0.6195370375 0.7904166671875 0.579722221875 0.7616666671875 0.579722221875 0.7616666671875 0.6195370375 0.7904166671875 0.6195370375
3 0.7755208328125 0.606296296875 0.7755208328125 0.5683333328125 0.7509895828125 0.5683333328125 0.7509895828125 0.606296296875 0.7755208328125 0.606296296875
3 0.75953125 0.5911111109375 0.75953125 0.5645370375 0.73609375 0.5645370375 0.73609375 0.5911111109375 0.75953125 0.5911111109375
3 0.8469270828125 0.5134259265625001 0.8469270828125 0.4774074078125 0.8128125 0.4774074078125 0.8128125 0.5134259265625001 0.8469270828125 0.5134259265625001
3 0.8330729171875 0.5134259265625001 0.8330729171875 0.47361111093749997 0.8 0.47361111093749997 0.8 0.5134259265625001 0.8330729171875 0.5134259265625001
3 0.8341145828125001 0.47935185156250004 0.8341145828125001 0.44138888906249996 0.77015625 0.44138888906249996 0.77015625 0.47935185156250004 0.8341145828125001 0.47935185156250004
3 0.8 0.5020370375 0.8 0.47361111093749997 0.77125 0.47361111093749997 0.77125 0.5020370375 0.8 0.5020370375
3 0.7797916671875 0.5020370375 0.7797916671875 0.46981481406250003 0.7573958328125 0.46981481406250003 0.7573958328125 0.5020370375 0.7797916671875 0.5020370375
3 0.7786979171875 0.471759259375 0.7786979171875 0.43953703749999995 0.7211458328125 0.43953703749999995 0.7211458328125 0.471759259375 0.7786979171875 0.471759259375
3 0.7605729171875 0.49259259218749996 0.7605729171875 0.46981481406250003 0.7275520828125 0.46981481406250003 0.7275520828125 0.49259259218749996 0.7605729171875 0.49259259218749996
3 0.7478125 0.5418518515625 0.7478125 0.5134259265625001 0.7115625 0.5134259265625001 0.7115625 0.5418518515625 0.7478125 0.5418518515625
3 0.74671875 0.5588888890625 0.74671875 0.5475 0.7072916671875 0.5475 0.7072916671875 0.5588888890625 0.74671875 0.5588888890625
3 0.7243229171875 0.5778703703125 0.7243229171875 0.5550925921875 0.7115625 0.5550925921875 0.7115625 0.5778703703125 0.7243229171875 0.5778703703125
3 0.71046875 0.570277778125 0.71046875 0.53805555625 0.69984375 0.53805555625 0.69984375 0.570277778125 0.71046875 0.570277778125
3 0.3939583328125 0.6441666671874999 0.3939583328125 0.606296296875 0.36942708281250003 0.606296296875 0.36942708281250003 0.6441666671874999 0.3939583328125 0.6441666671874999
3 0.40354166718749995 0.60055555625 0.40354166718749995 0.5645370375 0.3672916671875 0.5645370375 0.3672916671875 0.60055555625 0.40354166718749995 0.60055555625
3 0.3523958328125 0.3675 0.3523958328125 0.33342592656250003 0.28312499999999996 0.33342592656250003 0.28312499999999996 0.3675 0.3523958328125 0.3675
1 0.6446354171875 0.3698148140625 0.6446354171875 0.3478703703125 0.6331770828125001 0.3478703703125 0.6331770828125001 0.3698148140625 0.6446354171875 0.3698148140625
1 0.6469270828125 0.2526851859375 0.6469270828125 0.2299074078125 0.63546875 0.2299074078125 0.63546875 0.2526851859375 0.6469270828125 0.2526851859375
3 0.7203645828125 0.468796296875 0.7203645828125 0.4434259265625 0.7029687499999999 0.4434259265625 0.7029687499999999 0.468796296875 0.7203645828125 0.468796296875
3 0.7235416671875 0.48990740781250003 0.7235416671875 0.468796296875 0.7029687499999999 0.468796296875 0.7029687499999999 0.48990740781250003 0.7235416671875 0.48990740781250003
3 0.7265625 0.2681481484375 0.7265625 0.23805555625000002 0.688125 0.23805555625000002 0.688125 0.2681481484375 0.7265625 0.2681481484375
3 0.7265625 0.28925925937499997 0.7265625 0.2681481484375 0.6903645828125 0.2681481484375 0.6903645828125 0.28925925937499997 0.7265625 0.28925925937499997
3 0.428125 0.51305555625 0.428125 0.570740740625 0.44005208281249997 0.570740740625 0.44005208281249997 0.51305555625 0.428125 0.51305555625
3 0.4103125 0.564259259375 0.4103125 0.5911111109375 0.4267708328125 0.5911111109375 0.4267708328125 0.564259259375 0.4103125 0.564259259375
3 0.39015625 0.5822222218750001 0.39015625 0.6098148140624999 0.41624999999999995 0.6098148140624999 0.41624999999999995 0.5822222218750001 0.39015625 0.5822222218750001