1 0.66578125 0.875 0.66578125 0.7447916671875 0.48515625 0.7447916671875 0.48515625 0.875 0.66578125 0.875
1 0.7684375 0.8 0.7684375 0.7052083328125 0.66078125 0.7052083328125 0.66078125 0.8 0.7684375 0.8
1 0.80203125 0.07625 0.80203125 0.18687499999999999 0.8740625 0.18687499999999999 0.8740625 0.07625 0.80203125 0.07625
1 0.87109375 0.15 0.87109375 0.260625 0.9243750000000001 0.260625 0.9243750000000001 0.15 0.87109375 0.15
1 0.9204687500000001 0.210625 0.9204687500000001 0.3079166671875 0.9607812499999999 0.3079166671875 0.9607812499999999 0.210625 0.9204687500000001 0.210625
4 0.8643750000000001 0.7558333328125 0.8643750000000001 0.37374999999999997 0.7106250000000001 0.37374999999999997 0.7106250000000001 0.7558333328125 0.8643750000000001 0.7558333328125
4 0.9115624999999999 0.7314583328125 0.9115624999999999 0.41479166718749994 0.8393750000000001 0.41479166718749994 0.8393750000000001 0.7314583328125 0.9115624999999999 0.7314583328125
4 0.95671875 0.7095833328125 0.95671875 0.4454166671875 0.8884375 0.4454166671875 0.8884375 0.7095833328125 0.95671875 0.7095833328125
4 0.9884375000000001 0.701875 0.9884375000000001 0.4635416671875 0.93359375 0.4635416671875 0.93359375 0.701875 0.9884375000000001 0.701875
4 0.9990625 0.696875 0.9990625 0.47750000000000004 0.98265625 0.47750000000000004 0.98265625 0.696875 0.9990625 0.696875
3 0.72890625 0.5027083328125 0.72890625 0.32375 0.6431250000000001 0.32375 0.6431250000000001 0.5027083328125 0.72890625 0.5027083328125
3 0.5823437499999999 0.00020833281250000002 0.5823437499999999 0.183125 0.67453125 0.183125 0.67453125 0.00020833281250000002 0.5823437499999999 0.00020833281250000002
3 0.8331250000000001 0.3289583328125 0.8331250000000001 0.1710416671875 0.7264062499999999 0.1710416671875 0.7264062499999999 0.3289583328125 0.8331250000000001 0.3289583328125
3 0.8556250000000001 0.3525 0.8556250000000001 0.21354166718749998 0.8259375 0.21354166718749998 0.8259375 0.3525 0.8556250000000001 0.3525
3 0.8934374999999999 0.36666666718749996 0.8934374999999999 0.2752083328125 0.86625 0.2752083328125 0.86625 0.36666666718749996 0.8934374999999999 0.36666666718749996
3 0.9146875 0.3983333328125 0.9146875 0.2814583328125 0.8921875 0.2814583328125 0.8921875 0.3983333328125 0.9146875 0.3983333328125
3 0.9337500000000001 0.3966666671875 0.9337500000000001 0.3083333328125 0.9112500000000001 0.3083333328125 0.9112500000000001 0.3966666671875 0.9337500000000001 0.3966666671875
3 0.95390625 0.4172916671875 0.95390625 0.3272916671875 0.9337500000000001 0.3272916671875 0.9337500000000001 0.4172916671875 0.95390625 0.4172916671875
3 0.78 0.278125 0.78 0.1964583328125 0.698125 0.1964583328125 0.698125 0.278125 0.78 0.278125
1 0.5078125 0.44395833281249997 0.5078125 0.5560416671875 0.6971875 0.5560416671875 0.6971875 0.44395833281249997 0.5078125 0.44395833281249997