1 0.84640625 0.21291666718750002 0.84640625 0.1766666671875 0.80015625 0.1766666671875 0.80015625 0.21291666718750002 0.84640625 0.21291666718750002
1 1 0.130625 0.98078125 0.130625 0.98078125 0.1677083328125 1 0.1677083328125 1 0.130625
1 0.80015625 0.2195833328125 0.80015625 0.191875 0.76859375 0.191875 0.76859375 0.2195833328125 0.80015625 0.2195833328125
1 0.7670312499999999 0.22749999999999998 0.7670312499999999 0.2022916671875 0.7415625 0.2022916671875 0.7415625 0.22749999999999998 0.7670312499999999 0.22749999999999998
1 0.74 0.230625 0.74 0.2066666671875 0.71484375 0.2066666671875 0.71484375 0.230625 0.74 0.230625
1 0.71484375 0.2379166671875 0.71484375 0.21437499999999998 0.6967187499999999 0.21437499999999998 0.6967187499999999 0.2379166671875 0.71484375 0.2379166671875
1 0.6967187499999999 0.2422916671875 0.6967187499999999 0.22541666718750003 0.6834374999999999 0.22541666718750003 0.6834374999999999 0.2422916671875 0.6967187499999999 0.2422916671875
1 0.68265625 0.2475 0.68265625 0.2322916671875 0.6715625000000001 0.2322916671875 0.6715625000000001 0.2475 0.68265625 0.2475
1 0.74671875 0.1160416671875 0.74671875 0.081875 0.72546875 0.081875 0.72546875 0.1160416671875 0.74671875 0.1160416671875
1 0.723125 0.13104166718750002 0.723125 0.104375 0.70390625 0.104375 0.70390625 0.13104166718750002 0.723125 0.13104166718750002
1 0.686875 0.1552083328125 0.686875 0.1395833328125 0.6782812500000001 0.1395833328125 0.6782812500000001 0.1552083328125 0.686875 0.1552083328125
1 0.6771874999999999 0.1652083328125 0.6771874999999999 0.14791666718750002 0.6676562500000001 0.14791666718750002 0.6676562500000001 0.1652083328125 0.6771874999999999 0.1652083328125
1 0.666875 0.1745833328125 0.666875 0.16 0.65671875 0.16 0.65671875 0.1745833328125 0.666875 0.1745833328125
1 0.30062500000000003 0 0.30062500000000003 0.0727083328125 0.3440625 0.0727083328125 0.3440625 0 0.30062500000000003 0
1 0.37609375 0.10916666718750001 0.37609375 0.0439583328125 0.34453125 0.0439583328125 0.34453125 0.10916666718750001 0.37609375 0.10916666718750001
1 0.39171875 0.1325 0.39171875 0.0835416671875 0.375625 0.0835416671875 0.375625 0.1325 0.39171875 0.1325
1 0.41531250000000003 0.1583333328125 0.41531250000000003 0.113125 0.39171875 0.113125 0.39171875 0.1583333328125 0.41531250000000003 0.1583333328125
1 0.4359375 0.1483333328125 0.4359375 0.121875 0.42281250000000004 0.121875 0.42281250000000004 0.1483333328125 0.4359375 0.1483333328125
3 0.96578125 0.5170833328125 0.96578125 0.46312499999999995 0.9282812500000001 0.46312499999999995 0.9282812500000001 0.5170833328125 0.96578125 0.5170833328125
3 0.99828125 0.525 0.99828125 0.47625 0.9628125000000001 0.47625 0.9628125000000001 0.525 0.99828125 0.525
3 0.9598437499999999 0.5539583328125001 0.9598437499999999 0.5027083328125 0.9282812500000001 0.5027083328125 0.9282812500000001 0.5539583328125001 0.9598437499999999 0.5539583328125001
3 0.99546875 0.5697916671875001 0.99546875 0.5131249999999999 0.95796875 0.5131249999999999 0.95796875 0.5697916671875001 0.99546875 0.5697916671875001
3 0.994375 0.6079166671875 0.994375 0.5552083328124999 0.95 0.5552083328124999 0.95 0.6079166671875 0.994375 0.6079166671875
3 0.9607812499999999 0.5856250000000001 0.9607812499999999 0.535625 0.9232812499999999 0.535625 0.9232812499999999 0.5856250000000001 0.9607812499999999 0.5856250000000001
3 0.93515625 0.564375 0.93515625 0.5091666671875 0.8848437499999999 0.5091666671875 0.8848437499999999 0.564375 0.93515625 0.564375
3 0.90359375 0.535625 0.90359375 0.4933333328125 0.8690625000000001 0.4933333328125 0.8690625000000001 0.535625 0.90359375 0.535625
3 0.8740625 0.510625 0.8740625 0.46187500000000004 0.8285937499999999 0.46187500000000004 0.8285937499999999 0.510625 0.8740625 0.510625
3 0.89578125 0.41187500000000005 0.89578125 0.36062500000000003 0.8324999999999999 0.36062500000000003 0.8324999999999999 0.41187500000000005 0.89578125 0.41187500000000005
3 0.905625 0.3802083328125 0.905625 0.3341666671875 0.8324999999999999 0.3341666671875 0.8324999999999999 0.3802083328125 0.905625 0.3802083328125
3 0.99734375 0.4027083328125 0.99734375 0.3539583328125 0.9154687499999999 0.3539583328125 0.9154687499999999 0.4027083328125 0.99734375 0.4027083328125
3 0.9746874999999999 0.44333333281250004 0.9746874999999999 0.388125 0.9184374999999999 0.388125 0.9184374999999999 0.44333333281250004 0.9746874999999999 0.44333333281250004
3 0.99828125 0.460625 0.99828125 0.4091666671875 0.9746874999999999 0.4091666671875 0.9746874999999999 0.460625 0.99828125 0.460625
3 0.9243750000000001 0.425 0.9243750000000001 0.38166666718750003 0.8917187500000001 0.38166666718750003 0.8917187500000001 0.425 0.9243750000000001 0.425
3 0.87015625 0.3883333328125 0.87015625 0.3179166671875 0.8057812500000001 0.3179166671875 0.8057812500000001 0.3883333328125 0.87015625 0.3883333328125
3 0.8215625 0.36 0.8215625 0.3252083328125 0.78859375 0.3252083328125 0.78859375 0.36 0.8215625 0.36
3 0.81875 0.3872916671875 0.81875 0.35625 0.79 0.35625 0.79 0.3872916671875 0.81875 0.3872916671875
3 0.82421875 0.456875 0.82421875 0.41208333281250004 0.78859375 0.41208333281250004 0.78859375 0.456875 0.82421875 0.456875
3 0.8270312499999999 0.48875 0.8270312499999999 0.45499999999999996 0.80234375 0.45499999999999996 0.80234375 0.48875 0.8270312499999999 0.48875
3 0.80984375 0.4841666671875 0.80984375 0.45041666718749995 0.78171875 0.45041666718749995 0.78171875 0.4841666671875 0.80984375 0.4841666671875
3 0.7954687500000001 0.47145833281250005 0.7954687500000001 0.44125 0.776875 0.44125 0.776875 0.47145833281250005 0.7954687500000001 0.47145833281250005
3 0.7892187500000001 0.38375 0.7892187500000001 0.3470833328125 0.7584375 0.3470833328125 0.7584375 0.38375 0.7892187500000001 0.38375
3 0.26749999999999996 0.4441666671875 0.26749999999999996 0.37687499999999996 0.14015625 0.37687499999999996 0.14015625 0.4441666671875 0.26749999999999996 0.4441666671875
3 0.15234375 0.5258333328125 0.15234375 0.40520833281249996 0.0021874999999999998 0.40520833281249996 0.0021874999999999998 0.5258333328125 0.15234375 0.5258333328125
3 0.1540625 0.5939583328125 0.1540625 0.4847916671875 0.010781250000000001 0.4847916671875 0.010781250000000001 0.5939583328125 0.1540625 0.5939583328125
3 0.05515625 0.666875 0.05515625 0.5349999999999999 0.0021874999999999998 0.5349999999999999 0.0021874999999999998 0.666875 0.05515625 0.666875
3 0.19828125000000002 0.5577083328125 0.19828125000000002 0.4620833328125 0.125 0.4620833328125 0.125 0.5577083328125 0.19828125000000002 0.5577083328125
3 0.23078125 0.5349999999999999 0.23078125 0.4325 0.150625 0.4325 0.150625 0.5349999999999999 0.23078125 0.5349999999999999
3 0.263125 0.4939583328125 0.263125 0.4258333328125 0.21375000000000002 0.4258333328125 0.21375000000000002 0.4939583328125 0.263125 0.4939583328125
3 0.1284375 0.3439583328125 0.1284375 0.24395833281249998 0.0021874999999999998 0.24395833281249998 0.0021874999999999998 0.3439583328125 0.1284375 0.3439583328125
3 0.014218749999999999 0.1575 0.014218749999999999 0.2529166671875 0.13703125 0.2529166671875 0.13703125 0.1575 0.014218749999999999 0.1575
3 0.0043749999999999995 0.003125 0.0043749999999999995 0.05625 0.08390625 0.05625 0.08390625 0.003125 0.0043749999999999995 0.003125
3 0.179375 0.31625000000000003 0.179375 0.265625 0.10953125 0.265625 0.10953125 0.31625000000000003 0.179375 0.31625000000000003
3 0.3275 0.44875 0.3275 0.38395833281249997 0.2634375 0.38395833281249997 0.2634375 0.44875 0.3275 0.44875
3 0.36421875 0.4204166671875 0.36421875 0.3745833328125 0.3203125 0.3745833328125 0.3203125 0.4204166671875 0.36421875 0.4204166671875
3 0.45171875000000006 0.3983333328125 0.45171875000000006 0.34625 0.41265625000000006 0.34625 0.41265625000000006 0.3983333328125 0.45171875000000006 0.3983333328125
3 0.8390625 0.14875 0.8390625 0.125 0.77859375 0.125 0.77859375 0.14875 0.8390625 0.14875
3 0.82359375 0.1708333328125 0.82359375 0.145625 0.7821875 0.145625 0.7821875 0.1708333328125 0.82359375 0.1708333328125
3 0.809375 0.19624999999999998 0.809375 0.1677083328125 0.7809375000000001 0.1677083328125 0.7809375000000001 0.19624999999999998 0.809375 0.19624999999999998
3 0.2978125 0.3145833328125 0.2978125 0.2529166671875 0.21734375 0.2529166671875 0.21734375 0.3145833328125 0.2978125 0.3145833328125
3 0.32156250000000003 0.26729166718749997 0.32156250000000003 0.23395833281249998 0.2765625 0.23395833281249998 0.2765625 0.26729166718749997 0.32156250000000003 0.26729166718749997