1 1 0.1160416671875 0.94625 0.1160416671875 0.94625 0.16312500000000002 1 0.16312500000000002 1 0.1160416671875
1 0.9471875000000001 0.17875000000000002 0.9471875000000001 0.1383333328125 0.8778124999999999 0.1383333328125 0.8778124999999999 0.17875000000000002 0.9471875000000001 0.17875000000000002
1 0.8778124999999999 0.1891666671875 0.8778124999999999 0.14875 0.8153124999999999 0.14875 0.8153124999999999 0.1891666671875 0.8778124999999999 0.1891666671875
1 1 0.0366666671875 0.944375 0.0366666671875 0.944375 0.09 1 0.09 1 0.0366666671875
1 0.944375 0.1147916671875 0.944375 0.0691666671875 0.8787499999999999 0.0691666671875 0.8787499999999999 0.1147916671875 0.944375 0.1147916671875
1 0.81421875 0.2047916671875 0.81421875 0.1735416671875 0.77421875 0.1735416671875 0.77421875 0.2047916671875 0.81421875 0.2047916671875
1 0.77421875 0.2152083328125 0.77421875 0.1916666671875 0.7418750000000001 0.1916666671875 0.7418750000000001 0.2152083328125 0.77421875 0.2152083328125
1 0.7409375 0.224375 0.7409375 0.2008333328125 0.7175 0.2008333328125 0.7175 0.224375 0.7409375 0.224375
1 0.7145312500000001 0.2320833328125 0.7145312500000001 0.20875 0.69203125 0.20875 0.69203125 0.2320833328125 0.7145312500000001 0.2320833328125
1 0.3303125 0.074375 0.3303125 0.00020833281250000002 0.28250000000000003 0.00020833281250000002 0.28250000000000003 0.074375 0.3303125 0.074375
1 0.35281250000000003 0.103125 0.35281250000000003 0.048333332812500004 0.3275 0.048333332812500004 0.3275 0.103125 0.35281250000000003 0.103125
1 0.3753125 0.1291666671875 0.3753125 0.08625000000000001 0.34890625000000003 0.08625000000000001 0.34890625000000003 0.1291666671875 0.3753125 0.1291666671875
1 0.8204687500000001 0.0466666671875 0.8204687500000001 0.003125 0.78046875 0.003125 0.78046875 0.0466666671875 0.8204687500000001 0.0466666671875
1 0.7796875 0.06937499999999999 0.7796875 0.029166667187500002 0.7446875000000001 0.029166667187500002 0.7446875000000001 0.06937499999999999 0.7796875 0.06937499999999999
1 0.7234375 0.1129166671875 0.7234375 0.0791666671875 0.7006249999999999 0.0791666671875 0.7006249999999999 0.1129166671875 0.7234375 0.1129166671875
1 0.7006249999999999 0.1258333328125 0.7006249999999999 0.09875 0.6859375 0.09875 0.6859375 0.1258333328125 0.7006249999999999 0.1258333328125
1 0.684375 0.1377083328125 0.684375 0.1160416671875 0.67140625 0.1160416671875 0.67140625 0.1377083328125 0.684375 0.1377083328125
1 0.6925 0.2366666671875 0.6925 0.2214583328125 0.67625 0.2214583328125 0.67625 0.2366666671875 0.6925 0.2366666671875
3 0.9550000000000001 0.44729166718749996 0.9550000000000001 0.38687499999999997 0.8996875 0.38687499999999997 0.8996875 0.44729166718749996 0.9550000000000001 0.44729166718749996
3 0.9875 0.460625 0.9875 0.3920833328125 0.9509375 0.3920833328125 0.9509375 0.460625 0.9875 0.460625
3 0.999375 0.4 0.999375 0.3710416671875 0.98953125 0.3710416671875 0.98953125 0.4 0.999375 0.4
3 0.99828125 0.436875 0.99828125 0.40395833281250004 0.9884375000000001 0.40395833281250004 0.9884375000000001 0.436875 0.99828125 0.436875
3 0.999375 0.7420833328125 0.999375 0.5552083328124999 0.89375 0.5552083328124999 0.89375 0.7420833328125 0.999375 0.7420833328125
3 0.9589062500000001 0.5722916671875 0.9589062500000001 0.4777083328125 0.8809374999999999 0.4777083328125 0.8809374999999999 0.5722916671875 0.9589062500000001 0.5722916671875
3 0.89875 0.5472916671875 0.89875 0.42895833281250006 0.8267187500000001 0.42895833281250006 0.8267187500000001 0.5472916671875 0.89875 0.5472916671875
3 0.89375 0.41979166718750005 0.89375 0.36312500000000003 0.811875 0.36312500000000003 0.811875 0.41979166718750005 0.89375 0.41979166718750005
3 0.8375 0.46312499999999995 0.8375 0.436875 0.805 0.436875 0.805 0.46312499999999995 0.8375 0.46312499999999995
3 0.8315625000000001 0.48562500000000003 0.8315625000000001 0.460625 0.80296875 0.460625 0.80296875 0.48562500000000003 0.8315625000000001 0.48562500000000003
3 0.8425 0.5158333328125 0.8425 0.4777083328125 0.80203125 0.4777083328125 0.80203125 0.5158333328125 0.8425 0.5158333328125
3 0.12890625 0.535625 0.12890625 0.4658333328125 0.038125 0.4658333328125 0.038125 0.535625 0.12890625 0.535625
3 0.02734375 0.6079166671875 0.02734375 0.5027083328125 0.0026562499999999998 0.5027083328125 0.0026562499999999998 0.6079166671875 0.02734375 0.6079166671875
3 0.174375 0.46187500000000004 0.174375 0.3933333328125 0.08249999999999999 0.3933333328125 0.08249999999999999 0.46187500000000004 0.174375 0.46187500000000004
3 0.21078125 0.49083333281249997 0.21078125 0.438125 0.15859375 0.438125 0.15859375 0.49083333281249997 0.21078125 0.49083333281249997
3 0.244375 0.46708333281250003 0.244375 0.4027083328125 0.174375 0.4027083328125 0.174375 0.46708333281250003 0.244375 0.46708333281250003
3 0.22859375 0.29874999999999996 0.22859375 0.1408333328125 0.06671875000000001 0.1408333328125 0.06671875000000001 0.29874999999999996 0.22859375 0.29874999999999996
3 0.18031250000000001 0.3027083328125 0.18031250000000001 0.225 0.1003125 0.225 0.1003125 0.3027083328125 0.18031250000000001 0.3027083328125
3 0.10328124999999999 0.30520833281250004 0.10328124999999999 0.23937499999999998 0.026250000000000002 0.23937499999999998 0.026250000000000002 0.30520833281250004 0.10328124999999999 0.30520833281250004
3 0.029218749999999998 0.3183333328125 0.029218749999999998 0.23937499999999998 0.0017187500000000002 0.23937499999999998 0.0017187500000000002 0.3183333328125 0.029218749999999998 0.3183333328125
3 0.25625 0.3079166671875 0.25625 0.23937499999999998 0.20296875 0.23937499999999998 0.20296875 0.3079166671875 0.25625 0.3079166671875
3 0.28390624999999997 0.3170833328125 0.28390624999999997 0.260625 0.24734375000000003 0.260625 0.24734375000000003 0.3170833328125 0.28390624999999997 0.3170833328125
3 0.32328125 0.3079166671875 0.32328125 0.263125 0.27296875 0.263125 0.27296875 0.3079166671875 0.32328125 0.3079166671875
3 0.34015625 0.27229166718750003 0.34015625 0.23562500000000003 0.27203125 0.23562500000000003 0.27203125 0.27229166718750003 0.34015625 0.27229166718750003
3 0.34015625 0.3079166671875 0.34015625 0.27229166718750003 0.3134375 0.27229166718750003 0.3134375 0.3079166671875 0.34015625 0.3079166671875
3 0.3559375 0.311875 0.3559375 0.23020833281250003 0.33421875 0.23020833281250003 0.33421875 0.311875 0.3559375 0.311875
3 0.27 0.45520833281249995 0.27 0.4170833328125 0.2325 0.4170833328125 0.2325 0.45520833281249995 0.27 0.45520833281249995
3 0.28390624999999997 0.4302083328125 0.28390624999999997 0.3933333328125 0.24140625 0.3933333328125 0.24140625 0.4302083328125 0.28390624999999997 0.4302083328125
3 0.3175 0.42895833281250006 0.3175 0.3710416671875 0.24828125 0.3710416671875 0.24828125 0.42895833281250006 0.3175 0.42895833281250006
3 0.33515625 0.364375 0.33515625 0.3341666671875 0.28578125 0.3341666671875 0.28578125 0.364375 0.33515625 0.364375
3 0.32046874999999997 0.4066666671875 0.32046874999999997 0.375 0.31046874999999996 0.375 0.31046874999999996 0.4066666671875 0.32046874999999997 0.4066666671875
3 0.33328125000000003 0.4183333328125 0.33328125000000003 0.375 0.3125 0.375 0.3125 0.4183333328125 0.33328125000000003 0.4183333328125
3 0.34796875 0.39729166718750003 0.34796875 0.36062500000000003 0.33218749999999997 0.36062500000000003 0.33218749999999997 0.39729166718750003 0.34796875 0.39729166718750003
3 0.37078125 0.2789583328125 0.37078125 0.24874999999999997 0.3509375 0.24874999999999997 0.3509375 0.2789583328125 0.37078125 0.2789583328125
3 0.37078125 0.30125 0.37078125 0.2789583328125 0.34796875 0.2789583328125 0.34796875 0.30125 0.37078125 0.30125
3 0.37859375 0.38166666718750003 0.37859375 0.35 0.36078125 0.35 0.36078125 0.38166666718750003 0.37859375 0.38166666718750003
3 0.7575000000000001 0.1697916671875 0.7575000000000001 0.1447916671875 0.73 0.1447916671875 0.73 0.1697916671875 0.7575000000000001 0.1697916671875
3 0.8800000000000001 0.09875 0.8800000000000001 0.07625 0.84046875 0.07625 0.84046875 0.09875 0.8800000000000001 0.09875
3 0.881875 0.1158333328125 0.881875 0.09875 0.83953125 0.09875 0.83953125 0.1158333328125 0.881875 0.1158333328125
3 0.8839062500000001 0.1341666671875 0.8839062500000001 0.114375 0.8425 0.114375 0.8425 0.1341666671875 0.8839062500000001 0.1341666671875
3 0.8839062500000001 0.161875 0.8839062500000001 0.1341666671875 0.8365625 0.1341666671875 0.8365625 0.161875 0.8839062500000001 0.161875
3 0.84640625 0.1027083328125 0.84640625 0.0816666671875 0.81671875 0.0816666671875 0.81671875 0.1027083328125 0.84640625 0.1027083328125
3 0.844375 0.1183333328125 0.844375 0.1027083328125 0.8217187499999999 0.1027083328125 0.8217187499999999 0.1183333328125 0.844375 0.1183333328125
3 0.84734375 0.1341666671875 0.84734375 0.1197916671875 0.8207812499999999 0.1197916671875 0.8207812499999999 0.1341666671875 0.84734375 0.1341666671875
3 0.84734375 0.160625 0.84734375 0.138125 0.81671875 0.138125 0.81671875 0.160625 0.84734375 0.160625
3 0.795 0.36062500000000003 0.795 0.3289583328125 0.7693749999999999 0.3289583328125 0.7693749999999999 0.36062500000000003 0.795 0.36062500000000003
3 0.7940625 0.3777083328125 0.7940625 0.36062500000000003 0.77046875 0.36062500000000003 0.77046875 0.3777083328125 0.7940625 0.3777083328125
3 0.77734375 0.3447916671875 0.77734375 0.3289583328125 0.75859375 0.3289583328125 0.75859375 0.3447916671875 0.77734375 0.3447916671875
3 0.77234375 0.37625000000000003 0.77234375 0.364375 0.76046875 0.364375 0.76046875 0.37625000000000003 0.77234375 0.37625000000000003
3 0.7675 0.3710416671875 0.7675 0.35270833281249997 0.74875 0.35270833281249997 0.74875 0.3710416671875 0.7675 0.3710416671875
3 0.77046875 0.3447916671875 0.77046875 0.325 0.75171875 0.325 0.75171875 0.3447916671875 0.77046875 0.3447916671875
3 0.7535937500000001 0.339375 0.7535937500000001 0.3277083328125 0.7368750000000001 0.3277083328125 0.7368750000000001 0.339375 0.7535937500000001 0.339375
3 0.75265625 0.36583333281249997 0.75265625 0.34729166718750004 0.73390625 0.34729166718750004 0.73390625 0.36583333281249997 0.75265625 0.36583333281249997
3 0.73984375 0.36312500000000003 0.73984375 0.3408333328125 0.7229687499999999 0.3408333328125 0.7229687499999999 0.36312500000000003 0.73984375 0.36312500000000003
3 0.72890625 0.36062500000000003 0.72890625 0.339375 0.7121875 0.339375 0.7121875 0.36062500000000003 0.72890625 0.36062500000000003
3 0.7457812500000001 0.43937499999999996 0.7457812500000001 0.41187500000000005 0.718125 0.41187500000000005 0.718125 0.43937499999999996 0.7457812500000001 0.43937499999999996
3 0.78625 0.47104166718749996 0.78625 0.4329166671875 0.7446875000000001 0.4329166671875 0.7446875000000001 0.47104166718749996 0.78625 0.47104166718749996