1 0.2634375 0.0058333328125 0.2634375 0.10958333281249999 0.48265624999999995 0.10958333281249999 0.48265624999999995 0.0058333328125 0.2634375 0.0058333328125
1 0.37890625 0.0685416671875 0.37890625 0.146875 0.573125 0.146875 0.573125 0.0685416671875 0.37890625 0.0685416671875
1 0.45859375 0.1185416671875 0.45859375 0.1929166671875 0.626875 0.1929166671875 0.626875 0.1185416671875 0.45859375 0.1185416671875
1 0.52015625 0.17541666718749999 0.52015625 0.2314583328125 0.67640625 0.2314583328125 0.67640625 0.17541666718749999 0.52015625 0.17541666718749999
1 0.585 0.21812499999999999 0.585 0.26 0.70046875 0.26 0.70046875 0.21812499999999999 0.585 0.21812499999999999
1 0.6284375 0.24937499999999999 0.6284375 0.2752083328125 0.7159375 0.2752083328125 0.7159375 0.24937499999999999 0.6284375 0.24937499999999999
1 0.68046875 0.26625 0.68046875 0.2841666671875 0.7259375 0.2841666671875 0.7259375 0.26625 0.68046875 0.26625
1 0.5689062500000001 0.035625000000000004 0.5689062500000001 0.1077083328125 0.6865625 0.1077083328125 0.6865625 0.035625000000000004 0.5689062500000001 0.035625000000000004
1 0.983125 0.2610416671875 0.983125 0.2975 0.99921875 0.2975 0.99921875 0.2610416671875 0.983125 0.2610416671875
1 0.98703125 0.3114583328125 0.98703125 0.2804166671875 0.9696875 0.2804166671875 0.9696875 0.3114583328125 0.98703125 0.3114583328125
1 0.97359375 0.3183333328125 0.97359375 0.28791666718750003 0.9603125 0.28791666718750003 0.9603125 0.3183333328125 0.97359375 0.3183333328125
1 0.9625 0.32937500000000003 0.9625 0.30041666718750004 0.9453125 0.30041666718750004 0.9453125 0.32937500000000003 0.9625 0.32937500000000003
1 0.5079687500000001 0.0033333328125 0.5079687500000001 0.043125000000000004 0.64546875 0.043125000000000004 0.64546875 0.0033333328125 0.5079687500000001 0.0033333328125
2 0.8634375000000001 0.42874999999999996 0.8634375000000001 0.353125 0.82984375 0.353125 0.82984375 0.42874999999999996 0.8634375000000001 0.42874999999999996
2 0.7903125 0.3416666671875 0.7903125 0.40708333281250003 0.8134375 0.40708333281250003 0.8134375 0.3416666671875 0.7903125 0.3416666671875
3 0.51484375 0.3170833328125 0.51484375 0.27625 0.41312499999999996 0.27625 0.41312499999999996 0.3170833328125 0.51484375 0.3170833328125
3 0.51484375 0.335625 0.51484375 0.3170833328125 0.41125 0.3170833328125 0.41125 0.335625 0.51484375 0.335625
3 0.43728693124999996 0.3433901515625 0.43032812500000006 0.338125 0.42965909062499996 0.340757575 0.42203125 0.338125 0.42203125 0.36583333281249997 0.45521874999999995 0.36583333281249997 0.46046875 0.3670833328125 0.46046875 0.39875 0.5059375 0.39875 0.5059375 0.3670833328125 0.498309659375 0.36445075781249997 0.505 0.3519791671875 0.505 0.338125 0.44692187499999997 0.338125 0.44491477343749997 0.3460227265625 0.43862500000000004 0.338125 0.43728693124999996 0.3433901515625
3 0.4496875 0.3697916671875 0.4496875 0.335625 0.41421875 0.335625 0.41421875 0.3697916671875 0.4496875 0.3697916671875
3 0.44578125 0.3920833328125 0.44578125 0.3697916671875 0.41421875 0.3697916671875 0.41421875 0.3920833328125 0.44578125 0.3920833328125
3 0.5553125 0.39729166718750003 0.5553125 0.2841666671875 0.5128125 0.2841666671875 0.5128125 0.39729166718750003 0.5553125 0.39729166718750003
3 0.54140625 0.5710416671874999 0.54140625 0.42625 0.40828125000000004 0.42625 0.40828125000000004 0.5710416671874999 0.54140625 0.5710416671874999
3 0.37671875 0.4170833328125 0.37671875 0.3539583328125 0.26015625 0.3539583328125 0.26015625 0.4170833328125 0.37671875 0.4170833328125
3 0.27890625 0.44333333281250004 0.27890625 0.3302083328125 0.04609375 0.3302083328125 0.04609375 0.44333333281250004 0.27890625 0.44333333281250004
3 0.10828125 0.4447916671875 0.10828125 0.36062500000000003 0.0017187500000000002 0.36062500000000003 0.0017187500000000002 0.4447916671875 0.10828125 0.4447916671875
3 0.08453125 0.6433333328125 0.08453125 0.536875 0.000625 0.536875 0.000625 0.6433333328125 0.08453125 0.6433333328125
3 0.113125 0.785625 0.113125 0.635625 0.000625 0.635625 0.000625 0.785625 0.113125 0.785625
3 0.40828125000000004 0.6170833328125 0.40828125000000004 0.5302083328125 0.2246875 0.5302083328125 0.2246875 0.6170833328125 0.40828125000000004 0.6170833328125
3 0.6056250000000001 0.5237499999999999 0.6056250000000001 0.4683333328125 0.55625 0.4683333328125 0.55625 0.5237499999999999 0.6056250000000001 0.5237499999999999
3 0.5857812499999999 0.40520833281249996 0.5857812499999999 0.36833333281249997 0.5454687500000001 0.36833333281249997 0.5454687500000001 0.40520833281249996 0.5857812499999999 0.40520833281249996
3 0.61453125 0.410625 0.61453125 0.3697916671875 0.568125 0.3697916671875 0.568125 0.410625 0.61453125 0.410625
3 0.6292187499999999 0.4027083328125 0.6292187499999999 0.375 0.59875 0.375 0.59875 0.4027083328125 0.6292187499999999 0.4027083328125
3 0.6470312500000001 0.4027083328125 0.6470312500000001 0.36062500000000003 0.6115625 0.36062500000000003 0.6115625 0.4027083328125 0.6470312500000001 0.4027083328125
3 0.661875 0.40125 0.661875 0.31437499999999996 0.57890625 0.31437499999999996 0.57890625 0.40125 0.661875 0.40125
3 0.6746875 0.3947916671875 0.6746875 0.36833333281249997 0.661875 0.36833333281249997 0.661875 0.3947916671875 0.6746875 0.3947916671875
3 0.6490625 0.475 0.6490625 0.4420833328125 0.59765625 0.4420833328125 0.59765625 0.475 0.6490625 0.475
3 0.6381249999999999 0.5066666671875 0.6381249999999999 0.475 0.59765625 0.475 0.59765625 0.5066666671875 0.6381249999999999 0.5066666671875
3 0.6598437500000001 0.4841666671875 0.6598437500000001 0.4658333328125 0.6431250000000001 0.4658333328125 0.6431250000000001 0.4841666671875 0.6598437500000001 0.4841666671875
3 0.67375 0.4777083328125 0.67375 0.4527083328125 0.6470312500000001 0.4527083328125 0.6470312500000001 0.4777083328125 0.67375 0.4777083328125
3 0.63671875 0.1320833328125 0.63671875 0.0916666671875 0.60546875 0.0916666671875 0.60546875 0.1320833328125 0.63671875 0.1320833328125
3 0.6392187500000001 0.17375000000000002 0.6392187500000001 0.1364583328125 0.61453125 0.1364583328125 0.61453125 0.17375000000000002 0.6392187500000001 0.17375000000000002
3 0.66296875 0.13104166718750002 0.66296875 0.1102083328125 0.6251562500000001 0.1102083328125 0.6251562500000001 0.13104166718750002 0.66296875 0.13104166718750002
3 0.6646875 0.1464583328125 0.6646875 0.13333333281249998 0.6359375 0.13333333281249998 0.6359375 0.1464583328125 0.6646875 0.1464583328125
3 0.6621875 0.1672916671875 0.6621875 0.1464583328125 0.63515625 0.1464583328125 0.63515625 0.1672916671875 0.6621875 0.1672916671875
3 0.66296875 0.1870833328125 0.66296875 0.1672916671875 0.6384375 0.1672916671875 0.6384375 0.1870833328125 0.66296875 0.1870833328125
3 0.69015625 0.4183333328125 0.69015625 0.384375 0.6596875 0.384375 0.6596875 0.4183333328125 0.69015625 0.4183333328125
3 0.70828125 0.40083333281250005 0.70828125 0.3854166671875 0.6810937499999999 0.3854166671875 0.6810937499999999 0.40083333281250005 0.70828125 0.40083333281250005
3 0.72390625 0.3975 0.72390625 0.36124999999999996 0.684375 0.36124999999999996 0.684375 0.3975 0.72390625 0.3975
3 0.718125 0.46770833281249996 0.718125 0.4183333328125 0.6671875 0.4183333328125 0.6671875 0.46770833281249996 0.718125 0.46770833281249996
3 0.70421875 0.47104166718749996 0.70421875 0.44895833281249997 0.6909375 0.44895833281249997 0.6909375 0.47104166718749996 0.70421875 0.47104166718749996