1 0.9596354171874999 0.4275925921875 0.9596354171874999 0.3381481484375 0.8796875 0.3381481484375 0.8796875 0.4275925921875 0.9596354171874999 0.4275925921875
1 0.8826562499999999 0.43814814843749994 0.8826562499999999 0.36583333281249997 0.7494270828125 0.36583333281249997 0.7494270828125 0.43814814843749994 0.8826562499999999 0.43814814843749994
1 0.8900520828125 0.9025925921875 0.8900520828125 0.7341666671875 0.76125 0.7341666671875 0.76125 0.9025925921875 0.8900520828125 0.9025925921875
1 0.9924479171874999 0.9911111109374999 0.9924479171874999 0.84601851875 0.8885937500000001 0.84601851875 0.8885937500000001 0.9911111109374999 0.9924479171874999 0.9911111109374999
1 0.2666145828125 0.9565740734375 0.2666145828125 0.7328703703125 0.0453125 0.7328703703125 0.0453125 0.9565740734375 0.2666145828125 0.9565740734375
1 0.3339583328125 0.7749074078125 0.3339583328125 0.636759259375 0.2540104171875 0.636759259375 0.2540104171875 0.7749074078125 0.3339583328125 0.7749074078125
1 0.37171875 0.686759259375 0.37171875 0.6038888890624999 0.32140625 0.6038888890624999 0.32140625 0.686759259375 0.37171875 0.686759259375
1 0.3919270828125 0.6234259265625 0.3919270828125 0.5828703703125 0.36666666718749996 0.5828703703125 0.36666666718749996 0.6234259265625 0.3919270828125 0.6234259265625
1 0.36109375 0.519259259375 0.36109375 0.5631481484374999 0.395625 0.5631481484374999 0.395625 0.519259259375 0.36109375 0.519259259375
1 0.40671875 0.6190740734375 0.40671875 0.5620370375 0.39010416718749996 0.5620370375 0.39010416718749996 0.6190740734375 0.40671875 0.6190740734375
1 0.43265624999999996 0.5718518515625 0.43265624999999996 0.535740740625 0.4018229171875 0.535740740625 0.4018229171875 0.5718518515625 0.43265624999999996 0.5718518515625
1 0.0015625 0.1149074078125 0.0015625 0.2759259265625 0.1116666671875 0.2759259265625 0.1116666671875 0.1149074078125 0.0015625 0.1149074078125
1 0.22890625 0.331203703125 0.22890625 0.1875 0.1098958328125 0.1875 0.1098958328125 0.331203703125 0.22890625 0.331203703125
1 0.3283854171875 0.3753703703125 0.3283854171875 0.30694444375 0.22770833281249997 0.30694444375 0.22770833281249997 0.3753703703125 0.3283854171875 0.3753703703125
1 0.3654166671875 0.39249999999999996 0.3654166671875 0.33194444375 0.3232291671875 0.33194444375 0.3232291671875 0.39249999999999996 0.3654166671875 0.39249999999999996
1 0.38536458281249997 0.40833333281249995 0.38536458281249997 0.35305555625 0.36390625 0.35305555625 0.36390625 0.40833333281249995 0.38536458281249997 0.40833333281249995
1 0.4142708328125 0.4201851859375 0.4142708328125 0.3846296296875 0.3876041671875 0.3846296296875 0.3876041671875 0.4201851859375 0.4142708328125 0.4201851859375
1 0.42718749999999994 0.4233333328125 0.42718749999999994 0.39796296249999996 0.4103645828125 0.39796296249999996 0.4103645828125 0.4233333328125 0.42718749999999994 0.4233333328125
1 0.43432291718749994 0.42592592656250006 0.43432291718749994 0.406203703125 0.4246875 0.406203703125 0.4246875 0.42592592656250006 0.43432291718749994 0.42592592656250006
1 0.3861458328125 0.19944444374999998 0.3861458328125 0.11898148125 0.3434895828125 0.11898148125 0.3434895828125 0.19944444374999998 0.3861458328125 0.19944444374999998
1 0.39796875 0.24240740781249998 0.39796875 0.1784259265625 0.3861458328125 0.1784259265625 0.3861458328125 0.24240740781249998 0.39796875 0.24240740781249998
1 0.41390625 0.2715740734375 0.41390625 0.2158333328125 0.39796875 0.2158333328125 0.39796875 0.2715740734375 0.41390625 0.2715740734375
1 0.42729166718749995 0.29814814843750004 0.42729166718749995 0.24787037031249998 0.41286458281250005 0.24787037031249998 0.41286458281250005 0.29814814843750004 0.42729166718749995 0.29814814843750004
1 0.7517708328125 0.45324074062499997 0.7517708328125 0.3790740734375 0.6940104171875 0.3790740734375 0.6940104171875 0.45324074062499997 0.7517708328125 0.45324074062499997
1 0.7135416671875 0.3790740734375 0.7135416671875 0.34750000000000003 0.6495833328125 0.34750000000000003 0.6495833328125 0.3790740734375 0.7135416671875 0.3790740734375
1 0.7002083328125 0.442222221875 0.7002083328125 0.39962962968750004 0.6531770828125001 0.39962962968750004 0.6531770828125001 0.442222221875 0.7002083328125 0.442222221875
1 0.7472916671875 0.6916666671875 0.7472916671875 0.6190740734375 0.6602604171875 0.6190740734375 0.6602604171875 0.6916666671875 0.7472916671875 0.6916666671875
1 0.7650520828125 0.762777778125 0.7650520828125 0.66805555625 0.7038020828125 0.66805555625 0.7038020828125 0.762777778125 0.7650520828125 0.762777778125
1 0.6538541671875 0.446759259375 0.6538541671875 0.4050925921875 0.6334895828125 0.4050925921875 0.6334895828125 0.446759259375 0.6538541671875 0.446759259375
1 0.6365624999999999 0.45 0.6365624999999999 0.40944444375 0.6125520828125001 0.40944444375 0.6125520828125001 0.45 0.6365624999999999 0.45
1 0.65015625 0.6145370375 0.65015625 0.57944444375 0.6100520828125 0.57944444375 0.6100520828125 0.6145370375 0.65015625 0.6145370375
1 0.6082291671875 0.5498148140625 0.6082291671875 0.525740740625 0.5822916671875 0.525740740625 0.5822916671875 0.5498148140625 0.6082291671875 0.5498148140625
1 0.64890625 0.2570370375 0.64890625 0.2099074078125 0.6291666671875 0.2099074078125 0.6291666671875 0.2570370375 0.64890625 0.2570370375
1 0.6859375 0.2526851859375 0.6859375 0.1934259265625 0.6575520828125 0.1934259265625 0.6575520828125 0.2526851859375 0.6859375 0.2526851859375
1 0.6310416671875 0.28555555625 0.6310416671875 0.236203703125 0.6174479171875 0.236203703125 0.6174479171875 0.28555555625 0.6310416671875 0.28555555625
1 0.6193229171875 0.298703703125 0.6193229171875 0.2526851859375 0.60390625 0.2526851859375 0.60390625 0.298703703125 0.6193229171875 0.298703703125
1 0.6069791671875 0.2786111109375 0.6069791671875 0.2411111109375 0.5910416671875 0.2411111109375 0.5910416671875 0.2786111109375 0.6069791671875 0.2786111109375
2 0.48624999999999996 0.5142592593749999 0.48624999999999996 0.43203703750000005 0.4643229171875 0.43203703750000005 0.4643229171875 0.5142592593749999 0.48624999999999996 0.5142592593749999
1 0.5979166671875 0.4158333328125 0.5979166671875 0.40277777812500004 0.5860416671875 0.40277777812500004 0.5860416671875 0.4158333328125 0.5979166671875 0.4158333328125
1 0.5801041671875 0.4223148140625 0.5801041671875 0.4084259265625 0.5695833328125001 0.4084259265625 0.5695833328125001 0.4223148140625 0.5801041671875 0.4223148140625
1 0.5929166671874999 0.5175 0.5929166671874999 0.49472222187500003 0.58328125 0.49472222187500003 0.58328125 0.5175 0.5929166671874999 0.5175
1 0.5878645828125 0.2970370375 0.5878645828125 0.2734259265625 0.5809895828125 0.2734259265625 0.5809895828125 0.2970370375 0.5878645828125 0.2970370375
1 0.5801041671875 0.3091666671875 0.5801041671875 0.28805555625 0.5727604171875 0.28805555625 0.5727604171875 0.3091666671875 0.5801041671875 0.3091666671875
1 0.5434895828124999 0.41824074062500005 0.5434895828124999 0.40361111093749996 0.5091666671875 0.40361111093749996 0.5091666671875 0.41824074062500005 0.5434895828124999 0.41824074062500005
1 0.5434895828124999 0.444259259375 0.5434895828124999 0.41824074062500005 0.5064062500000001 0.41824074062500005 0.5064062500000001 0.444259259375 0.5434895828124999 0.444259259375
1 0.5434895828124999 0.45648148125 0.5434895828124999 0.444259259375 0.506875 0.444259259375 0.506875 0.45648148125 0.5434895828124999 0.45648148125
1 0.5439583328125 0.46787037031249995 0.5439583328125 0.45648148125 0.506875 0.45648148125 0.506875 0.46787037031249995 0.5439583328125 0.46787037031249995
1 0.5439583328125 0.479259259375 0.5439583328125 0.46787037031249995 0.50734375 0.46787037031249995 0.50734375 0.479259259375 0.5439583328125 0.479259259375
1 0.5443749999999999 0.48824074062499995 0.5443749999999999 0.479259259375 0.50734375 0.479259259375 0.50734375 0.48824074062499995 0.5443749999999999 0.48824074062499995
1 0.5443749999999999 0.5003703703125 0.5443749999999999 0.48824074062499995 0.5077604171875 0.48824074062499995 0.5077604171875 0.5003703703125 0.5443749999999999 0.5003703703125
1 0.5434895828124999 0.5101851859375001 0.5434895828124999 0.5003703703125 0.5077604171875 0.5003703703125 0.5077604171875 0.5101851859375001 0.5434895828124999 0.5101851859375001
1 0.5434895828124999 0.5231481484375 0.5434895828124999 0.5101851859375001 0.5082291671875 0.5101851859375001 0.5082291671875 0.5231481484375 0.5434895828124999 0.5231481484375
1 0.54578125 0.5337962968750001 0.54578125 0.5231481484375 0.5082291671875 0.5231481484375 0.5082291671875 0.5337962968750001 0.54578125 0.5337962968750001