1 0.5192187500000001 0.866875 0.5192187500000001 0.7325 0.35015625 0.7325 0.35015625 0.866875 0.5192187500000001 0.866875
1 0.71390625 0.8139583328125 0.71390625 0.6793750000000001 0.51078125 0.6793750000000001 0.51078125 0.8139583328125 0.71390625 0.8139583328125
1 0.75515625 0.6775 0.75515625 0.6091666671875 0.69828125 0.6091666671875 0.69828125 0.6775 0.75515625 0.6775
1 0.7537499999999999 0.260625 0.7537499999999999 0.1375 0.60453125 0.1375 0.60453125 0.260625 0.7537499999999999 0.260625
1 0.748125 0.3097916671875 0.748125 0.2 0.6003125 0.2 0.6003125 0.3097916671875 0.748125 0.3097916671875
1 0.83046875 0.33645833281250004 0.83046875 0.2472916671875 0.7465625 0.2472916671875 0.7465625 0.33645833281250004 0.83046875 0.33645833281250004
1 0.86890625 0.3554166671875 0.86890625 0.30041666718750004 0.8290625 0.30041666718750004 0.8290625 0.3554166671875 0.86890625 0.3554166671875
1 0.60453125 0.19437500000000002 0.60453125 0.027500000000000004 0.28484375 0.027500000000000004 0.28484375 0.19437500000000002 0.60453125 0.19437500000000002
1 0.6003125 0.26437499999999997 0.6003125 0.1070833328125 0.281875 0.1070833328125 0.281875 0.26437499999999997 0.6003125 0.26437499999999997
1 0.25359375 0.2322916671875 0.25359375 0.0902083328125 0.00203125 0.0902083328125 0.00203125 0.2322916671875 0.25359375 0.2322916671875
1 0.23078125 0.9977083328124999 0.23078125 0.9654166671875 0.094375 0.9654166671875 0.094375 0.9977083328124999 0.23078125 0.9977083328124999
1 0.8615625 0.0827083328125 0.8615625 0.00041666718749999997 0.8048437500000001 0.00041666718749999997 0.8048437500000001 0.0827083328125 0.8615625 0.0827083328125
1 0.8895312499999999 0.0925 0.8895312499999999 0.03125 0.86234375 0.03125 0.86234375 0.0925 0.8895312499999999 0.0925
1 0.89125 0.12 0.89125 0.055208332812500004 0.86234375 0.055208332812500004 0.86234375 0.12 0.89125 0.12
4 0.88015625 0.656875 0.88015625 0.3960416671875 0.7420312499999999 0.3960416671875 0.7420312499999999 0.656875 0.88015625 0.656875
4 0.9109375 0.6222916671875 0.9109375 0.39958333281249997 0.8621874999999999 0.39958333281249997 0.8621874999999999 0.6222916671875 0.9109375 0.6222916671875
4 0.93828125 0.5706249999999999 0.93828125 0.403125 0.89296875 0.403125 0.89296875 0.5706249999999999 0.93828125 0.5706249999999999
4 0.95140625 0.55 0.95140625 0.40854166718749996 0.9217187499999999 0.40854166718749996 0.9217187499999999 0.55 0.95140625 0.55
4 0.959375 0.5270833328125 0.959375 0.4110416671875 0.9421875 0.4110416671875 0.9421875 0.5270833328125 0.959375 0.5270833328125
4 0.96578125 0.5247916671875 0.96578125 0.4110416671875 0.95234375 0.4110416671875 0.95234375 0.5247916671875 0.96578125 0.5247916671875
4 0.975625 0.5085416671874999 0.975625 0.4091666671875 0.96484375 0.4091666671875 0.96484375 0.5085416671874999 0.975625 0.5085416671874999
1 0.9034375000000001 0.359375 0.9034375000000001 0.3302083328125 0.8753125 0.3302083328125 0.8753125 0.359375 0.9034375000000001 0.359375
1 0.93390625 0.3745833328125 0.93390625 0.34125 0.90625 0.34125 0.90625 0.3745833328125 0.93390625 0.3745833328125
1 0.07125000000000001 0.4129166671875 0.07125000000000001 0.39229166718749997 0.026250000000000002 0.39229166718749997 0.026250000000000002 0.4129166671875 0.07125000000000001 0.4129166671875