1 0.19046875000000002 0.5625 0.19046875000000002 0.540625 0.14015625 0.540625 0.14015625 0.5625 0.19046875000000002 0.5625
1 0.49328125 0.5895833328125 0.49328125 0.5689583328125 0.42265625 0.5689583328125 0.42265625 0.5895833328125 0.49328125 0.5895833328125
3 0.8996875 0.52625 0.8996875 0.460625 0.79203125 0.460625 0.79203125 0.52625 0.8996875 0.52625
3 0.9193749999999999 0.67625 0.9193749999999999 0.5920833328125 0.7970312500000001 0.5920833328125 0.7970312500000001 0.67625 0.9193749999999999 0.67625
3 0.99640625 0.67375 0.99640625 0.5933333328125 0.8829687500000001 0.5933333328125 0.8829687500000001 0.67375 0.99640625 0.67375
3 0.99828125 0.7341666671875 0.99828125 0.660625 0.9115624999999999 0.660625 0.9115624999999999 0.7341666671875 0.99828125 0.7341666671875
3 0.9154687499999999 0.7447916671875 0.9154687499999999 0.6091666671875 0.7615624999999999 0.6091666671875 0.7615624999999999 0.7447916671875 0.9154687499999999 0.7447916671875
3 0.7309375 0.5158333328125 0.7309375 0.39729166718750003 0.61546875 0.39729166718750003 0.61546875 0.5158333328125 0.7309375 0.5158333328125
3 0.56703125 0.5170833328125 0.56703125 0.44875 0.48515625 0.44875 0.48515625 0.5170833328125 0.56703125 0.5170833328125
3 0.505 0.4527083328125 0.505 0.39729166718750003 0.39249999999999996 0.39729166718750003 0.39249999999999996 0.4527083328125 0.505 0.4527083328125
3 0.48921875000000004 0.514375 0.48921875000000004 0.4566666671875 0.39249999999999996 0.4566666671875 0.39249999999999996 0.514375 0.48921875000000004 0.514375
3 0.5759375 0.67625 0.5759375 0.57625 0.48328125 0.57625 0.48328125 0.67625 0.5759375 0.67625
3 0.5690625 0.74875 0.5690625 0.6789583328125001 0.47734375 0.6789583328125001 0.47734375 0.74875 0.5690625 0.74875
3 0.694375 0.6079166671875 0.694375 0.5697916671875001 0.6017187500000001 0.5697916671875001 0.6017187500000001 0.6079166671875 0.694375 0.6079166671875
3 0.725 0.6972916671875 0.725 0.6052083328125 0.60359375 0.6052083328125 0.60359375 0.6972916671875 0.725 0.6972916671875
3 0.718125 0.7408333328125 0.718125 0.6933333328125 0.6075 0.6933333328125 0.6075 0.7408333328125 0.718125 0.7408333328125
3 0.27999999999999997 0.6012500000000001 0.27999999999999997 0.5460416671874999 0.20984375000000002 0.5460416671874999 0.20984375000000002 0.6012500000000001 0.27999999999999997 0.6012500000000001
3 0.27999999999999997 0.65 0.27999999999999997 0.6012500000000001 0.20796874999999998 0.6012500000000001 0.20796874999999998 0.65 0.27999999999999997 0.65
3 0.21671875 0.6539583328125 0.21671875 0.5777083328125 0.13 0.5777083328125 0.13 0.6539583328125 0.21671875 0.6539583328125
3 0.16453125 0.6460416671875 0.16453125 0.57375 0.0884375 0.57375 0.0884375 0.6460416671875 0.16453125 0.6460416671875
3 0.03328125 0.5237499999999999 0.03328125 0.5460416671874999 0.11421875 0.5460416671874999 0.11421875 0.5237499999999999 0.03328125 0.5237499999999999
3 0.11125 0.5829166671875 0.11125 0.5472916671875 0.04109375 0.5472916671875 0.04109375 0.5829166671875 0.11125 0.5829166671875
3 0.22562500000000002 0.5091666671875 0.22562500000000002 0.43937499999999996 0.13390625 0.43937499999999996 0.13390625 0.5091666671875 0.22562500000000002 0.5091666671875
3 0.39249999999999996 0.45 0.39249999999999996 0.3947916671875 0.21875 0.3947916671875 0.21875 0.45 0.39249999999999996 0.45
3 0.39046875000000003 0.5131249999999999 0.39046875000000003 0.4408333328125 0.22765624999999998 0.4408333328125 0.22765624999999998 0.5131249999999999 0.39046875000000003 0.5131249999999999
3 0.0753125 0.45104166718750005 0.0753125 0.40499999999999997 0.009218750000000001 0.40499999999999997 0.009218750000000001 0.45104166718750005 0.0753125 0.45104166718750005
3 0.1325 0.5102083328125 0.1325 0.45875000000000005 0.0121875 0.45875000000000005 0.0121875 0.5102083328125 0.1325 0.5102083328125