1 0.67640625 0.6922916671875 0.67640625 0.6258333328125001 0.48578124999999994 0.6258333328125001 0.48578124999999994 0.6922916671875 0.67640625 0.6922916671875
1 0.6168750000000001 0.57625 0.6168750000000001 0.529375 0.44765625 0.529375 0.44765625 0.57625 0.6168750000000001 0.57625
1 0.8964062500000001 0.5070833328125001 0.8964062500000001 0.46666666718750005 0.7478125 0.46666666718750005 0.7478125 0.5070833328125001 0.8964062500000001 0.5070833328125001
1 0.33234375 0.624375 0.33234375 0.5814583328125 0.13187500000000002 0.5814583328125 0.13187500000000002 0.624375 0.33234375 0.624375
1 0.36453125000000003 0.3389583328125 0.36453125000000003 0.319375 0.31671875 0.319375 0.31671875 0.3389583328125 0.36453125000000003 0.3389583328125
1 0.36265625 0.40416666718750005 0.36265625 0.3860416671875 0.30796875 0.3860416671875 0.30796875 0.40416666718750005 0.36265625 0.40416666718750005
1 0.36171875 0.42895833281250006 0.36171875 0.41208333281250004 0.30796875 0.41208333281250004 0.30796875 0.42895833281250006 0.36171875 0.42895833281250006
1 0.065625 0.6172916671875 0.065625 0.6497916671875 0.11796875 0.6497916671875 0.11796875 0.6172916671875 0.065625 0.6172916671875
2 0.52890625 0.6212500000000001 0.52890625 0.2941666671875 0.39718749999999997 0.2941666671875 0.39718749999999997 0.6212500000000001 0.52890625 0.6212500000000001
4 0.8740625 0.5660416671874999 0.8740625 0.48020833281249997 0.74609375 0.48020833281249997 0.74609375 0.5660416671874999 0.8740625 0.5660416671874999
1 0.065625 0.5783333328125 0.065625 0.6172916671875 0.11921875 0.6172916671875 0.11921875 0.5783333328125 0.065625 0.5783333328125
1 0.0703125 0.538125 0.0703125 0.5783333328125 0.11921875 0.5783333328125 0.11921875 0.538125 0.0703125 0.538125
1 0.0703125 0.49291666718749994 0.0703125 0.538125 0.1296875 0.538125 0.1296875 0.49291666718749994 0.0703125 0.49291666718749994
1 0.07265625 0.4464583328125 0.07265625 0.49291666718749994 0.1296875 0.49291666718749994 0.1296875 0.4464583328125 0.07265625 0.4464583328125
1 0.07265625 0.416875 0.07265625 0.4464583328125 0.133125 0.4464583328125 0.133125 0.416875 0.07265625 0.416875
1 0.07843750000000001 0.3672916671875 0.07843750000000001 0.416875 0.133125 0.416875 0.133125 0.3672916671875 0.07843750000000001 0.3672916671875
1 0.07843750000000001 0.33458333281249997 0.07843750000000001 0.3672916671875 0.14250000000000002 0.3672916671875 0.14250000000000002 0.33458333281249997 0.07843750000000001 0.33458333281249997
1 0.07953125 0.27875 0.07953125 0.33458333281249997 0.14250000000000002 0.33458333281249997 0.14250000000000002 0.27875 0.07953125 0.27875
1 0.07953125 0.23374999999999999 0.07953125 0.27875 0.1459375 0.27875 0.1459375 0.23374999999999999 0.07953125 0.23374999999999999