1 0.9003125000000001 0.6402083328125 0.9003125000000001 0.57625 0.791875 0.57625 0.791875 0.6402083328125 0.9003125000000001 0.6402083328125
3 0.43984375 0.6039583328125 0.43984375 0.460625 0.26703125 0.460625 0.26703125 0.6039583328125 0.43984375 0.6039583328125
3 0.5532812500000001 0.6039583328125 0.5532812500000001 0.489375 0.4259375 0.489375 0.4259375 0.6039583328125 0.5532812500000001 0.6039583328125
3 0.62328125 0.5841666671875 0.62328125 0.489375 0.5276562499999999 0.489375 0.5276562499999999 0.5841666671875 0.62328125 0.5841666671875
3 0.62046875 0.438125 0.62046875 0.3920833328125 0.5128125 0.3920833328125 0.5128125 0.438125 0.62046875 0.438125
3 0.619375 0.4841666671875 0.619375 0.4341666671875 0.5009375 0.4341666671875 0.5009375 0.4841666671875 0.619375 0.4841666671875
3 0.7053125 0.536875 0.7053125 0.4658333328125 0.5759375 0.4658333328125 0.5759375 0.536875 0.7053125 0.536875
3 0.70421875 0.586875 0.70421875 0.5341666671875 0.624375 0.5341666671875 0.624375 0.586875 0.70421875 0.586875
3 0.7892187500000001 0.57625 0.7892187500000001 0.46187500000000004 0.65 0.46187500000000004 0.65 0.57625 0.7892187500000001 0.57625
3 0.89765625 0.4420833328125 0.89765625 0.3908333328125 0.8128125 0.3908333328125 0.8128125 0.4420833328125 0.89765625 0.4420833328125
3 0.88984375 0.47104166718749996 0.88984375 0.42895833281250006 0.8128125 0.42895833281250006 0.8128125 0.47104166718749996 0.88984375 0.47104166718749996
3 0.8848437499999999 0.5170833328125 0.8848437499999999 0.4683333328125 0.805 0.4683333328125 0.805 0.5170833328125 0.8848437499999999 0.5170833328125
3 0.8848437499999999 0.5552083328124999 0.8848437499999999 0.5158333328125 0.805 0.5158333328125 0.805 0.5552083328124999 0.8848437499999999 0.5552083328124999
3 0.8839062500000001 0.6066666671875 0.8839062500000001 0.5566666671875 0.8 0.5566666671875 0.8 0.6066666671875 0.8839062500000001 0.6066666671875
3 0.8217187499999999 0.3722916671875 0.8217187499999999 0.2170833328125 0.7259375 0.2170833328125 0.7259375 0.3722916671875 0.8217187499999999 0.3722916671875
3 0.75953125 0.3579166671875 0.75953125 0.30520833281250004 0.7240624999999999 0.30520833281250004 0.7240624999999999 0.3579166671875 0.75953125 0.3579166671875
3 0.7318749999999999 0.289375 0.7318749999999999 0.1777083328125 0.55421875 0.1777083328125 0.55421875 0.289375 0.7318749999999999 0.289375
3 0.73484375 0.35125 0.73484375 0.25666666718750003 0.6184375 0.25666666718750003 0.6184375 0.35125 0.73484375 0.35125
3 0.6292187499999999 0.3408333328125 0.6292187499999999 0.2170833328125 0.42890625 0.2170833328125 0.42890625 0.3408333328125 0.6292187499999999 0.3408333328125
3 0.43093750000000003 0.29333333281249996 0.43093750000000003 0.20270833281249998 0.268125 0.20270833281249998 0.268125 0.29333333281249996 0.43093750000000003 0.29333333281249996
3 0.20296875 0.286875 0.20296875 0.17625 0.0371875 0.17625 0.0371875 0.286875 0.20296875 0.286875
3 0.65796875 0.059375 0.65796875 0.1314583328125 0.74140625 0.1314583328125 0.74140625 0.059375 0.65796875 0.059375