1 0.97953125 0.5866666671874999 0.97953125 0.471875 0.7390625 0.471875 0.7390625 0.5866666671874999 0.97953125 0.5866666671874999
1 0.97171875 0.6714583328125 0.97171875 0.5527083328125 0.72046875 0.5527083328125 0.72046875 0.6714583328125 0.97171875 0.6714583328125
1 1 0.19083333281249998 0.96421875 0.19083333281249998 0.96421875 0.2258333328125 1 0.2258333328125 1 0.19083333281249998
1 0.9625 0.23291666718749998 0.9625 0.1952083328125 0.9042187500000001 0.1952083328125 0.9042187500000001 0.23291666718749998 0.9625 0.23291666718749998
1 0.9003125000000001 0.2414583328125 0.9003125000000001 0.21375000000000002 0.85234375 0.21375000000000002 0.85234375 0.2414583328125 0.9003125000000001 0.2414583328125
1 0.8517187500000001 0.24583333281250003 0.8517187500000001 0.2195833328125 0.8190625 0.2195833328125 0.8190625 0.24583333281250003 0.8517187500000001 0.24583333281250003
1 0.79171875 0.24 0.79171875 0.2158333328125 0.77015625 0.2158333328125 0.77015625 0.24 0.79171875 0.24
1 0.86296875 0 0.86296875 0.04375 0.91046875 0.04375 0.91046875 0 0.86296875 0
1 0.86109375 0.0689583328125 0.86109375 0.0333333328125 0.8270312499999999 0.0333333328125 0.8270312499999999 0.0689583328125 0.86109375 0.0689583328125
1 0.8260937500000001 0.09 0.8260937500000001 0.055416667187500004 0.7978125 0.055416667187500004 0.7978125 0.09 0.8260937500000001 0.09
1 0.7959375 0.1158333328125 0.7959375 0.08687500000000001 0.7732812499999999 0.08687500000000001 0.7732812499999999 0.1158333328125 0.7959375 0.1158333328125
1 0.77265625 0.1327083328125 0.77265625 0.1075 0.7514062499999999 0.1075 0.7514062499999999 0.1327083328125 0.77265625 0.1327083328125
1 0.4109375 0.0889583328125 0.4109375 0.028749999999999998 0.37640625 0.028749999999999998 0.37640625 0.0889583328125 0.4109375 0.0889583328125
1 0.34375 0 0.34375 0.03875 0.37671875 0.03875 0.37671875 0 0.34375 0
1 0.4703125 0.175 0.4703125 0.155 0.45999999999999996 0.155 0.45999999999999996 0.175 0.4703125 0.175
1 0.49031250000000004 0.05125 0.49031250000000004 0.019375 0.47421875 0.019375 0.47421875 0.05125 0.49031250000000004 0.05125
3 0.18125 0.514375 0.18125 0.4066666671875 0.02328125 0.4066666671875 0.02328125 0.514375 0.18125 0.514375
3 0.17828125 0.586875 0.17828125 0.48562500000000003 0.04609375 0.48562500000000003 0.04609375 0.586875 0.17828125 0.586875
3 0.0026562499999999998 0.535625 0.0026562499999999998 0.6460416671875 0.1053125 0.6460416671875 0.1053125 0.535625 0.0026562499999999998 0.535625
3 0.0026562499999999998 0.0829166671875 0.0026562499999999998 0.32625000000000004 0.0678125 0.32625000000000004 0.0678125 0.0829166671875 0.0026562499999999998 0.0829166671875
3 0.22796875 0.25125000000000003 0.22796875 0.1629166671875 0.06453125 0.1629166671875 0.06453125 0.25125000000000003 0.22796875 0.25125000000000003
3 0.21968749999999998 0.3222916671875 0.21968749999999998 0.23875000000000002 0.07046875 0.23875000000000002 0.07046875 0.3222916671875 0.21968749999999998 0.3222916671875
3 0.28359375 0.3129166671875 0.28359375 0.2370833328125 0.215 0.2370833328125 0.215 0.3129166671875 0.28359375 0.3129166671875
3 0.25515625000000003 0.4691666671875 0.25515625000000003 0.3777083328125 0.145 0.3777083328125 0.145 0.4691666671875 0.25515625000000003 0.4691666671875
3 0.25406249999999997 0.5291666671875 0.25406249999999997 0.4502083328125 0.16640625 0.4502083328125 0.16640625 0.5291666671875 0.25406249999999997 0.5291666671875
3 0.35234375 0.4722916671875 0.35234375 0.3397916671875 0.26828124999999997 0.3397916671875 0.26828124999999997 0.4722916671875 0.35234375 0.4722916671875
3 0.30609375 0.47083333281249995 0.30609375 0.41541666718750003 0.27765625 0.41541666718750003 0.27765625 0.47083333281249995 0.30609375 0.47083333281249995
3 0.35828125 0.39979166718750003 0.35828125 0.3397916671875 0.33328125000000003 0.3397916671875 0.33328125000000003 0.39979166718750003 0.35828125 0.39979166718750003
3 0.39015625 0.40437500000000004 0.39015625 0.3522916671875 0.35 0.3522916671875 0.35 0.40437500000000004 0.39015625 0.40437500000000004
3 0.39140625 0.43916666718749997 0.39140625 0.40125 0.35 0.40125 0.35 0.43916666718749997 0.39140625 0.43916666718749997
3 0.35343749999999996 0.2054166671875 0.35343749999999996 0.31437499999999996 0.39015625 0.31437499999999996 0.39015625 0.2054166671875 0.35343749999999996 0.2054166671875
3 0.35828125 0.22916666718749998 0.35828125 0.18812500000000001 0.2528125 0.18812500000000001 0.2528125 0.22916666718749998 0.35828125 0.22916666718749998
3 0.3546875 0.2608333328125 0.3546875 0.2260416671875 0.26828124999999997 0.2260416671875 0.26828124999999997 0.2608333328125 0.3546875 0.2608333328125
3 0.3546875 0.305 0.3546875 0.2622916671875 0.3096875 0.2622916671875 0.3096875 0.305 0.3546875 0.305
3 0.4459375 0.2841666671875 0.4459375 0.24583333281250003 0.42625 0.24583333281250003 0.42625 0.2841666671875 0.4459375 0.2841666671875
3 0.42625 0.3027083328125 0.42625 0.2677083328125 0.4090625 0.2677083328125 0.4090625 0.3027083328125 0.42625 0.3027083328125
3 0.40328125000000004 0.42895833281250006 0.40328125000000004 0.3729166671875 0.384375 0.3729166671875 0.384375 0.42895833281250006 0.40328125000000004 0.42895833281250006
3 0.3934375 0.3279166671875 0.3934375 0.3597916671875 0.4403125 0.3597916671875 0.4403125 0.3279166671875 0.3934375 0.3279166671875
3 0.42625 0.399375 0.42625 0.35104166718749996 0.41390625 0.35104166718749996 0.41390625 0.399375 0.42625 0.399375
3 0.4146875 0.4135416671875 0.4146875 0.3554166671875 0.39015625 0.3554166671875 0.39015625 0.4135416671875 0.4146875 0.4135416671875
3 0.8120312500000001 0.38395833281249997 0.8120312500000001 0.35 0.7740625 0.35 0.7740625 0.38395833281249997 0.8120312500000001 0.38395833281249997
3 0.8309374999999999 0.3872916671875 0.8309374999999999 0.3664583328125 0.80625 0.3664583328125 0.80625 0.3872916671875 0.8309374999999999 0.3872916671875
3 0.84984375 0.4025 0.84984375 0.371875 0.82515625 0.371875 0.82515625 0.4025 0.84984375 0.4025
3 0.8760937500000001 0.40374999999999994 0.8760937500000001 0.3641666671875 0.850625 0.3641666671875 0.850625 0.40374999999999994 0.8760937500000001 0.40374999999999994
3 0.8901562500000001 0.4125 0.8901562500000001 0.38166666718750003 0.8768750000000001 0.38166666718750003 0.8768750000000001 0.4125 0.8901562500000001 0.4125
3 0.99578125 0.6125 0.99578125 0.5002083328125 0.9721875000000001 0.5002083328125 0.9721875000000001 0.6125 0.99578125 0.6125
3 0.999375 0.4545833328125 0.999375 0.4102083328125 0.95671875 0.4102083328125 0.95671875 0.4545833328125 0.999375 0.4545833328125
3 0.784375 0.42770833281250004 0.784375 0.385625 0.76171875 0.385625 0.76171875 0.42770833281250004 0.784375 0.42770833281250004
3 0.7696875000000001 0.3960416671875 0.7696875000000001 0.3777083328125 0.7459374999999999 0.3777083328125 0.7459374999999999 0.3960416671875 0.7696875000000001 0.3960416671875
3 0.7696875000000001 0.4170833328125 0.7696875000000001 0.3920833328125 0.7381249999999999 0.3920833328125 0.7381249999999999 0.4170833328125 0.7696875000000001 0.4170833328125
3 0.75390625 0.4408333328125 0.75390625 0.40791666718749997 0.73609375 0.40791666718749997 0.73609375 0.4408333328125 0.75390625 0.4408333328125
3 0.77421875 0.3641666671875 0.77421875 0.3270833328125 0.745 0.3270833328125 0.745 0.3641666671875 0.77421875 0.3641666671875
3 0.7775000000000001 0.3741666671875 0.7775000000000001 0.3458333328125 0.7625 0.3458333328125 0.7625 0.3741666671875 0.7775000000000001 0.3741666671875