1 0.32453125 0.500625 0.32453125 0.406875 0.024375 0.406875 0.024375 0.500625 0.32453125 0.500625
1 0.46234374999999994 0.39895833281250004 0.46234374999999994 0.3702083328125 0.3821875 0.3702083328125 0.3821875 0.39895833281250004 0.46234374999999994 0.39895833281250004
1 0.8699999999999999 0.3560416671875 0.8699999999999999 0.3064583328125 0.69984375 0.3064583328125 0.69984375 0.3560416671875 0.8699999999999999 0.3560416671875
1 0.8631249999999999 0.4185416671875 0.8631249999999999 0.3702083328125 0.701875 0.3702083328125 0.701875 0.4185416671875 0.8631249999999999 0.4185416671875
1 0.8553124999999999 0.48624999999999996 0.8553124999999999 0.4420833328125 0.7459374999999999 0.4420833328125 0.7459374999999999 0.48624999999999996 0.8553124999999999 0.48624999999999996
1 0.86421875 0.3416666671875 0.86421875 0.4145833328125 0.9746874999999999 0.4145833328125 0.9746874999999999 0.3416666671875 0.86421875 0.3416666671875
1 0.8573437500000001 0.4172916671875 0.8573437500000001 0.4966666671875 0.94921875 0.4966666671875 0.94921875 0.4172916671875 0.8573437500000001 0.4172916671875
1 0.8484375 0.4954166671875 0.8484375 0.5802083328125 0.94140625 0.5802083328125 0.94140625 0.4954166671875 0.8484375 0.4954166671875
1 0.8592187499999999 0.0847916671875 0.8592187499999999 0.1147916671875 0.9228125 0.1147916671875 0.9228125 0.0847916671875 0.8592187499999999 0.0847916671875
1 0.8592187499999999 0.10833333281249999 0.8592187499999999 0.1408333328125 0.9246874999999999 0.1408333328125 0.9246874999999999 0.10833333281249999 0.8592187499999999 0.10833333281249999
2 0.75859375 0.48270833281250003 0.75859375 0.22875 0.6634375 0.22875 0.6634375 0.48270833281250003 0.75859375 0.48270833281250003
2 0.9981249999999999 0.6404166671875 0.9981249999999999 0.2545833328125 0.9393750000000001 0.2545833328125 0.9393750000000001 0.6404166671875 0.9981249999999999 0.6404166671875
4 0.9981249999999999 0.31979166718749996 0.9981249999999999 0.22625 0.9432812500000001 0.22625 0.9432812500000001 0.31979166718749996 0.9981249999999999 0.31979166718749996