1 0.5553125 0.3920833328125 0.5553125 0.275 0.19703125 0.275 0.19703125 0.3920833328125 0.5553125 0.3920833328125
1 0.36875 0.5197916671875 0.36875 0.3920833328125 0.04015625 0.3920833328125 0.04015625 0.5197916671875 0.36875 0.5197916671875
1 0.355 0.7158333328125 0.355 0.6183333328125 0.04015625 0.6183333328125 0.04015625 0.7158333328125 0.355 0.7158333328125
1 0.5482812499999999 0.686875 0.5482812499999999 0.6131249999999999 0.355 0.6131249999999999 0.355 0.686875 0.5482812499999999 0.686875
1 0.5482812499999999 0.5393749999999999 0.5482812499999999 0.4447916671875 0.3678125 0.4447916671875 0.3678125 0.5393749999999999 0.5482812499999999 0.5393749999999999
1 0.6717187499999999 0.54875 0.6717187499999999 0.48687500000000006 0.5482812499999999 0.48687500000000006 0.5482812499999999 0.54875 0.6717187499999999 0.54875
1 0.67671875 0.685625 0.67671875 0.6197916671875 0.5443749999999999 0.6197916671875 0.5443749999999999 0.685625 0.67671875 0.685625
1 0.7684375 0.6683333328125001 0.7684375 0.6079166671875 0.6825 0.6079166671875 0.6825 0.6683333328125001 0.7684375 0.6683333328125001
1 0.8246874999999999 0.6566666671875 0.8246874999999999 0.6027083328125 0.7732812499999999 0.6027083328125 0.7732812499999999 0.6566666671875 0.8246874999999999 0.6566666671875
1 0.8759375 0.6552083328125 0.8759375 0.5972916671874999 0.8354687500000001 0.5972916671874999 0.8354687500000001 0.6552083328125 0.8759375 0.6552083328125
1 0.8809374999999999 0.5289583328125 0.8809374999999999 0.475 0.774375 0.475 0.774375 0.5289583328125 0.8809374999999999 0.5289583328125
1 0.78125 0.5 0.78125 0.4302083328125 0.6875 0.4302083328125 0.6875 0.5 0.78125 0.5
1 0.9995312500000001 0.6222916671875 0.9995312500000001 0.5858333328125 0.95 0.5858333328125 0.95 0.6222916671875 0.9995312500000001 0.6222916671875
1 0.9995312500000001 0.6972916671875 0.9995312500000001 0.6539583328125 0.943125 0.6539583328125 0.943125 0.6972916671875 0.9995312500000001 0.6972916671875
1 0.203125 0.00375 0.203125 0.13104166718750002 0.58 0.13104166718750002 0.58 0.00375 0.203125 0.00375
1 0.5237499999999999 0.00375 0.5237499999999999 0.096875 0.6959375 0.096875 0.6959375 0.00375 0.5237499999999999 0.00375
1 0.55734375 0.0947916671875 0.55734375 0.205625 0.69421875 0.205625 0.69421875 0.0947916671875 0.55734375 0.0947916671875
1 0.7896875 0.2947916671875 0.7896875 0.1902083328125 0.70109375 0.1902083328125 0.70109375 0.2947916671875 0.7896875 0.2947916671875
1 0.881875 0.3516666671875 0.881875 0.2970833328125 0.8357812499999999 0.2970833328125 0.8357812499999999 0.3516666671875 0.881875 0.3516666671875
1 0.8579687500000001 0.1675 0.8579687500000001 0.23562500000000003 0.88515625 0.23562500000000003 0.88515625 0.1675 0.8579687500000001 0.1675
1 0.7625 0.00375 0.7625 0.0902083328125 0.8971875 0.0902083328125 0.8971875 0.00375 0.7625 0.00375
1 0.96875 0.40395833281250004 0.96875 0.3470833328125 0.881875 0.3470833328125 0.881875 0.40395833281250004 0.96875 0.40395833281250004
4 0.68171875 0.026250000000000002 0.68171875 0.3339583328125 0.85859375 0.3339583328125 0.85859375 0.026250000000000002 0.68171875 0.026250000000000002
4 0.8768750000000001 0.003125 0.8768750000000001 0.153125 0.9778125 0.153125 0.9778125 0.003125 0.8768750000000001 0.003125