1 0.23156249999999998 0.1115740734375 0.23156249999999998 0.0054629625 0.18145833281249998 0.0054629625 0.18145833281249998 0.1115740734375 0.23156249999999998 0.1115740734375
1 0.2645833328125 0.1608333328125 0.2645833328125 0.0623148140625 0.23156249999999998 0.0623148140625 0.23156249999999998 0.1608333328125 0.2645833328125 0.1608333328125
1 0.28484375 0.19305555624999998 0.28484375 0.11351851875 0.26140625 0.11351851875 0.26140625 0.19305555624999998 0.28484375 0.19305555624999998
1 0.1334895828125 0.3275925921875 0.1334895828125 0.22148148124999997 0.0194270828125 0.22148148124999997 0.0194270828125 0.3275925921875 0.1334895828125 0.3275925921875
1 0.135625 0.448796296875 0.135625 0.35407407343749997 0.0236979171875 0.35407407343749997 0.0236979171875 0.448796296875 0.135625 0.448796296875
1 0.2102083328125 0.45074074062499997 0.2102083328125 0.378703703125 0.1334895828125 0.378703703125 0.1334895828125 0.45074074062499997 0.2102083328125 0.45074074062499997
1 0.24859375 0.45259259218750003 0.24859375 0.388240740625 0.20703125 0.388240740625 0.20703125 0.45259259218750003 0.24859375 0.45259259218750003
1 0.2741666671875 0.45074074062499997 0.2741666671875 0.39388888906249997 0.2421875 0.39388888906249997 0.2421875 0.45074074062499997 0.2741666671875 0.45074074062499997
1 0.29546875 0.45074074062499997 0.29546875 0.4033333328125 0.2709895828125 0.4033333328125 0.2709895828125 0.45074074062499997 0.29546875 0.45074074062499997
1 0.30828125 0.4545370375 0.30828125 0.4109259265625 0.29333333281249996 0.4109259265625 0.29333333281249996 0.4545370375 0.30828125 0.4545370375
1 0.3285416671875 0.45074074062499997 0.3285416671875 0.4109259265625 0.30828125 0.4109259265625 0.30828125 0.45074074062499997 0.3285416671875 0.45074074062499997
1 0.20593750000000002 0.8429629625 0.20593750000000002 0.7254629625 0.14203125 0.7254629625 0.14203125 0.8429629625 0.20593750000000002 0.8429629625
1 0.7932291671875 0.7558333328125 0.7932291671875 0.6231481484375 0.670625 0.6231481484375 0.670625 0.7558333328125 0.7932291671875 0.7558333328125
1 0.7740104171875 0.9945370375 0.7740104171875 0.8201851859374999 0.6855729171875 0.8201851859374999 0.6855729171875 0.9945370375 0.7740104171875 0.9945370375
1 0.6727604171875 0.8618518515625 0.6727604171875 0.7274074078125 0.6194791671875 0.7274074078125 0.6194791671875 0.8618518515625 0.6727604171875 0.8618518515625
1 0.5843229171875 0.5549074078125 0.5843229171875 0.50944444375 0.55234375 0.50944444375 0.55234375 0.5549074078125 0.5843229171875 0.5549074078125
1 0.5875 0.6932407406250001 0.5875 0.64398148125 0.5683333328125 0.64398148125 0.5683333328125 0.6932407406250001 0.5875 0.6932407406250001
1 0.743125 0.22148148124999997 0.743125 0.0395370375 0.6546354171875 0.0395370375 0.6546354171875 0.22148148124999997 0.743125 0.22148148124999997
1 0.65359375 0.2593518515625 0.65359375 0.15324074062499998 0.6088541671875001 0.15324074062499998 0.6088541671875001 0.2593518515625 0.65359375 0.2593518515625
1 0.6077604171875 0.30675925937500004 0.6077604171875 0.2271296296875 0.576875 0.2271296296875 0.576875 0.30675925937500004 0.6077604171875 0.30675925937500004
1 0.5779166671875 0.3256481484375 0.5779166671875 0.253703703125 0.5544791671875 0.253703703125 0.5544791671875 0.3256481484375 0.5779166671875 0.3256481484375
1 0.9989062499999999 0.9945370375 0.9989062499999999 0.8183333328125 0.9317708328125001 0.8183333328125 0.9317708328125001 0.9945370375 0.9989062499999999 0.9945370375
1 0.8432812500000001 0.1456481484375 0.8432812500000001 0.0016666671875 0.7388541671875 0.0016666671875 0.7388541671875 0.1456481484375 0.8432812500000001 0.1456481484375
4 0.6565104171875 0.7686111109375 0.6565104171875 0.4763888890625 0.5836458328125 0.4763888890625 0.5836458328125 0.7686111109375 0.6565104171875 0.7686111109375
4 0.5403125 0.6031481484375 0.5403125 0.45990740781249995 0.5171354171875 0.45990740781249995 0.5171354171875 0.6031481484375 0.5403125 0.6031481484375
4 0.5235416671875 0.58 0.5235416671875 0.4604629625 0.5069791671874999 0.4604629625 0.5069791671874999 0.58 0.5235416671875 0.58
4 0.5113541671874999 0.5593518515625 0.5113541671874999 0.45064814843749995 0.4910416671875 0.45064814843749995 0.4910416671875 0.5593518515625 0.5113541671874999 0.5593518515625
4 0.36552083281250003 0.57444444375 0.36552083281250003 0.4609259265625 0.3417708328125 0.4609259265625 0.3417708328125 0.57444444375 0.36552083281250003 0.57444444375
4 0.37072916718750004 0.3493518515625 0.37072916718750004 0.42268518593750004 0.3865104171875 0.42268518593750004 0.3865104171875 0.3493518515625 0.37072916718750004 0.3493518515625
4 0.33848958281249997 0.6190740734375 0.33848958281249997 0.4606481484375 0.3239583328125 0.4606481484375 0.3239583328125 0.6190740734375 0.33848958281249997 0.6190740734375
4 0.3259375 0.6262037031250001 0.3259375 0.463240740625 0.31140625 0.463240740625 0.31140625 0.6262037031250001 0.3259375 0.6262037031250001
4 0.3119270828125 0.6475925921875 0.3119270828125 0.471296296875 0.28890625000000003 0.471296296875 0.28890625000000003 0.6475925921875 0.3119270828125 0.6475925921875
4 0.28890625000000003 0.686759259375 0.28890625000000003 0.4703703703125 0.26984375 0.4703703703125 0.26984375 0.686759259375 0.28890625000000003 0.686759259375
4 0.27088541718750003 0.7125925921875 0.27088541718750003 0.47574074062499994 0.23932291718749998 0.47574074062499994 0.23932291718749998 0.7125925921875 0.27088541718750003 0.7125925921875
4 0.24161458281249998 0.7738888890625 0.24161458281249998 0.47083333281249995 0.1446875 0.47083333281249995 0.1446875 0.7738888890625 0.24161458281249998 0.7738888890625
4 0.1464583328125 0.9831481484375001 0.1464583328125 0.5015740734375 0.0452083328125 0.5015740734375 0.0452083328125 0.9831481484375001 0.1464583328125 0.9831481484375001
4 0.0486458328125 0.9938888890625 0.0486458328125 0.5276851859375 0.0010416671875 0.5276851859375 0.0010416671875 0.9938888890625 0.0486458328125 0.9938888890625