1 0.2763020828125 0.2199074078125 0.2763020828125 0.1915740734375 0.18572916718750002 0.1915740734375 0.18572916718750002 0.2199074078125 0.2763020828125 0.2199074078125
1 0.2763020828125 0.253240740625 0.2763020828125 0.21925925937500002 0.1838020828125 0.21925925937500002 0.1838020828125 0.253240740625 0.2763020828125 0.253240740625
1 0.2766145828125 0.28314814843749997 0.2766145828125 0.2509259265625 0.1834895828125 0.2509259265625 0.1834895828125 0.28314814843749997 0.2766145828125 0.28314814843749997
1 0.2785416671875 0.3086111109375 0.2785416671875 0.27805555625 0.1847916671875 0.27805555625 0.1847916671875 0.3086111109375 0.2785416671875 0.3086111109375
1 0.2788541671875 0.33851851875 0.2788541671875 0.3068518515625 0.18411458281249998 0.3068518515625 0.18411458281249998 0.33851851875 0.2788541671875 0.33851851875
1 0.8951041671875 0.64944444375 0.8951041671875 0.48370370312500005 0.5744791671875 0.48370370312500005 0.5744791671875 0.64944444375 0.8951041671875 0.64944444375
1 0.9013020828125 0.85 0.9013020828125 0.6431481484375 0.5655729171874999 0.6431481484375 0.5655729171874999 0.85 0.9013020828125 0.85
1 0.5619791671875001 0.46953703750000003 0.5619791671875001 0.3943518515625 0.47906250000000006 0.3943518515625 0.47906250000000006 0.46953703750000003 0.5619791671875001 0.46953703750000003
1 0.56640625 0.7573148140625 0.56640625 0.6291666671875 0.48755208281250006 0.6291666671875 0.48755208281250006 0.7573148140625 0.56640625 0.7573148140625
1 0.48562500000000003 0.6778703703125 0.48562500000000003 0.5815740734375 0.4341145828125 0.5815740734375 0.4341145828125 0.6778703703125 0.48562500000000003 0.6778703703125
1 0.44656250000000003 0.6258333328125001 0.44656250000000003 0.5484259265625 0.38703125 0.5484259265625 0.38703125 0.6258333328125001 0.44656250000000003 0.6258333328125001
1 0.4570833328125 0.20981481406250002 0.4570833328125 0.134722221875 0.39890625 0.134722221875 0.39890625 0.20981481406250002 0.4570833328125 0.20981481406250002
1 0.5444270828125 0.1825 0.5444270828125 0.0874074078125 0.44656250000000003 0.0874074078125 0.44656250000000003 0.1825 0.5444270828125 0.1825
1 0.5594791671875 0.0175925921875 0.5594791671875 0.151759259375 0.7040104171875 0.151759259375 0.7040104171875 0.0175925921875 0.5594791671875 0.0175925921875
1 0.7078125 0.0033333328125 0.7078125 0.08351851875 0.8217187499999999 0.08351851875 0.8217187499999999 0.0033333328125 0.7078125 0.0033333328125
1 0.45104166718750005 0.09555555624999999 0.45104166718750005 0.0098148140625 0.4017708328125 0.0098148140625 0.4017708328125 0.09555555624999999 0.45104166718750005 0.09555555624999999
1 0.3944270828125 0.1375 0.3944270828125 0.062222221875 0.36312500000000003 0.062222221875 0.36312500000000003 0.1375 0.3944270828125 0.1375
1 0 0.5773148140625 0.035625000000000004 0.5773148140625 0.035625000000000004 0.4923148140625 0 0.4923148140625 0 0.5773148140625
1 0.0733854171875 0.5009259265625 0.0733854171875 0.44092592656249996 0.0395833328125 0.44092592656249996 0.0395833328125 0.5009259265625 0.0733854171875 0.5009259265625
1 0.3896354171875 0.5197222218750001 0.3896354171875 0.46703703750000003 0.3477083328125 0.46703703750000003 0.3477083328125 0.5197222218750001 0.3896354171875 0.5197222218750001
1 0.35510416718750004 0.49444444374999996 0.35510416718750004 0.45944444375 0.3211979171875 0.45944444375 0.3211979171875 0.49444444374999996 0.35510416718750004 0.49444444374999996
1 0.3858854171875 0.2390740734375 0.3858854171875 0.191759259375 0.3352604171875 0.191759259375 0.3352604171875 0.2390740734375 0.3858854171875 0.2390740734375
1 0.3574479171875 0.2375 0.3574479171875 0.2090740734375 0.31213541718750004 0.2090740734375 0.31213541718750004 0.2375 0.3574479171875 0.2375
1 0.33406250000000004 0.1326851859375 0.33406250000000004 0.0916666671875 0.3147916671875 0.0916666671875 0.3147916671875 0.1326851859375 0.33406250000000004 0.1326851859375
1 0.0007291671875 0.2171296296875 0.0007291671875 0.246759259375 0.025 0.246759259375 0.025 0.2171296296875 0.0007291671875 0.2171296296875
2 0.13796875 0.42111111093750003 0.13796875 0.2903703703125 0.0875 0.2903703703125 0.0875 0.42111111093750003 0.13796875 0.42111111093750003
1 0.28203125 0.362777778125 0.28203125 0.33685185156249997 0.1847916671875 0.33685185156249997 0.1847916671875 0.362777778125 0.28203125 0.362777778125
1 0.28359375 0.3911111109375 0.28359375 0.362777778125 0.18572916718750002 0.362777778125 0.18572916718750002 0.3911111109375 0.28359375 0.3911111109375
1 0.2845833328125 0.418796296875 0.2845833328125 0.3865740734375 0.18697916718750002 0.3865740734375 0.18697916718750002 0.418796296875 0.2845833328125 0.418796296875
1 0.28296875 0.445277778125 0.28296875 0.41814814843750003 0.18890625 0.41814814843750003 0.18890625 0.445277778125 0.28296875 0.445277778125
1 0.1911458328125 0.44759259218749997 0.1911458328125 0.470740740625 0.2890104171875 0.470740740625 0.2890104171875 0.44759259218749997 0.1911458328125 0.44759259218749997
1 0.1943229171875 0.47416666718749995 0.1943229171875 0.4984259265625 0.2874479171875 0.4984259265625 0.2874479171875 0.47416666718749995 0.1943229171875 0.47416666718749995