1 0.4770833328125 0.815277778125 0.4770833328125 0.7186111109375 0.24578125 0.7186111109375 0.24578125 0.815277778125 0.4770833328125 0.815277778125
1 0.49411458281250004 0.743240740625 0.49411458281250004 0.671203703125 0.4642708328125 0.671203703125 0.4642708328125 0.743240740625 0.49411458281250004 0.743240740625
1 0.514375 0.6977777781250001 0.514375 0.6447222218750001 0.4930729171875 0.6447222218750001 0.4930729171875 0.6977777781250001 0.514375 0.6977777781250001
1 0.2660416671875 0.8000925921875 0.2660416671875 0.6447222218750001 0.1594791671875 0.6447222218750001 0.1594791671875 0.8000925921875 0.2660416671875 0.8000925921875
1 0.2969791671875 0.3851851859375 0.2969791671875 0.301759259375 0.14880208281250001 0.301759259375 0.14880208281250001 0.3851851859375 0.2969791671875 0.3851851859375
1 0.4369270828125 0.3854629625 0.4369270828125 0.3475925921875 0.35343749999999996 0.3475925921875 0.35343749999999996 0.3854629625 0.4369270828125 0.3854629625
1 0.44046874999999996 0.45648148125 0.44046874999999996 0.41546296250000003 0.3578645828125 0.41546296250000003 0.3578645828125 0.45648148125 0.44046874999999996 0.45648148125
1 0.4369270828125 0.21648148125 0.4369270828125 0.17546296249999999 0.35875 0.17546296249999999 0.35875 0.21648148125 0.4369270828125 0.21648148125
1 0.3525520828125 0.2670370375 0.3525520828125 0.1833333328125 0.28770833281249997 0.1833333328125 0.28770833281249997 0.2670370375 0.3525520828125 0.2670370375
1 0.54484375 0.35101851875 0.54484375 0.3273148140625 0.5063541671875 0.3273148140625 0.5063541671875 0.35101851875 0.54484375 0.35101851875
1 0.5478125 0.27601851875 0.5478125 0.2483333328125 0.5063541671875 0.2483333328125 0.5063541671875 0.27601851875 0.5478125 0.27601851875
1 0.5048958328125 0.27601851875 0.5048958328125 0.2483333328125 0.46119791718750003 0.2483333328125 0.46119791718750003 0.27601851875 0.5048958328125 0.27601851875
1 0.5544791671875 0.17333333281250002 0.5544791671875 0.1496296296875 0.5063541671875 0.1496296296875 0.5063541671875 0.17333333281250002 0.5544791671875 0.17333333281250002
1 0.5063541671875 0.38648148125000004 0.5063541671875 0.356203703125 0.4627083328125 0.356203703125 0.4627083328125 0.38648148125000004 0.5063541671875 0.38648148125000004
1 0.8978645828125 0.9923148140625001 0.8978645828125 0.7886111109375 0.7282291671875 0.7886111109375 0.7282291671875 0.9923148140625001 0.8978645828125 0.9923148140625001
1 0.7896875 0.6725 0.7896875 0.6111111109375 0.7286458328125 0.6111111109375 0.7286458328125 0.6725 0.7896875 0.6725
2 0.5331770828125 0.2929629625 0.5331770828125 0.6352777781250001 0.6297916671875 0.6352777781250001 0.6297916671875 0.2929629625 0.5331770828125 0.2929629625
2 0.78125 0.0019444437500000002 0.78125 0.9993518515625001 0.9976041671875 0.9993518515625001 0.9976041671875 0.0019444437500000002 0.78125 0.0019444437500000002
2 0.70984375 0.596759259375 0.70984375 0.42629629687500004 0.6672916671875 0.42629629687500004 0.6672916671875 0.596759259375 0.70984375 0.596759259375
4 0.5476041671874999 0.5993518515625 0.5476041671874999 0.45324074062499997 0.44375 0.45324074062499997 0.44375 0.5993518515625 0.5476041671874999 0.5993518515625
1 0.1491666671875 0.9909259265625 0.1491666671875 0.8498148140625 0.0046354171875 0.8498148140625 0.0046354171875 0.9909259265625 0.1491666671875 0.9909259265625
1 0.1491666671875 0.970740740625 0.1491666671875 0.79944444375 0.0046354171875 0.79944444375 0.0046354171875 0.970740740625 0.1491666671875 0.970740740625
1 0.14630208281249998 0.875 0.14630208281249998 0.7188888890625 0.0046354171875 0.7188888890625 0.0046354171875 0.875 0.14630208281249998 0.875
1 0.1406770828125 0.7641666671875 0.1406770828125 0.643240740625 0.0018229171874999998 0.643240740625 0.0018229171874999998 0.7641666671875 0.1406770828125 0.7641666671875
1 0.135 0.6533333328125 0.135 0.5525925921875 0.0046354171875 0.5525925921875 0.0046354171875 0.6533333328125 0.135 0.6533333328125
1 0.1378125 0.5676851859375 0.1378125 0.46194444375000004 0.0018229171874999998 0.46194444375000004 0.0018229171874999998 0.5676851859375 0.1378125 0.5676851859375
1 0.0046354171875 0.381296296875 0.0046354171875 0.4720370375 0.1378125 0.4720370375 0.1378125 0.381296296875 0.0046354171875 0.381296296875
1 0.0046354171875 0.300740740625 0.0046354171875 0.381296296875 0.1406770828125 0.381296296875 0.1406770828125 0.300740740625 0.0046354171875 0.300740740625
1 0.0018229171874999998 0.169722221875 0.0018229171874999998 0.300740740625 0.1406770828125 0.300740740625 0.1406770828125 0.169722221875 0.0018229171874999998 0.169722221875
1 0.013125000000000001 0.07398148125000001 0.013125000000000001 0.18990740781249998 0.1406770828125 0.18990740781249998 0.1406770828125 0.07398148125000001 0.013125000000000001 0.07398148125000001