1 0.7053645828125 0.8028703703125 0.7053645828125 0.77351851875 0.6194791671875 0.77351851875 0.6194791671875 0.8028703703125 0.7053645828125 0.8028703703125
1 0.9346354171875 0.5806481484375 0.9346354171875 0.5483333328125 0.8069270828124999 0.5483333328125 0.8069270828124999 0.5806481484375 0.9346354171875 0.5806481484375
1 0.8802083328125001 0.80898148125 0.8802083328125001 0.75351851875 0.8180208328124999 0.75351851875 0.8180208328124999 0.80898148125 0.8802083328125001 0.80898148125
2 0.6683854171875 0.9930555562500001 0.6683854171875 0.563240740625 0.5813541671875 0.563240740625 0.5813541671875 0.9930555562500001 0.6683854171875 0.9930555562500001
1 0.8635416671874999 0.601296296875 0.8635416671874999 0.8231481484375 0.9759895828125 0.8231481484375 0.9759895828125 0.601296296875 0.8635416671874999 0.601296296875
1 0.7155208328125 0.7483333328125 0.7155208328125 0.5471296296875 0.6850520828125 0.5471296296875 0.6850520828125 0.7483333328125 0.7155208328125 0.7483333328125
1 0.6158854171875 0.7371296296875001 0.6158854171875 0.7818518515624999 0.7084895828125 0.7818518515624999 0.7084895828125 0.7371296296875001 0.6158854171875 0.7371296296875001
4 0.8122395828125001 0.612222221875 0.8122395828125001 0.4673148140625 0.715625 0.4673148140625 0.715625 0.612222221875 0.8122395828125001 0.612222221875
4 0.8180208328124999 0.773703703125 0.8180208328124999 0.6083333328125 0.7170833328125 0.6083333328125 0.7170833328125 0.773703703125 0.8180208328124999 0.773703703125
4 0.6016666671875 0.653240740625 0.6016666671875 0.2903703703125 0.321875 0.2903703703125 0.321875 0.653240740625 0.6016666671875 0.653240740625
4 0.5930208328125001 0.99805555625 0.5930208328125001 0.6455555562499999 0.321875 0.6455555562499999 0.321875 0.99805555625 0.5930208328125001 0.99805555625
4 0.25984375000000004 0.99555555625 0.25984375000000004 0.8313888890625 0.003125 0.8313888890625 0.003125 0.99555555625 0.25984375000000004 0.99555555625
4 0.14953125 0.99805555625 0.14953125 0.903240740625 0.0009375 0.903240740625 0.0009375 0.99805555625 0.14953125 0.99805555625
4 0.3305208328125 0.9865740734375 0.3305208328125 0.79805555625 0.2389583328125 0.79805555625 0.2389583328125 0.9865740734375 0.3305208328125 0.9865740734375
4 0.26921875 0.9083333328125001 0.26921875 0.6352777781250001 0.0016666671875 0.6352777781250001 0.0016666671875 0.9083333328125001 0.26921875 0.9083333328125001
4 0.2757291671875 0.6775925921875 0.2757291671875 0.4326851859375 0.0023958328125 0.4326851859375 0.0023958328125 0.6775925921875 0.2757291671875 0.6775925921875
4 0.284375 0.444259259375 0.284375 0.2109259265625 0.0002604171875 0.2109259265625 0.0002604171875 0.444259259375 0.284375 0.444259259375
4 0.0053124999999999995 0.004444443750000001 0.0053124999999999995 0.285277778125 0.2757291671875 0.285277778125 0.2757291671875 0.004444443750000001 0.0053124999999999995 0.004444443750000001
4 0.10406249999999999 0.005740740625 0.10406249999999999 0.11861111093750001 0.28291666718749997 0.11861111093750001 0.28291666718749997 0.005740740625 0.10406249999999999 0.005740740625
4 0.32406250000000003 0.6300925921875 0.32406250000000003 0.4916666671875 0.2555208328125 0.4916666671875 0.2555208328125 0.6300925921875 0.32406250000000003 0.6300925921875
4 0.31609375 0.8673148140625001 0.31609375 0.6699074078125 0.2476041671875 0.6699074078125 0.2476041671875 0.8673148140625001 0.31609375 0.8673148140625001
4 0.3204166671875 0.5070370375000001 0.3204166671875 0.39935185156249997 0.2440104171875 0.39935185156249997 0.2440104171875 0.5070370375000001 0.3204166671875 0.5070370375000001