3 0.9589062500000001 0.45520833281249995 0.9589062500000001 0.1460416671875 0.7496875000000001 0.1460416671875 0.7496875000000001 0.45520833281249995 0.9589062500000001 0.45520833281249995
3 0.7407812500000001 0.42374999999999996 0.7407812500000001 0.3391666671875 0.6420312499999999 0.3391666671875 0.6420312499999999 0.42374999999999996 0.7407812500000001 0.42374999999999996
3 0.6342187499999999 0.3183333328125 0.6342187499999999 0.1777083328125 0.36375 0.1777083328125 0.36375 0.3183333328125 0.6342187499999999 0.3183333328125
3 0.61546875 0.410625 0.61546875 0.30125 0.38453125 0.30125 0.38453125 0.410625 0.61546875 0.410625
3 0.39546875 0.410625 0.39546875 0.29874999999999996 0.24734375000000003 0.29874999999999996 0.24734375000000003 0.410625 0.39546875 0.410625
3 0.24828125 0.40395833281250004 0.24828125 0.311875 0.1053125 0.311875 0.1053125 0.40395833281250004 0.24828125 0.40395833281250004
3 0.10406249999999999 0.40791666718749997 0.10406249999999999 0.3329166671875 0.0035937499999999997 0.3329166671875 0.0035937499999999997 0.40791666718749997 0.10406249999999999 0.40791666718749997
3 0.1565625 0.535625 0.1565625 0.46979166718750004 0.02734375 0.46979166718750004 0.02734375 0.535625 0.1565625 0.535625
3 0.15953124999999999 0.586875 0.15953124999999999 0.514375 0.06578125 0.514375 0.06578125 0.586875 0.15953124999999999 0.586875
3 0.07468749999999999 0.6131249999999999 0.07468749999999999 0.5183333328125 0.0035937499999999997 0.5183333328125 0.0035937499999999997 0.6131249999999999 0.07468749999999999 0.6131249999999999
3 0.32921875 0.7079166671875 0.32921875 0.55 0.12203125 0.55 0.12203125 0.7079166671875 0.32921875 0.7079166671875
3 0.3884375 0.7539583328125 0.3884375 0.6222916671875 0.22078125 0.6222916671875 0.22078125 0.7539583328125 0.3884375 0.7539583328125
3 0.47140624999999997 0.786875 0.47140624999999997 0.6289583328125 0.355 0.6289583328125 0.355 0.786875 0.47140624999999997 0.786875
3 0.6214062499999999 0.7460416671875 0.6214062499999999 0.6118750000000001 0.46046875 0.6118750000000001 0.46046875 0.7460416671875 0.6214062499999999 0.7460416671875
3 0.624375 0.813125 0.624375 0.7368750000000001 0.469375 0.7368750000000001 0.469375 0.813125 0.624375 0.813125
3 0.49796874999999996 0.525 0.49796874999999996 0.5816666671874999 0.62734375 0.5816666671874999 0.62734375 0.525 0.49796874999999996 0.525
3 0.6303124999999999 0.635625 0.6303124999999999 0.5658333328125 0.5 0.5658333328125 0.5 0.635625 0.6303124999999999 0.635625
3 0.8868750000000001 0.835625 0.8868750000000001 0.6381249999999999 0.6825 0.6381249999999999 0.6825 0.835625 0.8868750000000001 0.835625
3 0.99578125 0.9485416671875001 0.99578125 0.8462500000000001 0.93328125 0.8462500000000001 0.93328125 0.9485416671875001 0.99578125 0.9485416671875001
3 0.94609375 0.725 0.94609375 0.8727083328124999 0.9971875000000001 0.8727083328124999 0.9971875000000001 0.725 0.94609375 0.725
3 0.95734375 0.6339583328125 0.95734375 0.7629166671875 0.99578125 0.7629166671875 0.99578125 0.6339583328125 0.95734375 0.6339583328125