1 0.13578125000000002 0.4797916671875 0.13578125000000002 0.410625 0.017499999999999998 0.410625 0.017499999999999998 0.4797916671875 0.13578125000000002 0.4797916671875
1 0.7262500000000001 0.4754166671875 0.7262500000000001 0.5231250000000001 0.8696875000000001 0.5231250000000001 0.8696875000000001 0.4754166671875 0.7262500000000001 0.4754166671875
2 0.48359375 0.6018749999999999 0.48359375 0.199375 0.33171875 0.199375 0.33171875 0.6018749999999999 0.48359375 0.6018749999999999
4 0.7240624999999999 0.5514583328125 0.7240624999999999 0.2797916671875 0.52015625 0.2797916671875 0.52015625 0.5514583328125 0.7240624999999999 0.5514583328125
4 0.51640625 0.08645833281250001 0.51640625 0.27375 0.645625 0.27375 0.645625 0.08645833281250001 0.51640625 0.08645833281250001
4 0.51734375 0.2852083328125 0.51734375 0.0108333328125 0.3125 0.0108333328125 0.3125 0.2852083328125 0.51734375 0.2852083328125
4 0.51640625 0.5664583328125 0.51640625 0.2827083328125 0.32078125 0.2827083328125 0.32078125 0.5664583328125 0.51640625 0.5664583328125
4 0.36828125 0.47125000000000006 0.36828125 0.3608333328125 0.24609375 0.3608333328125 0.24609375 0.47125000000000006 0.36828125 0.47125000000000006
4 0.23562500000000003 0.4722916671875 0.23562500000000003 0.3752083328125 0.13265625 0.3752083328125 0.13265625 0.4722916671875 0.23562500000000003 0.4722916671875
4 0.2346875 0.2725 0.2346875 0.3697916671875 0.3615625 0.3697916671875 0.3615625 0.2725 0.2346875 0.2725
4 0.2365625 0.1904166671875 0.2365625 0.2827083328125 0.3596875 0.2827083328125 0.3596875 0.1904166671875 0.2365625 0.1904166671875
4 0.23171875000000003 0.096875 0.23171875000000003 0.1941666671875 0.3625 0.1941666671875 0.3625 0.096875 0.23171875000000003 0.096875
4 0.23359375 0.021249999999999998 0.23359375 0.0954166671875 0.36062500000000003 0.0954166671875 0.36062500000000003 0.021249999999999998 0.23359375 0.021249999999999998
4 0.23562500000000003 0.000625 0.23562500000000003 0.0225 0.3625 0.0225 0.3625 0.000625 0.23562500000000003 0.000625
1 0.7251562500000001 0.44395833281249997 0.7251562500000001 0.49020833281250004 0.871875 0.49020833281250004 0.871875 0.44395833281249997 0.7251562500000001 0.44395833281249997
1 0.7329687500000001 0.40062499999999995 0.7329687500000001 0.45145833281250003 0.8764062499999999 0.45145833281250003 0.8764062499999999 0.40062499999999995 0.7329687500000001 0.40062499999999995
1 0.72734375 0.37374999999999997 0.72734375 0.42895833281250006 0.8729687500000001 0.42895833281250006 0.8729687500000001 0.37374999999999997 0.72734375 0.37374999999999997
1 0.7340625000000001 0.3410416671875 0.7340625000000001 0.3916666671875 0.8740625 0.3916666671875 0.8740625 0.3410416671875 0.7340625000000001 0.3410416671875
1 0.72734375 0.30520833281250004 0.72734375 0.354375 0.8751562500000001 0.354375 0.8751562500000001 0.30520833281250004 0.72734375 0.30520833281250004
1 0.7240624999999999 0.2841666671875 0.7240624999999999 0.3170833328125 0.8740625 0.3170833328125 0.8740625 0.2841666671875 0.7240624999999999 0.2841666671875
1 0.7128125 0.2454166671875 0.7128125 0.2916666671875 0.8740625 0.2916666671875 0.8740625 0.2454166671875 0.7128125 0.2454166671875
1 0.71171875 0.22291666718749997 0.71171875 0.2602083328125 0.8807812500000001 0.2602083328125 0.8807812500000001 0.22291666718749997 0.71171875 0.22291666718749997
1 0.7128125 0.1902083328125 0.7128125 0.2304166671875 0.8764062499999999 0.2304166671875 0.8764062499999999 0.1902083328125 0.7128125 0.1902083328125
1 0.71390625 0.1572916671875 0.71390625 0.1991666671875 0.8740625 0.1991666671875 0.8740625 0.1572916671875 0.71390625 0.1572916671875
1 0.70828125 0.1289583328125 0.70828125 0.16625 0.8764062499999999 0.16625 0.8764062499999999 0.1289583328125 0.70828125 0.1289583328125
1 0.7071875000000001 0.0914583328125 0.7071875000000001 0.139375 0.8775000000000001 0.139375 0.8775000000000001 0.0914583328125 0.7071875000000001 0.0914583328125
1 0.70265625 0.0616666671875 0.70265625 0.10645833281249999 0.8696875000000001 0.10645833281249999 0.8696875000000001 0.0616666671875 0.70265625 0.0616666671875
1 0.70390625 0.0347916671875 0.70390625 0.0810416671875 0.8740625 0.0810416671875 0.8740625 0.0347916671875 0.70390625 0.0347916671875
1 0.70828125 0.0064583328125 0.70828125 0.0497916671875 0.86625 0.0497916671875 0.86625 0.0064583328125 0.70828125 0.0064583328125
1 0.8875 0.3991666671875 0.8875 0.4575 0.9793749999999999 0.4575 0.9793749999999999 0.3991666671875 0.8875 0.3991666671875
1 0.8853125000000001 0.369375 0.8853125000000001 0.42312500000000003 0.9760937500000001 0.42312500000000003 0.9760937500000001 0.369375 0.8853125000000001 0.369375
1 0.88984375 0.33645833281250004 0.88984375 0.3752083328125 0.9839062500000001 0.3752083328125 0.9839062500000001 0.33645833281250004 0.88984375 0.33645833281250004
1 0.8885937500000001 0.3110416671875 0.8885937500000001 0.3483333328125 0.98046875 0.3483333328125 0.98046875 0.3110416671875 0.8885937500000001 0.3110416671875
1 0.8920312499999999 0.278125 0.8920312499999999 0.3275 0.9771875 0.3275 0.9771875 0.278125 0.8920312499999999 0.278125
1 0.9839062500000001 0.2752083328125 0.9839062500000001 0.2379166671875 0.88984375 0.2379166671875 0.8920312499999999 0.29625 0.97828125 0.29625 0.97828125 0.2752083328125 0.9839062500000001 0.2752083328125
1 0.8931250000000001 0.224375 0.8931250000000001 0.2497916671875 0.9928125 0.2497916671875 0.9928125 0.224375 0.8931250000000001 0.224375
1 0.8965624999999999 0.20208333281250002 0.8965624999999999 0.2304166671875 0.99390625 0.2304166671875 0.99390625 0.20208333281250002 0.8965624999999999 0.20208333281250002