1 0.97265625 0.18062499999999998 0.97265625 0.1227083328125 0.8985937500000001 0.1227083328125 0.8985937500000001 0.18062499999999998 0.97265625 0.18062499999999998
1 0.8973437499999999 0.1922916671875 0.8973437499999999 0.144375 0.8409375000000001 0.144375 0.8409375000000001 0.1922916671875 0.8973437499999999 0.1922916671875
1 0.8403124999999999 0.2022916671875 0.8403124999999999 0.1633333328125 0.7975 0.1633333328125 0.7975 0.2022916671875 0.8403124999999999 0.2022916671875
1 0.79484375 0.2077083328125 0.79484375 0.1760416671875 0.7615624999999999 0.1760416671875 0.7615624999999999 0.2077083328125 0.79484375 0.2077083328125
1 0.75875 0.21770833281250002 0.75875 0.18687499999999999 0.734375 0.18687499999999999 0.734375 0.21770833281250002 0.75875 0.21770833281250002
1 0.73234375 0.22770833281249997 0.73234375 0.200625 0.71390625 0.200625 0.71390625 0.22770833281249997 0.73234375 0.22770833281249997
1 0.711875 0.2322916671875 0.711875 0.2141666671875 0.6956249999999999 0.2141666671875 0.6956249999999999 0.2322916671875 0.711875 0.2322916671875
1 0.79953125 0.06375 0.79953125 0.021249999999999998 0.76765625 0.021249999999999998 0.76765625 0.06375 0.79953125 0.06375
1 0.7642187500000001 0.0872916671875 0.7642187500000001 0.0502083328125 0.74109375 0.0502083328125 0.74109375 0.0872916671875 0.7642187500000001 0.0872916671875
1 0.73984375 0.10541666718750001 0.73984375 0.07291666718749999 0.719375 0.07291666718749999 0.719375 0.10541666718750001 0.73984375 0.10541666718750001
1 0.718125 0.1254166671875 0.718125 0.0991666671875 0.7017187500000001 0.0991666671875 0.7017187500000001 0.1254166671875 0.718125 0.1254166671875
1 0.70046875 0.13625 0.70046875 0.118125 0.68953125 0.118125 0.68953125 0.13625 0.70046875 0.13625
1 0.688125 0.1516666671875 0.688125 0.1308333328125 0.6753125 0.1308333328125 0.6753125 0.1516666671875 0.688125 0.1516666671875
1 0.6950000000000001 0.23854166718749997 0.6950000000000001 0.2222916671875 0.6828125 0.2222916671875 0.6828125 0.23854166718749997 0.6950000000000001 0.23854166718749997
1 0.68078125 0.24312499999999998 0.68078125 0.2295833328125 0.66921875 0.2295833328125 0.66921875 0.24312499999999998 0.68078125 0.24312499999999998
1 0.6671875 0.2475 0.6671875 0.2322916671875 0.65703125 0.2322916671875 0.65703125 0.2475 0.6671875 0.2475
1 0.65625 0.2504166671875 0.65625 0.23854166718749997 0.6487499999999999 0.23854166718749997 0.6487499999999999 0.2504166671875 0.65625 0.2504166671875
1 0.27359374999999997 0 0.27359374999999997 0.039375 0.31328125 0.039375 0.31328125 0 0.27359374999999997 0
1 0.3628125 0.1004166671875 0.3628125 0.03625 0.32218749999999996 0.03625 0.32218749999999996 0.1004166671875 0.3628125 0.1004166671875
1 0.3796875 0.12875 0.3796875 0.0858333328125 0.3609375 0.0858333328125 0.3609375 0.12875 0.3796875 0.12875
1 0.38484375000000004 0.0752083328125 0.38484375000000004 0.031875 0.3665625 0.031875 0.3665625 0.0752083328125 0.38484375000000004 0.0752083328125
1 0.40609375 0.1029166671875 0.40609375 0.0652083328125 0.38687499999999997 0.0652083328125 0.38687499999999997 0.1029166671875 0.40609375 0.1029166671875
1 0.42125 0.1745833328125 0.42125 0.14875 0.41078125 0.14875 0.41078125 0.1745833328125 0.42125 0.1745833328125
3 0.96171875 0.5285416671875 0.96171875 0.460625 0.89296875 0.460625 0.89296875 0.5285416671875 0.96171875 0.5285416671875
3 0.9178124999999999 0.563125 0.9178124999999999 0.5127083328125 0.8953125 0.5127083328125 0.8953125 0.563125 0.9178124999999999 0.563125
3 0.9534375 0.5947916671875 0.9534375 0.5237499999999999 0.91671875 0.5237499999999999 0.91671875 0.5947916671875 0.9534375 0.5947916671875
3 0.9971875000000001 0.6264583328125 0.9971875000000001 0.5520833328125 0.95578125 0.5520833328125 0.95578125 0.6264583328125 0.9971875000000001 0.6264583328125
3 0.9984375 0.44166666718750003 0.9984375 0.3247916671875 0.9214062500000001 0.3247916671875 0.9214062500000001 0.44166666718750003 0.9984375 0.44166666718750003
3 0.9984375 0.41166666718749995 0.9984375 0.3564583328125 0.97 0.3564583328125 0.97 0.41166666718749995 0.9984375 0.41166666718749995
3 0.9984375 0.45416666718750004 0.9984375 0.40374999999999994 0.9676562499999999 0.40374999999999994 0.9676562499999999 0.45416666718750004 0.9984375 0.45416666718750004
3 0.93203125 0.4258333328125 0.93203125 0.3752083328125 0.8823437500000001 0.3752083328125 0.8823437500000001 0.4258333328125 0.93203125 0.4258333328125
3 0.9403124999999999 0.3864583328125 0.9403124999999999 0.346875 0.88703125 0.346875 0.88703125 0.3864583328125 0.9403124999999999 0.3864583328125
3 0.8814062500000001 0.405625 0.8814062500000001 0.35562499999999997 0.8270312499999999 0.35562499999999997 0.8270312499999999 0.405625 0.8814062500000001 0.405625
3 0.828125 0.3858333328125 0.828125 0.3516666671875 0.785625 0.3516666671875 0.785625 0.3858333328125 0.828125 0.3858333328125
3 0.8192187499999999 0.48708333281250005 0.8192187499999999 0.4464583328125 0.7865624999999999 0.4464583328125 0.7865624999999999 0.48708333281250005 0.8192187499999999 0.48708333281250005
3 0.835 0.49895833281249996 0.835 0.46604166718749995 0.818125 0.46604166718749995 0.818125 0.49895833281249996 0.835 0.49895833281249996
3 0.85671875 0.5175 0.85671875 0.456875 0.8270312499999999 0.456875 0.8270312499999999 0.5175 0.85671875 0.5175
3 0.8921875 0.533125 0.8921875 0.480625 0.8546875 0.480625 0.8546875 0.533125 0.8921875 0.533125
3 0.41953125 0.4214583328125 0.41953125 0.3541666671875 0.368125 0.3541666671875 0.368125 0.4214583328125 0.41953125 0.4214583328125
3 0.316875 0.3885416671875 0.316875 0.356875 0.23203125 0.356875 0.23203125 0.3885416671875 0.316875 0.3885416671875
3 0.31390625 0.40812499999999996 0.31390625 0.3845833328125 0.23984375 0.3845833328125 0.23984375 0.40812499999999996 0.31390625 0.40812499999999996
3 0.316875 0.433125 0.316875 0.405625 0.28625 0.405625 0.28625 0.433125 0.316875 0.433125
3 0.265625 0.47791666718750003 0.265625 0.4095833328125 0.15015625 0.4095833328125 0.15015625 0.47791666718750003 0.265625 0.47791666718750003
3 0.27734375 0.44895833281249997 0.27734375 0.406875 0.23296875 0.406875 0.23296875 0.44895833281249997 0.27734375 0.44895833281249997
3 0.17484375000000002 0.555625 0.17484375000000002 0.456875 0.021875 0.456875 0.021875 0.555625 0.17484375000000002 0.555625
3 0.08499999999999999 0.330625 0.08499999999999999 0.2425 0.00203125 0.2425 0.00203125 0.330625 0.08499999999999999 0.330625
3 0.13625 0.3252083328125 0.13625 0.2464583328125 0.0721875 0.2464583328125 0.0721875 0.3252083328125 0.13625 0.3252083328125
3 0.17078125 0.26749999999999996 0.17078125 0.1925 0.057343750000000006 0.1925 0.057343750000000006 0.26749999999999996 0.17078125 0.26749999999999996
3 0.17484375000000002 0.32 0.17484375000000002 0.2541666671875 0.115625 0.2541666671875 0.115625 0.32 0.17484375000000002 0.32
3 0.19359375 0.26749999999999996 0.19359375 0.1989583328125 0.15703125 0.1989583328125 0.15703125 0.26749999999999996 0.19359375 0.26749999999999996
3 0.21515625 0.26749999999999996 0.21515625 0.206875 0.18765625 0.206875 0.18765625 0.26749999999999996 0.21515625 0.26749999999999996
3 0.24578125 0.27395833281250004 0.24578125 0.22000000000000003 0.21625 0.22000000000000003 0.21625 0.27395833281250004 0.24578125 0.27395833281250004
3 0.27546875000000004 0.3095833328125 0.27546875000000004 0.22916666718749998 0.2290625 0.22916666718749998 0.2290625 0.3095833328125 0.27546875000000004 0.3095833328125
3 0.29312499999999997 0.3095833328125 0.29312499999999997 0.2727083328125 0.2546875 0.2727083328125 0.2546875 0.3095833328125 0.29312499999999997 0.3095833328125
3 0.246875 0.31604166718750004 0.246875 0.2727083328125 0.21625 0.2727083328125 0.21625 0.31604166718750004 0.246875 0.31604166718750004
3 0.21921875000000002 0.32 0.21921875000000002 0.26875 0.18765625 0.26875 0.18765625 0.32 0.21921875000000002 0.32
3 0.1925 0.32 0.1925 0.26749999999999996 0.1609375 0.26749999999999996 0.1609375 0.32 0.1925 0.32
3 0.33359375 0.31083333281250003 0.33359375 0.26875 0.274375 0.26875 0.274375 0.31083333281250003 0.33359375 0.31083333281250003
3 0.35343749999999996 0.3095833328125 0.35343749999999996 0.2766666671875 0.31890625 0.2766666671875 0.31890625 0.3095833328125 0.35343749999999996 0.3095833328125
3 0.36328125 0.3147916671875 0.36328125 0.2752083328125 0.335625 0.2752083328125 0.335625 0.3147916671875 0.36328125 0.3147916671875
3 0.9384375 0.0945833328125 0.9384375 0.047291667187500004 0.8595312500000001 0.047291667187500004 0.8595312500000001 0.0945833328125 0.9384375 0.0945833328125
3 0.91578125 0.1235416671875 0.91578125 0.090625 0.85859375 0.090625 0.85859375 0.1235416671875 0.91578125 0.1235416671875
3 0.906875 0.1552083328125 0.906875 0.1222916671875 0.8675 0.1222916671875 0.8675 0.1552083328125 0.906875 0.1552083328125
3 0.87140625 0.1341666671875 0.87140625 0.1052083328125 0.83890625 0.1052083328125 0.83890625 0.1341666671875 0.87140625 0.1341666671875
3 0.874375 0.164375 0.874375 0.1327083328125 0.84078125 0.1327083328125 0.84078125 0.164375 0.874375 0.164375
3 0.8546875 0.114375 0.8546875 0.0841666671875 0.80828125 0.0841666671875 0.80828125 0.114375 0.8546875 0.114375
3 0.85765625 0.1472916671875 0.85765625 0.1116666671875 0.80828125 0.1116666671875 0.80828125 0.1472916671875 0.85765625 0.1472916671875
3 0.8496874999999999 0.1747916671875 0.8496874999999999 0.1341666671875 0.81515625 0.1341666671875 0.81515625 0.1747916671875 0.8496874999999999 0.1747916671875
3 0.8201562499999999 0.1366666671875 0.8201562499999999 0.11041666718750001 0.79640625 0.11041666718750001 0.79640625 0.1366666671875 0.8201562499999999 0.1366666671875
3 0.8201562499999999 0.17875000000000002 0.8201562499999999 0.1445833328125 0.7904687499999999 0.1445833328125 0.7904687499999999 0.17875000000000002 0.8201562499999999 0.17875000000000002
3 0.80015625 0.0508333328125 0.80015625 0.006875000000000001 0.760625 0.006875000000000001 0.760625 0.0508333328125 0.80015625 0.0508333328125
3 0.35609375 0.0508333328125 0.35609375 0.008125 0.31906249999999997 0.008125 0.31906249999999997 0.0508333328125 0.35609375 0.0508333328125
3 0.319375 0.00125 0.319375 0.013958332812499998 0.36203124999999997 0.013958332812499998 0.36203124999999997 0.00125 0.319375 0.00125
3 0.43624999999999997 0.1022916671875 0.43624999999999997 0.0747916671875 0.4025 0.0747916671875 0.4025 0.1022916671875 0.43624999999999997 0.1022916671875
3 0.3803125 0.274375 0.3803125 0.2502083328125 0.33421875 0.2502083328125 0.33421875 0.274375 0.3803125 0.274375
3 0.38265625000000003 0.2897916671875 0.38265625000000003 0.274375 0.35140625000000003 0.274375 0.35140625000000003 0.2897916671875 0.38265625000000003 0.2897916671875
3 0.38109375 0.3116666671875 0.38109375 0.2908333328125 0.350625 0.2908333328125 0.350625 0.3116666671875 0.38109375 0.3116666671875
3 0.34734375 0.4135416671875 0.34734375 0.3270833328125 0.275 0.3270833328125 0.275 0.4135416671875 0.34734375 0.4135416671875
3 0.8259375 0.3764583328125 0.8259375 0.2995833328125 0.75609375 0.2995833328125 0.75609375 0.3764583328125 0.8259375 0.3764583328125
3 0.79796875 0.3829166671875 0.79796875 0.3466666671875 0.7684375 0.3466666671875 0.7684375 0.3829166671875 0.79796875 0.3829166671875
3 0.80796875 0.13999999999999999 0.80796875 0.10604166718750001 0.77265625 0.10604166718750001 0.77265625 0.13999999999999999 0.80796875 0.13999999999999999
3 0.775 0.14208333281250002 0.775 0.11395833281250001 0.7579687500000001 0.11395833281250001 0.7579687500000001 0.14208333281250002 0.775 0.14208333281250002