1 0.8234375 0.61055555625 0.8234375 0.5421296296875 0.6487499999999999 0.5421296296875 0.6487499999999999 0.61055555625 0.8234375 0.61055555625
1 0.8234375 0.8078703703125001 0.8234375 0.680277778125 0.64578125 0.680277778125 0.64578125 0.8078703703125001 0.8234375 0.8078703703125001
1 0.9174479171875 0.945740740625 0.9174479171875 0.7684259265625 0.7703645828125001 0.7684259265625 0.7703645828125001 0.945740740625 0.9174479171875 0.945740740625
1 0.9980208328125 0.9958333328125001 0.9980208328125 0.8070370375 0.8624479171875 0.8070370375 0.8624479171875 0.9958333328125001 0.9980208328125 0.9958333328125001
1 0.8893229171874999 0.388703703125 0.8893229171874999 0.3318518515625 0.670625 0.3318518515625 0.670625 0.388703703125 0.8893229171874999 0.388703703125
1 0.6778645828125 0.3406481484375 0.6778645828125 0.2790740734375 0.6325520828125 0.2790740734375 0.6325520828125 0.3406481484375 0.6778645828125 0.3406481484375
1 0.6343229171875 0.3659259265625 0.6343229171875 0.31694444375 0.6005729171875 0.31694444375 0.6005729171875 0.3659259265625 0.6343229171875 0.3659259265625
1 0.6831770828125 0.002777778125 0.6831770828125 0.054907407812499996 0.7427083328124999 0.054907407812499996 0.7427083328124999 0.002777778125 0.6831770828125 0.002777778125
1 0.6778645828125 0.0943518515625 0.6778645828125 0.002777778125 0.6396875 0.002777778125 0.6396875 0.0943518515625 0.6778645828125 0.0943518515625
1 0.6396875 0.151203703125 0.6396875 0.0753703703125 0.6183333328125 0.0753703703125 0.6183333328125 0.151203703125 0.6396875 0.151203703125
1 0.16984375000000002 0.001203703125 0.16984375000000002 0.07851851875 0.2382291671875 0.07851851875 0.2382291671875 0.001203703125 0.16984375000000002 0.001203703125
1 0.2799479171875 0.1416666671875 0.2799479171875 0.0200925921875 0.2266666671875 0.0200925921875 0.2266666671875 0.1416666671875 0.2799479171875 0.1416666671875
1 0.31015625 0.17962962968750001 0.31015625 0.103796296875 0.2808333328125 0.103796296875 0.2808333328125 0.17962962968750001 0.31015625 0.17962962968750001
1 0.3314583328125 0.1906481484375 0.3314583328125 0.10851851875 0.3092708328125 0.10851851875 0.3092708328125 0.1906481484375 0.3314583328125 0.1906481484375
1 0.3456770828125 0.22064814843749997 0.3456770828125 0.17805555625 0.33328125000000003 0.17805555625 0.33328125000000003 0.22064814843749997 0.3456770828125 0.22064814843749997
1 0.35901041718750004 0.2443518515625 0.35901041718750004 0.19694444375 0.34921875 0.19694444375 0.34921875 0.2443518515625 0.35901041718750004 0.2443518515625
1 0.5153125000000001 0.47648148125 0.5153125000000001 0.45277777812500003 0.45583333281250005 0.45277777812500003 0.45583333281250005 0.47648148125 0.5153125000000001 0.47648148125
1 0.05703125 0.1149074078125 0.05703125 0.23490740781250002 0.24177083281249998 0.23490740781250002 0.24177083281249998 0.1149074078125 0.05703125 0.1149074078125
1 0.16890624999999998 0.3738888890625 0.16890624999999998 0.43898148125 0.24005208281249998 0.43898148125 0.24005208281249998 0.3738888890625 0.16890624999999998 0.3738888890625
1 0.2719791671875 0.4400925921875 0.2719791671875 0.38648148125000004 0.22932291718750003 0.38648148125000004 0.22932291718750003 0.4400925921875 0.2719791671875 0.4400925921875
1 0.3092708328125 0.44962962968750003 0.3092708328125 0.38805555625 0.2719791671875 0.38805555625 0.2719791671875 0.44962962968750003 0.3092708328125 0.44962962968750003
1 0.3296875 0.451203703125 0.3296875 0.3943518515625 0.3057291671875 0.3943518515625 0.3057291671875 0.451203703125 0.3296875 0.451203703125
1 0.3483333328125 0.44648148125000003 0.3483333328125 0.40537037031249995 0.32703125 0.40537037031249995 0.32703125 0.44648148125000003 0.3483333328125 0.44648148125000003
1 0.33234375 0.71648148125 0.33234375 0.643796296875 0.1876041671875 0.643796296875 0.1876041671875 0.71648148125 0.33234375 0.71648148125
1 0.15296875000000001 0.7243518515625 0.15296875000000001 0.6753703703125 0.02859375 0.6753703703125 0.02859375 0.7243518515625 0.15296875000000001 0.7243518515625
1 0.1573958328125 0.6516666671875 0.1573958328125 0.6059259265625 0.0313020828125 0.6059259265625 0.0313020828125 0.6516666671875 0.1573958328125 0.6516666671875
1 0.23359375 0.8825 0.23359375 0.7461111109375 0.0003125 0.7461111109375 0.0003125 0.8825 0.23359375 0.8825
1 0.6452604171874999 0.27138888906249997 0.6452604171874999 0.2224074078125 0.6053124999999999 0.2224074078125 0.6053124999999999 0.27138888906249997 0.6452604171874999 0.27138888906249997
2 0.3132291671875 0.4096296296875 0.3132291671875 0.6788888890625 0.3860416671875 0.6788888890625 0.3860416671875 0.4096296296875 0.3132291671875 0.4096296296875
2 0.39197916718750003 0.6583333328125 0.39197916718750003 0.42925925937500004 0.3738020828125 0.42925925937500004 0.3738020828125 0.6583333328125 0.39197916718750003 0.6583333328125
4 0.5259375000000001 0.612222221875 0.5259375000000001 0.46601851875 0.45239583281250006 0.46601851875 0.45239583281250006 0.612222221875 0.5259375000000001 0.612222221875