1 0.7153125 0.17375000000000002 0.7153125 0.0827083328125 0.45093750000000005 0.0827083328125 0.45093750000000005 0.17375000000000002 0.7153125 0.17375000000000002
1 0.7615624999999999 0.22125 0.7615624999999999 0.1302083328125 0.5490625 0.1302083328125 0.5490625 0.22125 0.7615624999999999 0.22125
1 0.79421875 0.548125 0.79421875 0.5058333328125 0.74421875 0.5058333328125 0.74421875 0.548125 0.79421875 0.548125
3 0.47828125000000005 0.3222916671875 0.47828125000000005 0.2670833328125 0.24046875 0.2670833328125 0.24046875 0.3222916671875 0.47828125000000005 0.3222916671875
3 0.47828125000000005 0.36583333281249997 0.47828125000000005 0.32375 0.24546874999999999 0.32375 0.24546874999999999 0.36583333281249997 0.47828125000000005 0.36583333281249997
3 0.47328125 0.4341666671875 0.47328125 0.36583333281249997 0.24546874999999999 0.36583333281249997 0.24546874999999999 0.4341666671875 0.47328125 0.4341666671875
3 0.5690625 0.40125 0.5690625 0.3289583328125 0.5009375 0.3289583328125 0.5009375 0.40125 0.5690625 0.40125
3 0.6303124999999999 0.4027083328125 0.6303124999999999 0.336875 0.57109375 0.336875 0.57109375 0.4027083328125 0.6303124999999999 0.4027083328125
3 0.67375 0.40125 0.67375 0.3447916671875 0.62234375 0.3447916671875 0.62234375 0.40125 0.67375 0.40125
3 0.7003125 0.4 0.7003125 0.35 0.66578125 0.35 0.66578125 0.4 0.7003125 0.4
3 0.74171875 0.36312500000000003 0.74171875 0.31979166718749996 0.6431250000000001 0.31979166718749996 0.6431250000000001 0.36312500000000003 0.74171875 0.36312500000000003
3 0.73984375 0.4027083328125 0.73984375 0.36583333281249997 0.694375 0.36583333281249997 0.694375 0.4027083328125 0.73984375 0.4027083328125
3 0.755625 0.4066666671875 0.755625 0.3183333328125 0.7407812500000001 0.3183333328125 0.7407812500000001 0.4066666671875 0.755625 0.4066666671875
3 0.7309375 0.4947916671875 0.7309375 0.4722916671875 0.6559375000000001 0.4722916671875 0.6559375000000001 0.4947916671875 0.7309375 0.4947916671875
3 0.72703125 0.5316666671875 0.72703125 0.49874999999999997 0.6993750000000001 0.49874999999999997 0.6993750000000001 0.5316666671875 0.72703125 0.5316666671875
3 0.7535937500000001 0.5183333328125 0.7535937500000001 0.4777083328125 0.7259375 0.4777083328125 0.7259375 0.5183333328125 0.7535937500000001 0.5183333328125
3 0.69640625 0.5552083328124999 0.69640625 0.5027083328125 0.67265625 0.5027083328125 0.67265625 0.5552083328124999 0.69640625 0.5552083328124999
3 0.67375 0.5658333328125 0.67375 0.49083333281249997 0.5443749999999999 0.49083333281249997 0.5443749999999999 0.5658333328125 0.67375 0.5658333328125
3 0.58484375 0.6472916671875 0.58484375 0.5393749999999999 0.4496875 0.5393749999999999 0.4496875 0.6472916671875 0.58484375 0.6472916671875
3 0.45859375 0.5552083328124999 0.45859375 0.47375 0.29281250000000003 0.47375 0.29281250000000003 0.5552083328124999 0.45859375 0.5552083328124999
3 0.46453125 0.6460416671875 0.46453125 0.5579166671875 0.37953125 0.5579166671875 0.37953125 0.6460416671875 0.46453125 0.6460416671875
3 0.4625 0.7158333328125 0.4625 0.6277083328125 0.3825 0.6277083328125 0.3825 0.7158333328125 0.4625 0.7158333328125
3 0.39046875000000003 0.7566666671875 0.39046875000000003 0.5393749999999999 0.174375 0.5393749999999999 0.174375 0.7566666671875 0.39046875000000003 0.7566666671875
3 0.12593749999999998 0.8658333328125 0.12593749999999998 0.6539583328125 0.006562500000000001 0.6539583328125 0.006562500000000001 0.8658333328125 0.12593749999999998 0.8658333328125
3 0.14078125 0.3960416671875 0.14078125 0.2972916671875 0.0035937499999999997 0.2972916671875 0.0035937499999999997 0.3960416671875 0.14078125 0.3960416671875
3 0.25328125 0.43562500000000004 0.25328125 0.36062500000000003 0.13093749999999998 0.36062500000000003 0.13093749999999998 0.43562500000000004 0.25328125 0.43562500000000004
3 0.75625 0.4777083328125 0.75625 0.5114583328125 0.7892187500000001 0.5114583328125 0.7892187500000001 0.4777083328125 0.75625 0.4777083328125
3 0.75625 0.45083333281250004 0.75625 0.4777083328125 0.7909375 0.4777083328125 0.7909375 0.45083333281250004 0.75625 0.45083333281250004
3 0.7609375 0.4122916671875 0.7609375 0.45083333281250004 0.7909375 0.45083333281250004 0.7909375 0.4122916671875 0.7609375 0.4122916671875