1 1 0.9289583328125 0.82984375 0.9289583328125 0.82984375 0.9985416671875 1 0.9985416671875 1 0.9289583328125
1 0.34328125 1 0.34328125 0.8877083328125 0.04234375 0.8877083328125 0.04234375 1 0.34328125 1
1 0.13328125 0.6658333328125 0.13328125 0.5845833328125 0.00078125 0.5845833328125 0.00078125 0.6658333328125 0.13328125 0.6658333328125
1 0 0.8979166671875 0.04625 0.8979166671875 0.04625 0.8425 0 0.8425 0 0.8979166671875
4 0.8731249999999999 0.996875 0.8731249999999999 0.4404166671875 0.40859375 0.4404166671875 0.40859375 0.996875 0.8731249999999999 0.996875
3 0.9925 0.3341666671875 0.9925 0.0947916671875 0.77921875 0.0947916671875 0.77921875 0.3341666671875 0.9925 0.3341666671875
3 0.09140625 0.32375 0.09140625 0.1552083328125 0.0035937499999999997 0.1552083328125 0.0035937499999999997 0.32375 0.09140625 0.32375
3 0.1675 0.464375 0.1675 0.4222916671875 0.1378125 0.4222916671875 0.1378125 0.464375 0.1675 0.464375
3 0.22078125 0.45395833281250003 0.22078125 0.41979166718750005 0.1684375 0.41979166718750005 0.1684375 0.45395833281250003 0.22078125 0.45395833281250003
3 0.338125 0.45520833281249995 0.338125 0.40125 0.22374999999999998 0.40125 0.22374999999999998 0.45520833281249995 0.338125 0.45520833281249995
3 0.14578125 0.586875 0.14578125 0.5289583328125 0.11703125 0.5289583328125 0.11703125 0.586875 0.14578125 0.586875
3 0.3509375 0.4683333328125 0.3509375 0.45395833281250003 0.25421875 0.45395833281250003 0.25421875 0.4683333328125 0.3509375 0.4683333328125
3 0.1378125 0.4527083328125 0.1378125 0.42895833281250006 0.12 0.42895833281250006 0.12 0.4527083328125 0.1378125 0.4527083328125