1 0.56703125 0 0.56703125 0.1879166671875 0.74 0.1879166671875 0.74 0 0.56703125 0
1 0 0.49291666718749994 0.30593750000000003 0.49291666718749994 0.30593750000000003 0.3104166671875 0 0.3104166671875 0 0.49291666718749994
1 0.34890625000000003 0.3897916671875 0.34890625000000003 0.3585416671875 0.30015625 0.3585416671875 0.30015625 0.3897916671875 0.34890625000000003 0.3897916671875
1 0.42718749999999994 0.653125 0.42718749999999994 0.5970833328125 0.29031250000000003 0.5970833328125 0.29031250000000003 0.653125 0.42718749999999994 0.653125
1 0 0.7679166671875 0.2921875 0.7679166671875 0.2921875 0.620625 0 0.620625 0 0.7679166671875
1 0.8153124999999999 0.7575000000000001 0.8153124999999999 0.683125 0.733125 0.683125 0.733125 0.7575000000000001 0.8153124999999999 0.7575000000000001
1 0.9012499999999999 0.7104166671875001 0.9012499999999999 0.6675 0.81328125 0.6675 0.81328125 0.7104166671875001 0.9012499999999999 0.7104166671875001
1 0.87203125 0.3716666671875 0.87203125 0.27375 0.75171875 0.27375 0.75171875 0.3716666671875 0.87203125 0.3716666671875
1 0.9365625 0.4158333328125 0.9365625 0.33375 0.8651562500000001 0.33375 0.8651562500000001 0.4158333328125 0.9365625 0.4158333328125
1 0.975625 0.2125 0.975625 0.15125 0.94234375 0.15125 0.94234375 0.2125 0.975625 0.2125
1 0.9453125 0.1291666671875 0.9453125 0.028749999999999998 0.9012499999999999 0.028749999999999998 0.9012499999999999 0.1291666671875 0.9453125 0.1291666671875
1 0.9824999999999999 0.09520833281249999 0.9824999999999999 0.0039583328125 0.944375 0.0039583328125 0.944375 0.09520833281249999 0.9824999999999999 0.09520833281249999