1 0.39656250000000004 0.41166666718749995 0.39656250000000004 0.2947916671875 0.052031249999999994 0.2947916671875 0.052031249999999994 0.41166666718749995 0.39656250000000004 0.41166666718749995
1 0.66296875 0.41312499999999996 0.66296875 0.30583333281249997 0.39296875 0.30583333281249997 0.39296875 0.41312499999999996 0.66296875 0.41312499999999996
1 0.795625 0.5158333328125 0.795625 0.44312500000000005 0.65828125 0.44312500000000005 0.65828125 0.5158333328125 0.795625 0.5158333328125
1 0.7849999999999999 0.6420833328125 0.7849999999999999 0.5393749999999999 0.6559375000000001 0.5393749999999999 0.6559375000000001 0.6420833328125 0.7849999999999999 0.6420833328125
1 0.77796875 0.7716666671875 0.77796875 0.6547916671875 0.6334375 0.6547916671875 0.6334375 0.7716666671875 0.77796875 0.7716666671875
1 0.87265625 0.41479166718749994 0.87265625 0.3672916671875 0.76125 0.3672916671875 0.76125 0.41479166718749994 0.87265625 0.41479166718749994
1 0.999375 0.65 0.999375 0.58375 0.90453125 0.58375 0.90453125 0.65 0.999375 0.65
1 0.9057812500000001 0.5979166671875 0.9057812500000001 0.5283333328125 0.83828125 0.5283333328125 0.83828125 0.5979166671875 0.9057812500000001 0.5979166671875
1 0.9034375000000001 0.6389583328125 0.9034375000000001 0.5806250000000001 0.84296875 0.5806250000000001 0.84296875 0.6389583328125 0.9034375000000001 0.6389583328125
1 0.78625 0.2616666671875 0.78625 0.1352083328125 0.65828125 0.1352083328125 0.65828125 0.2616666671875 0.78625 0.2616666671875
1 0.65828125 0.196875 0.65828125 0.054791667187500004 0.42625 0.054791667187500004 0.42625 0.196875 0.65828125 0.196875
1 0.42765624999999996 0.1241666671875 0.42765624999999996 0.0029166671875000003 0.09796875000000001 0.0029166671875000003 0.09796875000000001 0.1241666671875 0.42765624999999996 0.1241666671875
1 0.441875 0.004791667187499999 0.441875 0.048333332812500004 0.66203125 0.048333332812500004 0.66203125 0.004791667187499999 0.441875 0.004791667187499999
1 0.9298437500000001 0.3254166671875 0.9298437500000001 0.2585416671875 0.86890625 0.2585416671875 0.86890625 0.3254166671875 0.9298437500000001 0.3254166671875
4 0.87015625 0.6864583328125 0.87015625 0.3916666671875 0.7692187500000001 0.3916666671875 0.7692187500000001 0.6864583328125 0.87015625 0.6864583328125
4 0.675 0.8802083328125001 0.675 0.37124999999999997 0.4028125 0.37124999999999997 0.4028125 0.8802083328125001 0.675 0.8802083328125001
4 0.42890625 0.9493750000000001 0.42890625 0.3647916671875 0.05671875 0.3647916671875 0.05671875 0.9493750000000001 0.42890625 0.9493750000000001
3 0.9707812499999999 0.21437499999999998 0.9707812499999999 0.17625 0.9115624999999999 0.17625 0.9115624999999999 0.21437499999999998 0.9707812499999999 0.21437499999999998
3 0.97265625 0.24874999999999997 0.97265625 0.2158333328125 0.9223437499999999 0.2158333328125 0.9223437499999999 0.24874999999999997 0.97265625 0.24874999999999997
3 0.9746874999999999 0.288125 0.9746874999999999 0.2472916671875 0.9193749999999999 0.2472916671875 0.9193749999999999 0.288125 0.9746874999999999 0.288125
3 0.9746874999999999 0.3210416671875 0.9746874999999999 0.288125 0.9184374999999999 0.288125 0.9184374999999999 0.3210416671875 0.9746874999999999 0.3210416671875
3 0.9767187500000001 0.36062500000000003 0.9767187500000001 0.3210416671875 0.9184374999999999 0.3210416671875 0.9184374999999999 0.36062500000000003 0.9767187500000001 0.36062500000000003
3 0.9767187500000001 0.3933333328125 0.9767187500000001 0.36062500000000003 0.9193749999999999 0.36062500000000003 0.9193749999999999 0.3933333328125 0.9767187500000001 0.3933333328125
3 0.9737500000000001 0.4341666671875 0.9737500000000001 0.3933333328125 0.9193749999999999 0.3933333328125 0.9193749999999999 0.4341666671875 0.9737500000000001 0.4341666671875
3 0.9737500000000001 0.46979166718750004 0.9737500000000001 0.4341666671875 0.9145312499999999 0.4341666671875 0.9145312499999999 0.46979166718750004 0.9737500000000001 0.46979166718750004
3 0.97171875 0.5079166671875 0.97171875 0.46979166718750004 0.9145312499999999 0.46979166718750004 0.9145312499999999 0.5079166671875 0.97171875 0.5079166671875
3 0.97171875 0.5393749999999999 0.97171875 0.5079166671875 0.9145312499999999 0.5079166671875 0.9145312499999999 0.5393749999999999 0.97171875 0.5393749999999999
3 0.9678125 0.575 0.9678125 0.5393749999999999 0.9145312499999999 0.5393749999999999 0.9145312499999999 0.575 0.9678125 0.575
3 0.9678125 0.610625 0.9678125 0.57625 0.9075 0.57625 0.9075 0.610625 0.9678125 0.610625
3 0.99640625 0.6289583328125 0.99640625 0.5222916671875 0.9678125 0.5222916671875 0.9678125 0.6289583328125 0.99640625 0.6289583328125
3 0.97171875 0.489375 0.97171875 0.52625 0.999375 0.52625 0.999375 0.489375 0.97171875 0.489375
3 0.9746874999999999 0.45 0.9746874999999999 0.489375 0.999375 0.489375 0.999375 0.45 0.9746874999999999 0.45
3 0.9746874999999999 0.40791666718749997 0.9746874999999999 0.44875 0.999375 0.44875 0.999375 0.40791666718749997 0.9746874999999999 0.40791666718749997
3 0.9776562500000001 0.37374999999999997 0.9776562500000001 0.40791666718749997 0.999375 0.40791666718749997 0.999375 0.37374999999999997 0.9776562500000001 0.37374999999999997
3 0.9776562500000001 0.3341666671875 0.9776562500000001 0.37374999999999997 0.99828125 0.37374999999999997 0.99828125 0.3341666671875 0.9776562500000001 0.3341666671875
3 0.975625 0.29874999999999996 0.975625 0.3341666671875 0.9934375 0.3341666671875 0.9934375 0.29874999999999996 0.975625 0.29874999999999996
3 0.975625 0.2658333328125 0.975625 0.29874999999999996 0.99828125 0.29874999999999996 0.99828125 0.2658333328125 0.975625 0.2658333328125
3 0.9746874999999999 0.225 0.9746874999999999 0.2658333328125 0.99828125 0.2658333328125 0.99828125 0.225 0.9746874999999999 0.225
3 0.9746874999999999 0.18416666718750002 0.9746874999999999 0.225 0.99640625 0.225 0.99640625 0.18416666718750002 0.9746874999999999 0.18416666718750002
1 0.7943749999999999 0.2214583328125 0.7943749999999999 0.2866666671875 0.8699999999999999 0.2866666671875 0.8699999999999999 0.2214583328125 0.7943749999999999 0.2214583328125
1 0.7931250000000001 0.185 0.7931250000000001 0.24479166718749998 0.86421875 0.24479166718749998 0.86421875 0.185 0.7931250000000001 0.185
1 0.79484375 0.1485416671875 0.79484375 0.2114583328125 0.8665625 0.2114583328125 0.8665625 0.1485416671875 0.79484375 0.1485416671875
1 0.7925 0.1004166671875 0.7925 0.1804166671875 0.86359375 0.1804166671875 0.86359375 0.1004166671875 0.7925 0.1004166671875
1 0.79140625 0.0770833328125 0.79140625 0.1445833328125 0.8589062500000001 0.1445833328125 0.8589062500000001 0.0770833328125 0.79140625 0.0770833328125
1 0.7849999999999999 0.028125 0.7849999999999999 0.10500000000000001 0.86296875 0.10500000000000001 0.86296875 0.028125 0.7849999999999999 0.028125
1 0.79140625 0.008749999999999999 0.79140625 0.0733333328125 0.85375 0.0733333328125 0.85375 0.008749999999999999 0.79140625 0.008749999999999999