1 0.500625 0.9775 0.500625 0.8114583328125 0.19359375 0.8114583328125 0.19359375 0.9775 0.500625 0.9775
1 0.6950000000000001 0.6160416671875 0.6950000000000001 0.5181250000000001 0.40171875 0.5181250000000001 0.40171875 0.6160416671875 0.6950000000000001 0.6160416671875
1 0.39140625 0.5591666671875 0.39140625 0.4727083328125 0.14250000000000002 0.4727083328125 0.14250000000000002 0.5591666671875 0.39140625 0.5591666671875
1 0.6967187499999999 0.8364583328125 0.6967187499999999 0.7 0.5193749999999999 0.7 0.5193749999999999 0.8364583328125 0.6967187499999999 0.8364583328125
1 0.7904687499999999 0.681875 0.7904687499999999 0.6091666671875 0.68296875 0.6091666671875 0.68296875 0.681875 0.7904687499999999 0.681875
1 0.781875 0.7364583328125 0.781875 0.6477083328125001 0.6846875 0.6477083328125001 0.6846875 0.7364583328125 0.781875 0.7364583328125
1 0.8706250000000001 0.5227083328125001 0.8706250000000001 0.4635416671875 0.80234375 0.4635416671875 0.80234375 0.5227083328125001 0.8706250000000001 0.5227083328125001
1 0.8740625 0.6727083328125001 0.8740625 0.5910416671875 0.78703125 0.5910416671875 0.78703125 0.6727083328125001 0.8740625 0.6727083328125001
1 0.9046875 0.5477083328125001 0.9046875 0.506875 0.86546875 0.506875 0.86546875 0.5477083328125001 0.9046875 0.5477083328125001
1 0.53296875 0.0020833328125000002 0.53296875 0.118125 0.7189062500000001 0.118125 0.7189062500000001 0.0020833328125000002 0.53296875 0.0020833328125000002
1 0.71546875 0.0589583328125 0.71546875 0.1816666671875 0.8126562500000001 0.1816666671875 0.8126562500000001 0.0589583328125 0.71546875 0.0589583328125
1 0.8143750000000001 0.16354166718750002 0.8143750000000001 0.254375 0.8775000000000001 0.254375 0.8775000000000001 0.16354166718750002 0.8143750000000001 0.16354166718750002
1 0.87921875 0.21354166718749998 0.87921875 0.2704166671875 0.915 0.2704166671875 0.915 0.21354166718749998 0.87921875 0.21354166718749998
1 0.90984375 0.254375 0.90984375 0.3 0.9421875 0.3 0.9421875 0.254375 0.90984375 0.254375
1 0.8400000000000001 0.0020833328125000002 0.8400000000000001 0.065625 0.9012499999999999 0.065625 0.9012499999999999 0.0020833328125000002 0.8400000000000001 0.0020833328125000002
1 0.9353125 0.27999999999999997 0.9353125 0.3139583328125 0.9542187500000001 0.3139583328125 0.9542187500000001 0.27999999999999997 0.9353125 0.27999999999999997
1 0.8621874999999999 0.5760416671875 0.8621874999999999 0.614375 0.8926562499999999 0.614375 0.8926562499999999 0.5760416671875 0.8621874999999999 0.5760416671875
4 0.16343749999999999 0.999375 0.16343749999999999 0.37124999999999997 0.0009375 0.37124999999999997 0.0009375 0.999375 0.16343749999999999 0.999375
3 0.1065625 0.0039583328125 0.1065625 0.225 0.32156250000000003 0.225 0.32156250000000003 0.0039583328125 0.1065625 0.0039583328125
3 0.691875 0.2958333328125 0.691875 0.2304166671875 0.58140625 0.2304166671875 0.58140625 0.2958333328125 0.691875 0.2958333328125