1 0.1484375 0.85648148125 0.1484375 0.9034259265625 0.31265624999999997 0.9034259265625 0.31265624999999997 0.85648148125 0.1484375 0.85648148125
1 0.5839583328125 0.5488888890625 0.5839583328125 0.4875925921875 0.510625 0.4875925921875 0.510625 0.5488888890625 0.5839583328125 0.5488888890625
1 0.24890625000000002 0.589259259375 0.24890625000000002 0.5501851859375 0.0809895828125 0.5501851859375 0.0809895828125 0.589259259375 0.24890625000000002 0.589259259375
1 0.2686979171875 0.5840740734375001 0.2686979171875 0.563240740625 0.24739583281250002 0.563240740625 0.24739583281250002 0.5840740734375001 0.2686979171875 0.5840740734375001
1 0.4446354171875 0.515 0.4446354171875 0.49805555625000003 0.42265625 0.49805555625000003 0.42265625 0.515 0.4446354171875 0.515
1 0.41822916718750003 0.513703703125 0.41822916718750003 0.4954629625 0.3852604171875 0.4954629625 0.3852604171875 0.513703703125 0.41822916718750003 0.513703703125
1 0.0399479171875 0.8525925921875 0.0399479171875 0.8982407406249999 0.14625 0.8982407406249999 0.14625 0.8525925921875 0.0399479171875 0.8525925921875
1 0.5098958328125 0.5593518515625 0.5098958328125 0.5124074078125 0.4922916671875 0.5124074078125 0.4922916671875 0.5593518515625 0.5098958328125 0.5593518515625
1 0.42484374999999996 0.456296296875 0.42484374999999996 0.43675925937500004 0.39187500000000003 0.43675925937500004 0.39187500000000003 0.456296296875 0.42484374999999996 0.456296296875
1 0.44390625000000006 0.456296296875 0.44390625000000006 0.43675925937500004 0.42411458281250003 0.43675925937500004 0.42411458281250003 0.456296296875 0.44390625000000006 0.456296296875
1 0.5823958328125001 0.9417592593749999 0.5823958328125001 0.8620370375 0.49359374999999994 0.8620370375 0.49359374999999994 0.9417592593749999 0.5823958328125001 0.9417592593749999
2 0.3352604171875 0.35925925937500003 0.3352604171875 0.9271296296875 0.46979166718750004 0.9271296296875 0.46979166718750004 0.35925925937500003 0.3352604171875 0.35925925937500003