1 0 0.1304166671875 0.18765625 0.1304166671875 0.18765625 0.0652083328125 0 0.0652083328125 0 0.1304166671875
1 0 0.1775 0.18765625 0.1775 0.18765625 0.1147916671875 0 0.1147916671875 0 0.1775
1 0.3753125 0.195625 0.3753125 0.1279166671875 0.18765625 0.1279166671875 0.18765625 0.195625 0.3753125 0.195625
1 0.53078125 0.22562500000000002 0.53078125 0.1460416671875 0.37828125 0.1460416671875 0.37828125 0.22562500000000002 0.53078125 0.22562500000000002
1 0 0.683125 0.15546875 0.683125 0.15546875 0.6166666671875001 0 0.6166666671875001 0 0.683125
1 0.5190625 0.45104166718750005 0.5190625 0.4002083328125 0.35281250000000003 0.4002083328125 0.35281250000000003 0.45104166718750005 0.5190625 0.45104166718750005
1 0.5170312499999999 0.6270833328125 0.5170312499999999 0.5541666671875001 0.35875 0.5541666671875001 0.35875 0.6270833328125 0.5170312499999999 0.6270833328125
1 0.6696875 0.1864583328125 0.6696875 0.11229166718750001 0.55125 0.11229166718750001 0.55125 0.1864583328125 0.6696875 0.1864583328125
1 0.6598437500000001 0.256875 0.6598437500000001 0.1916666671875 0.5503125 0.1916666671875 0.5503125 0.256875 0.6598437500000001 0.256875
1 0.6481250000000001 0 0.6481250000000001 0.0652083328125 0.7234375 0.0652083328125 0.7234375 0 0.6481250000000001 0
1 0.778125 0.058750000000000004 0.778125 0.0014583328125 0.72140625 0.0014583328125 0.72140625 0.058750000000000004 0.778125 0.058750000000000004
1 0.78203125 0.1160416671875 0.78203125 0.054791667187500004 0.7223437500000001 0.054791667187500004 0.7223437500000001 0.1160416671875 0.78203125 0.1160416671875
1 0.7301562500000001 0.2816666671875 0.7301562500000001 0.2295833328125 0.6598437500000001 0.2295833328125 0.6598437500000001 0.2816666671875 0.7301562500000001 0.2816666671875
1 0.7840625 0.2464583328125 0.7840625 0.1983333328125 0.7145312500000001 0.1983333328125 0.7145312500000001 0.2464583328125 0.7840625 0.2464583328125
1 0.7840625 0.30125 0.7840625 0.258125 0.72921875 0.258125 0.72921875 0.30125 0.7840625 0.30125
1 0.72828125 0.4145833328125 0.72828125 0.3689583328125 0.5434375 0.3689583328125 0.5434375 0.4145833328125 0.72828125 0.4145833328125
1 0.6490625 0.5070833328125001 0.6490625 0.45895833281250004 0.53953125 0.45895833281250004 0.53953125 0.5070833328125001 0.6490625 0.5070833328125001
1 0.6481250000000001 0.590625 0.6481250000000001 0.5345833328125 0.53953125 0.5345833328125 0.53953125 0.590625 0.6481250000000001 0.590625
1 0.724375 0.49145833281250006 0.724375 0.4485416671875 0.6490625 0.4485416671875 0.6490625 0.49145833281250006 0.724375 0.49145833281250006
1 0.7223437500000001 0.5670833328125 0.7223437500000001 0.515 0.64515625 0.515 0.64515625 0.5670833328125 0.7223437500000001 0.5670833328125
1 0.7790625 0.48250000000000004 0.7790625 0.44729166718749996 0.7223437500000001 0.44729166718749996 0.7223437500000001 0.48250000000000004 0.7790625 0.48250000000000004
1 0.7790625 0.54375 0.7790625 0.5110416671875 0.72140625 0.5110416671875 0.72140625 0.54375 0.7790625 0.54375
1 0.8328125 0.440625 0.8328125 0.4145833328125 0.786875 0.4145833328125 0.786875 0.440625 0.8328125 0.440625
1 0.8231249999999999 0.5202083328125 0.8231249999999999 0.49291666718749994 0.7849999999999999 0.49291666718749994 0.7849999999999999 0.5202083328125 0.8231249999999999 0.5202083328125
1 0.8543749999999999 0.51375 0.8543749999999999 0.485 0.8240624999999999 0.485 0.8240624999999999 0.51375 0.8543749999999999 0.51375
1 0.8768750000000001 0.5045833328125 0.8768750000000001 0.48250000000000004 0.8543749999999999 0.48250000000000004 0.8543749999999999 0.5045833328125 0.8768750000000001 0.5045833328125
1 0.8807812500000001 0.440625 0.8807812500000001 0.4158333328125 0.8309374999999999 0.4158333328125 0.8309374999999999 0.440625 0.8807812500000001 0.440625
1 0.8339062500000001 0.32083333281250004 0.8339062500000001 0.286875 0.78796875 0.286875 0.78796875 0.32083333281250004 0.8339062500000001 0.32083333281250004
1 0.8856249999999999 0.3389583328125 0.8856249999999999 0.315625 0.8573437500000001 0.315625 0.8573437500000001 0.3389583328125 0.8856249999999999 0.3389583328125
1 0.9834375 0.4966666671875 0.9834375 0.47062499999999996 0.9081250000000001 0.47062499999999996 0.9081250000000001 0.4966666671875 0.9834375 0.4966666671875
1 0.97953125 0.5345833328125 0.97953125 0.5085416671874999 0.9051562499999999 0.5085416671874999 0.9051562499999999 0.5345833328125 0.97953125 0.5345833328125
4 0.36640625 0.6660416671875 0.36640625 0.29041666718750003 0.09718750000000001 0.29041666718750003 0.09718750000000001 0.6660416671875 0.36640625 0.6660416671875
4 0.77890625 0.17875000000000002 0.77890625 0.348125 0.8731249999999999 0.348125 0.8731249999999999 0.17875000000000002 0.77890625 0.17875000000000002