1 1 0.3479166671875 0.9584374999999999 0.3479166671875 0.9584374999999999 0.3616666671875 1 0.3616666671875 1 0.3479166671875
1 1 0.42270833281250003 0.95234375 0.42270833281250003 0.95234375 0.4345833328125 1 0.4345833328125 1 0.42270833281250003
1 0.9126562500000001 0.6695833328125 0.9126562500000001 0.621875 0.72078125 0.621875 0.72078125 0.6695833328125 0.9126562500000001 0.6695833328125
1 0 0.6102083328125001 0.19624999999999998 0.6102083328125001 0.19624999999999998 0.515625 0 0.515625 0 0.6102083328125001
1 0 0.7883333328125001 0.1896875 0.7883333328125001 0.1896875 0.6883333328125001 0 0.6883333328125001 0 0.7883333328125001
1 0.42265625 0.7491666671874999 0.42265625 0.6710416671874999 0.25234375 0.6710416671874999 0.25234375 0.7491666671874999 0.42265625 0.7491666671874999
1 0.531875 0.7241666671875 0.531875 0.6558333328125 0.41937499999999994 0.6558333328125 0.41937499999999994 0.7241666671875 0.531875 0.7241666671875
1 0.43078125 0.4722916671875 0.43078125 0.383125 0.23359375 0.383125 0.23359375 0.4722916671875 0.43078125 0.4722916671875
1 0.53828125 0.4970833328125 0.53828125 0.4266666671875 0.42421875 0.4266666671875 0.42421875 0.4970833328125 0.53828125 0.4970833328125
1 0.62625 0.5470833328125 0.62625 0.49833333281250003 0.53828125 0.49833333281250003 0.53828125 0.5470833328125 0.62625 0.5470833328125
1 0.623125 0.698125 0.623125 0.645 0.531875 0.645 0.531875 0.698125 0.623125 0.698125
1 0.43484375000000003 0.1833333328125 0.43484375000000003 0.0160416671875 0.044687500000000005 0.0160416671875 0.044687500000000005 0.1833333328125 0.43484375000000003 0.1833333328125
1 0.64109375 0.6427083328125 0.64109375 0.6785416671875 0.70046875 0.6785416671875 0.70046875 0.6427083328125 0.64109375 0.6427083328125
4 1 0.5135416671875 0.9009375000000001 0.5135416671875 0.9009375000000001 0.649375 1 0.649375 1 0.5135416671875
1 0.64109375 0.6052083328125 0.64109375 0.6427083328125 0.70265625 0.6427083328125 0.70265625 0.6052083328125 0.64109375 0.6052083328125
1 0.64453125 0.569375 0.64453125 0.6052083328125 0.70265625 0.6052083328125 0.70265625 0.569375 0.64453125 0.569375
1 0.63546875 0.5277083328125001 0.63546875 0.5650000000000001 0.7015625 0.5650000000000001 0.7015625 0.5277083328125001 0.63546875 0.5277083328125001
1 0.63328125 0.48875 0.63328125 0.5335416671875 0.70265625 0.5335416671875 0.70265625 0.48875 0.63328125 0.48875
1 0.63328125 0.45145833281250003 0.63328125 0.49020833281250004 0.70609375 0.49020833281250004 0.70609375 0.45145833281250003 0.63328125 0.45145833281250003
1 0.5504687500000001 0.4110416671875 0.5504687500000001 0.45895833281250004 0.70828125 0.45895833281250004 0.70828125 0.4110416671875 0.5504687500000001 0.4110416671875
1 0.54484375 0.3708333328125 0.54484375 0.42312500000000003 0.7015625 0.42312500000000003 0.7015625 0.3708333328125 0.54484375 0.3708333328125
1 0.48875 0.335 0.48875 0.3827083328125 0.6993750000000001 0.3827083328125 0.6993750000000001 0.335 0.48875 0.335
1 0.6287499999999999 0.29020833281249997 0.6287499999999999 0.3439583328125 0.70390625 0.3439583328125 0.70390625 0.29020833281249997 0.6287499999999999 0.29020833281249997
1 0.5559375 0.254375 0.5559375 0.308125 0.7095312500000001 0.308125 0.7095312500000001 0.254375 0.5559375 0.254375