2 0.4101041671875 0.3923148140625 0.4101041671875 0.9010185187499999 0.53984375 0.9010185187499999 0.53984375 0.3923148140625 0.4101041671875 0.3923148140625
1 0 0.7276851859375 0.11395833281250001 0.7276851859375 0.11395833281250001 0.6270370375 0 0.6270370375 0 0.7276851859375
4 0.5778645828125 0.8634259265625 0.5778645828125 0.4800925921875 0.3795833328125 0.4800925921875 0.3795833328125 0.8634259265625 0.5778645828125 0.8634259265625
4 0.3853125 0.1006481484375 0.3853125 0.49935185156250006 0.5793229171875 0.49935185156250006 0.5793229171875 0.1006481484375 0.3853125 0.1006481484375
4 0.7978125 0.5070370375000001 0.7978125 0.1224074078125 0.5764583328125 0.1224074078125 0.5764583328125 0.5070370375000001 0.7978125 0.5070370375000001
4 0.7855729171875 0.862222221875 0.7855729171875 0.475 0.5670833328125 0.475 0.5670833328125 0.862222221875 0.7855729171875 0.862222221875
4 0.2584375 0.5929629624999999 0.2584375 0.7211111109375 0.39401041718749996 0.7211111109375 0.39401041718749996 0.5929629624999999 0.2584375 0.5929629624999999
4 0.2591145828125 0.4711111109375 0.2591145828125 0.5903703703125001 0.396875 0.5903703703125001 0.396875 0.4711111109375 0.2591145828125 0.4711111109375
4 0.2634375 0.33398148125 0.2634375 0.4711111109375 0.396875 0.4711111109375 0.396875 0.33398148125 0.2634375 0.33398148125
4 0.2634375 0.20194444374999998 0.2634375 0.3300925921875 0.4047916671875 0.3300925921875 0.4047916671875 0.20194444374999998 0.2634375 0.20194444374999998
4 0.26203125 0.0711111109375 0.26203125 0.2173148140625 0.40046875000000004 0.2173148140625 0.40046875000000004 0.0711111109375 0.26203125 0.0711111109375
4 0.2678125 0.004444443750000001 0.2678125 0.0865740734375 0.40697916718749994 0.0865740734375 0.40697916718749994 0.004444443750000001 0.2678125 0.004444443750000001
4 0.27067708281249997 0.7429629624999999 0.27067708281249997 0.5506481484375 0.10479166718749999 0.5506481484375 0.10479166718749999 0.7429629624999999 0.27067708281249997 0.7429629624999999
1 0.976875 0.1265740734375 0.976875 0.011018518750000001 0.7370833328125 0.011018518750000001 0.7370833328125 0.1265740734375 0.976875 0.1265740734375
1 0.7416666671875001 0.058240740624999995 0.7416666671875001 0.13305555625 0.9796354171875 0.13305555625 0.9796354171875 0.058240740624999995 0.7416666671875001 0.058240740624999995
1 0.7929166671875 0.097222221875 0.7929166671875 0.17046296249999998 0.9759895828125 0.17046296249999998 0.9759895828125 0.097222221875 0.7929166671875 0.097222221875
1 0.8047916671875001 0.1575 0.8047916671875001 0.21277777812499998 0.9741666671875 0.21277777812499998 0.9741666671875 0.1575 0.8047916671875001 0.1575
1 0.80296875 0.2046296296875 0.80296875 0.263240740625 0.97046875 0.263240740625 0.97046875 0.2046296296875 0.80296875 0.2046296296875
1 0.8020833328125001 0.25833333281250004 0.8020833328125001 0.3104629625 0.9695833328125 0.3104629625 0.9695833328125 0.25833333281250004 0.8020833328125001 0.25833333281250004
1 0.8020833328125001 0.3104629625 0.8020833328125001 0.3608333328125 0.97140625 0.3608333328125 0.97140625 0.3104629625 0.8020833328125001 0.3104629625
1 0.7983854171875 0.3641666671875 0.7983854171875 0.41129629687499997 0.9686458328124999 0.41129629687499997 0.9686458328124999 0.3641666671875 0.7983854171875 0.3641666671875
1 0.7975 0.4063888890625 0.7975 0.45685185156249997 0.9658854171875 0.45685185156249997 0.9658854171875 0.4063888890625 0.7975 0.4063888890625
1 0.7938020828125001 0.45851851874999994 0.7938020828125001 0.5073148140625 0.9622395828125001 0.5073148140625 0.9622395828125001 0.45851851874999994 0.7938020828125001 0.45851851874999994
1 0.7873958328125 0.5073148140625 0.7873958328125 0.5414814812500001 0.9622395828125001 0.5414814812500001 0.9622395828125001 0.5073148140625 0.7873958328125 0.5073148140625
1 0.7883333328125001 0.5463888890625 0.7883333328125001 0.5936111109375 0.95859375 0.5936111109375 0.95859375 0.5463888890625 0.7883333328125001 0.5463888890625
1 0.7865104171875 0.5951851859375 0.7865104171875 0.6456481484375 0.9558333328125 0.6456481484375 0.9558333328125 0.5951851859375 0.7865104171875 0.5951851859375
1 0.7855729171875 0.640740740625 0.7855729171875 0.6879629625 0.9548958328125 0.6879629625 0.9548958328125 0.640740740625 0.7855729171875 0.640740740625
1 0.7855729171875 0.6895370375 0.7855729171875 0.7367592593750001 0.9558333328125 0.7367592593750001 0.9558333328125 0.6895370375 0.7855729171875 0.6895370375
1 0.7873958328125 0.7367592593750001 0.7873958328125 0.7758333328125 0.9548958328125 0.7758333328125 0.9548958328125 0.7367592593750001 0.7873958328125 0.7367592593750001
1 0.7873958328125 0.7774074078125001 0.7873958328125 0.8181481484375001 0.9512499999999999 0.8181481484375001 0.9512499999999999 0.7774074078125001 0.7873958328125 0.7774074078125001
1 0.95859375 0.6505555562499999 0.95859375 0.6862962968749999 0.9988541671875 0.6862962968749999 0.9988541671875 0.6505555562499999 0.95859375 0.6505555562499999
1 0.9979166671874999 0.6424074078124999 0.9979166671874999 0.6163888890625 0.9613020828125001 0.6163888890625 0.9613020828125001 0.6424074078124999 0.9979166671874999 0.6424074078124999