1 0.9246874999999999 0 0.9246874999999999 0.11229166718750001 0.99703125 0.11229166718750001 0.99703125 0 0.9246874999999999 0
1 0.92578125 0.165625 0.92578125 0.0222916671875 0.8153124999999999 0.0222916671875 0.8153124999999999 0.165625 0.92578125 0.165625
1 0.915 0.47729166718749994 0.915 0.3872916671875 0.809375 0.3872916671875 0.809375 0.47729166718749994 0.915 0.47729166718749994
1 1 0.3977083328125 0.9120312500000001 0.3977083328125 0.9120312500000001 0.5122916671875 1 0.5122916671875 1 0.3977083328125
1 0.5923437500000001 0.4577083328125 0.5923437500000001 0.4225 0.46921875 0.4225 0.46921875 0.4577083328125 0.5923437500000001 0.4577083328125
1 0.44281249999999994 0.45499999999999996 0.44281249999999994 0.42458333281250005 0.3353125 0.42458333281250005 0.3353125 0.45499999999999996 0.44281249999999994 0.45499999999999996
1 0.33718750000000003 0.4525 0.33718750000000003 0.42750000000000005 0.19765625 0.42750000000000005 0.19765625 0.4525 0.33718750000000003 0.4525
1 0.2009375 0.4577083328125 0.2009375 0.42604166718750003 0.06734375000000001 0.42604166718750003 0.06734375000000001 0.4577083328125 0.2009375 0.4577083328125
1 0.66671875 0.438125 0.66671875 0.40812499999999996 0.594375 0.40812499999999996 0.594375 0.438125 0.66671875 0.438125
1 0.75953125 0.285625 0.75953125 0.256875 0.69015625 0.256875 0.69015625 0.285625 0.75953125 0.285625
1 0.7970312500000001 0.5289583328125 0.7970312500000001 0.44895833281249997 0.72734375 0.44895833281249997 0.72734375 0.5289583328125 0.7970312500000001 0.5289583328125
1 1 0.32645833281250003 0.840625 0.32645833281250003 0.840625 0.4077083328125 1 0.4077083328125 1 0.32645833281250003
4 0.69421875 0.2697916671875 0.69421875 0.4302083328125 0.76640625 0.4302083328125 0.76640625 0.2697916671875 0.69421875 0.2697916671875