1 0.14765625 0.060416667187499995 0.14765625 0.0043749999999999995 0.11656249999999999 0.0043749999999999995 0.11656249999999999 0.060416667187499995 0.14765625 0.060416667187499995
1 0.4953125 0.1483333328125 0.4953125 0.03875 0.2046875 0.03875 0.2046875 0.1483333328125 0.4953125 0.1483333328125
1 0.20546875 0.1989583328125 0.20546875 0.115625 0.1525 0.115625 0.1525 0.1989583328125 0.20546875 0.1989583328125
1 0.14906250000000001 0.2297916671875 0.14906250000000001 0.1772916671875 0.11656249999999999 0.1772916671875 0.11656249999999999 0.2297916671875 0.14906250000000001 0.2297916671875
1 0.49796874999999996 0.3085416671875 0.49796874999999996 0.2170833328125 0.19328125000000002 0.2170833328125 0.19328125000000002 0.3085416671875 0.49796874999999996 0.3085416671875
1 0.33375 0.6714583328125 0.33375 0.5808333328125 0.11921875 0.5808333328125 0.11921875 0.6714583328125 0.33375 0.6714583328125
1 0.11374999999999999 0.10833333281249999 0.11374999999999999 0.0633333328125 0.09609375 0.0633333328125 0.09609375 0.10833333281249999 0.11374999999999999 0.10833333281249999
1 0.14906250000000001 0.1916666671875 0.14906250000000001 0.14416666718749999 0.10625 0.14416666718749999 0.10625 0.1916666671875 0.14906250000000001 0.1916666671875
1 0.11921875 0.2497916671875 0.11921875 0.213125 0.10093749999999999 0.213125 0.10093749999999999 0.2497916671875 0.11921875 0.2497916671875
1 0.10093749999999999 0.2654166671875 0.10093749999999999 0.2335416671875 0.08484375 0.2335416671875 0.08484375 0.2654166671875 0.10093749999999999 0.2654166671875
1 0.9506249999999999 0.5489583328125 0.9506249999999999 0.5179166671875 0.92125 0.5179166671875 0.92125 0.5489583328125 0.9506249999999999 0.5489583328125
1 0.66453125 0.0379166671875 0.66453125 0.013333332812500001 0.6103125 0.013333332812500001 0.6103125 0.0379166671875 0.66453125 0.0379166671875
1 0.6793750000000001 0.20249999999999999 0.6793750000000001 0.1808333328125 0.6095312500000001 0.1808333328125 0.6095312500000001 0.20249999999999999 0.6793750000000001 0.20249999999999999
1 0.66640625 0.23333333281250002 0.66640625 0.21437499999999998 0.60671875 0.21437499999999998 0.60671875 0.23333333281250002 0.66640625 0.23333333281250002
1 0.66796875 0.26625 0.66796875 0.24895833281250002 0.62328125 0.24895833281250002 0.62328125 0.26625 0.66796875 0.26625
1 0.72921875 0.230625 0.72921875 0.2077083328125 0.66921875 0.2077083328125 0.66921875 0.230625 0.72921875 0.230625
1 0.73046875 0.2652083328125 0.73046875 0.24375 0.6715625000000001 0.24375 0.6715625000000001 0.2652083328125 0.73046875 0.2652083328125
1 0.80859375 0.2260416671875 0.80859375 0.20458333281250002 0.745 0.20458333281250002 0.745 0.2260416671875 0.80859375 0.2260416671875
1 0.8028124999999999 0.12375 0.8028124999999999 0.09812499999999999 0.7379687500000001 0.09812499999999999 0.7379687500000001 0.12375 0.8028124999999999 0.12375
1 0.87078125 0.1164583328125 0.87078125 0.0970833328125 0.8046875 0.0970833328125 0.8046875 0.1164583328125 0.87078125 0.1164583328125
1 0.9403124999999999 0.11750000000000001 0.9403124999999999 0.0960416671875 0.87265625 0.0960416671875 0.87265625 0.11750000000000001 0.9403124999999999 0.11750000000000001
1 0.9520312499999999 0.2295833328125 0.9520312499999999 0.20458333281250002 0.8796875 0.20458333281250002 0.8796875 0.2295833328125 0.9520312499999999 0.2295833328125
1 0.9540625 0.273125 0.9540625 0.25 0.8825 0.25 0.8825 0.273125 0.9540625 0.273125
1 0.8825 0.27 0.8825 0.24895833281250002 0.8121875 0.24895833281250002 0.8121875 0.27 0.8825 0.27
1 0.803125 0.2658333328125 0.803125 0.24375 0.74421875 0.24375 0.74421875 0.2658333328125 0.803125 0.2658333328125
1 0.6078125 0.2029166671875 0.6078125 0.18625 0.57328125 0.18625 0.57328125 0.2029166671875 0.6078125 0.2029166671875
1 0.6640625 0.166875 0.6640625 0.048333332812500004 0.52609375 0.048333332812500004 0.52609375 0.166875 0.6640625 0.166875
1 0.72140625 0.0966666671875 0.72140625 0.0772916671875 0.6625 0.0772916671875 0.6625 0.0966666671875 0.72140625 0.0966666671875
1 0.7190624999999999 0.02375 0.7190624999999999 0.00020833281250000002 0.66453125 0.00020833281250000002 0.66453125 0.02375 0.7190624999999999 0.02375
2 0.8653124999999999 0.3608333328125 0.8653124999999999 0.2147916671875 0.7865624999999999 0.2147916671875 0.7865624999999999 0.3608333328125 0.8653124999999999 0.3608333328125
4 0.9356249999999999 0.8652083328125 0.9356249999999999 0.3647916671875 0.484375 0.3647916671875 0.484375 0.8652083328125 0.9356249999999999 0.8652083328125