1 0.5 0.0441666671875 0.5 0.1352083328125 0.7692187500000001 0.1352083328125 0.7692187500000001 0.0441666671875 0.5 0.0441666671875
1 0.50390625 0.175 0.50390625 0.096875 0.44515625 0.096875 0.44515625 0.175 0.50390625 0.175
1 0.44515625 0.200625 0.44515625 0.146875 0.40671875 0.146875 0.40671875 0.200625 0.44515625 0.200625
1 0.410625 0.22875 0.410625 0.175 0.3740625 0.175 0.3740625 0.22875 0.410625 0.22875
1 0.43171875000000004 0.17124999999999999 0.43171875000000004 0.12875 0.37109375 0.12875 0.37109375 0.17124999999999999 0.43171875000000004 0.17124999999999999
1 0.37984375 0.003125 0.37984375 0.0672916671875 0.50390625 0.0672916671875 0.50390625 0.003125 0.37984375 0.003125
1 0.001875 0.1852083328125 0.001875 0.23020833281250003 0.0278125 0.23020833281250003 0.0278125 0.1852083328125 0.001875 0.1852083328125
1 0.010312499999999999 0.22125 0.010312499999999999 0.2604166671875 0.05109375000000001 0.2604166671875 0.05109375000000001 0.22125 0.010312499999999999 0.22125
1 0.047031250000000004 0.2389583328125 0.047031250000000004 0.2710416671875 0.0725 0.2710416671875 0.0725 0.2389583328125 0.047031250000000004 0.2389583328125
1 0.0028125 0.0033333328125 0.0028125 0.094375 0.05375 0.094375 0.05375 0.0033333328125 0.0028125 0.0033333328125
2 0.18390625 0.31895833281249997 0.18390625 0.4025 0.2125 0.4025 0.2125 0.31895833281249997 0.18390625 0.31895833281249997
2 0.17124999999999999 0.3825 0.17124999999999999 0.318125 0.13093749999999998 0.318125 0.13093749999999998 0.3825 0.17124999999999999 0.3825
3 0.98671875 0.7333333328125 0.98671875 0.5806250000000001 0.78203125 0.5806250000000001 0.78203125 0.7333333328125 0.98671875 0.7333333328125
3 0.9990625 0.7879166671875 0.9990625 0.6679166671875 0.89875 0.6679166671875 0.89875 0.7879166671875 0.9990625 0.7879166671875
3 0.9990625 0.46604166718749995 0.9990625 0.3404166671875 0.9621875 0.3404166671875 0.9621875 0.46604166718749995 0.9990625 0.46604166718749995
3 0.94984375 0.4279166671875 0.94984375 0.32687499999999997 0.8045312499999999 0.32687499999999997 0.8045312499999999 0.4279166671875 0.94984375 0.4279166671875
3 0.8053125 0.4022916671875 0.8053125 0.33999999999999997 0.6621875 0.33999999999999997 0.6621875 0.4022916671875 0.8053125 0.4022916671875
3 0.6628125 0.3914583328125 0.6628125 0.3383333328125 0.58765625 0.3383333328125 0.58765625 0.3914583328125 0.6628125 0.3914583328125
3 0.58765625 0.33729166718750003 0.58765625 0.3010416671875 0.5314062500000001 0.3010416671875 0.5314062500000001 0.33729166718750003 0.58765625 0.33729166718750003
3 0.58765625 0.37145833281249996 0.58765625 0.33729166718750003 0.5314062500000001 0.33729166718750003 0.5314062500000001 0.37145833281249996 0.58765625 0.37145833281249996
3 0.5689062500000001 0.4010416671875 0.5689062500000001 0.37145833281249996 0.5314062500000001 0.37145833281249996 0.5314062500000001 0.4010416671875 0.5689062500000001 0.4010416671875
3 0.809375 0.5283333328125 0.809375 0.47145833281250005 0.6678124999999999 0.47145833281250005 0.6678124999999999 0.5283333328125 0.809375 0.5283333328125
3 0.809375 0.5897916671875 0.809375 0.5283333328125 0.7121875 0.5283333328125 0.7121875 0.5897916671875 0.809375 0.5897916671875
3 0.71875 0.6039583328125 0.71875 0.5245833328125 0.5784374999999999 0.5245833328125 0.5784374999999999 0.6039583328125 0.71875 0.6039583328125
3 0.6184375 0.5352083328125 0.6184375 0.4872916671875 0.52796875 0.4872916671875 0.52796875 0.5352083328125 0.6184375 0.5352083328125
3 0.62015625 0.5625 0.62015625 0.5329166671875 0.51953125 0.5329166671875 0.51953125 0.5625 0.62015625 0.5625
3 0.60671875 0.5441666671875 0.60671875 0.4577083328125 0.48875 0.4577083328125 0.48875 0.5441666671875 0.60671875 0.5441666671875
3 0.4734375 0.516875 0.4734375 0.45562500000000006 0.4325 0.45562500000000006 0.4325 0.516875 0.4734375 0.516875
3 0.51265625 0.4627083328125 0.51265625 0.4247916671875 0.40843749999999995 0.4247916671875 0.40843749999999995 0.4627083328125 0.51265625 0.4627083328125
3 0.44859375 0.5116666671875 0.44859375 0.464375 0.41203124999999996 0.464375 0.41203124999999996 0.5116666671875 0.44859375 0.5116666671875
3 0.41312499999999996 0.5339583328125 0.41312499999999996 0.44125 0.33718750000000003 0.44125 0.33718750000000003 0.5339583328125 0.41312499999999996 0.5339583328125
3 0.44625000000000004 0.3458333328125 0.44625000000000004 0.3175 0.40359375000000003 0.3175 0.40359375000000003 0.3458333328125 0.44625000000000004 0.3458333328125
3 0.44390625000000006 0.3647916671875 0.44390625000000006 0.3458333328125 0.40718750000000004 0.3458333328125 0.40718750000000004 0.3647916671875 0.44390625000000006 0.3647916671875
3 0.436875 0.39 0.436875 0.3647916671875 0.40718750000000004 0.3647916671875 0.40718750000000004 0.39 0.436875 0.39
3 0.46640625 0.393125 0.46640625 0.3458333328125 0.42859375 0.3458333328125 0.42859375 0.393125 0.46640625 0.393125
3 0.50078125 0.36 0.50078125 0.3379166671875 0.45703125 0.3379166671875 0.45703125 0.36 0.50078125 0.36
3 0.5220312500000001 0.393125 0.5220312500000001 0.3679166671875 0.45703125 0.3679166671875 0.45703125 0.393125 0.5220312500000001 0.393125
3 0.53984375 0.3585416671875 0.53984375 0.3047916671875 0.48421875 0.3047916671875 0.48421875 0.3585416671875 0.53984375 0.3585416671875
3 0.403125 0.353125 0.403125 0.33479166718750003 0.38828125 0.33479166718750003 0.38828125 0.353125 0.403125 0.353125
3 0.403125 0.3704166671875 0.403125 0.353125 0.38921875 0.353125 0.38921875 0.3704166671875 0.403125 0.3704166671875
3 0.40109374999999997 0.38875000000000004 0.40109374999999997 0.3704166671875 0.38921875 0.3704166671875 0.38921875 0.38875000000000004 0.40109374999999997 0.38875000000000004
3 0.38921875 0.3847916671875 0.38921875 0.3625 0.3675 0.3625 0.3675 0.3847916671875 0.38921875 0.3847916671875
3 0.3665625 0.428125 0.3665625 0.40062499999999995 0.335 0.40062499999999995 0.335 0.428125 0.3665625 0.428125
3 0.3675 0.4479166671875 0.3675 0.42437500000000006 0.33796875000000004 0.42437500000000006 0.33796875000000004 0.4479166671875 0.3675 0.4479166671875
3 0.06109375 0.46020833281250006 0.06109375 0.40750000000000003 0.0171875 0.40750000000000003 0.0171875 0.46020833281250006 0.06109375 0.46020833281250006
3 0.0171875 0.40125 0.0171875 0.3616666671875 0.00234375 0.3616666671875 0.00234375 0.40125 0.0171875 0.40125
3 0.53328125 0.022083332812500002 0.53328125 0.074375 0.57578125 0.074375 0.57578125 0.022083332812500002 0.53328125 0.022083332812500002
3 0.52640625 0.0016666671875 0.52640625 0.0447916671875 0.5740624999999999 0.0447916671875 0.5740624999999999 0.0016666671875 0.52640625 0.0016666671875
3 0.53828125 0.0585416671875 0.53828125 0.0108333328125 0.5025000000000001 0.0108333328125 0.5025000000000001 0.0585416671875 0.53828125 0.0585416671875
3 0.5348437500000001 0.0947916671875 0.5348437500000001 0.0447916671875 0.5025000000000001 0.0447916671875 0.5025000000000001 0.0947916671875 0.5348437500000001 0.0947916671875
3 0.031093749999999996 0.3545833328125 0.031093749999999996 0.3754166671875 0.06109375 0.3754166671875 0.06109375 0.3545833328125 0.031093749999999996 0.3545833328125
3 0.36421875 0.38166666718750003 0.36421875 0.3608333328125 0.339375 0.3608333328125 0.339375 0.38166666718750003 0.36421875 0.38166666718750003