1 0.57703125 0.7283333328125 0.57703125 0.5710416671874999 0.23875000000000002 0.5710416671874999 0.23875000000000002 0.7283333328125 0.57703125 0.7283333328125
1 0.7446875000000001 0.701875 0.7446875000000001 0.584375 0.56140625 0.584375 0.56140625 0.701875 0.7446875000000001 0.701875
1 0.8540625000000001 0.7737499999999999 0.8540625000000001 0.6810416671875 0.7446875000000001 0.6810416671875 0.7446875000000001 0.7737499999999999 0.8540625000000001 0.7737499999999999
1 0.24453125 0.7737499999999999 0.24453125 0.6316666671875 0.00296875 0.6316666671875 0.00296875 0.7737499999999999 0.24453125 0.7737499999999999
1 0.5973437500000001 0.0041666671875 0.5973437500000001 0.1460416671875 0.7732812499999999 0.1460416671875 0.7732812499999999 0.0041666671875 0.5973437500000001 0.0041666671875
1 0.7896875 0.0014583328125 0.7896875 0.110625 0.9082812499999999 0.110625 0.9082812499999999 0.0014583328125 0.7896875 0.0014583328125
1 0.8940625000000001 0.2633333328125 0.8940625000000001 0.1160416671875 0.77734375 0.1160416671875 0.77734375 0.2633333328125 0.8940625000000001 0.2633333328125
1 0.97171875 0.304375 0.97171875 0.17333333281250002 0.8878125000000001 0.17333333281250002 0.8878125000000001 0.304375 0.97171875 0.304375
1 0.9696875 0.17875000000000002 0.9696875 0.0641666671875 0.90015625 0.0641666671875 0.90015625 0.17875000000000002 0.9696875 0.17875000000000002
1 0.9984375 0.3152083328125 0.9984375 0.2360416671875 0.965625 0.2360416671875 0.965625 0.3152083328125 0.9984375 0.3152083328125
1 0.99390625 0.5141666671875 0.99390625 0.44895833281249997 0.8182812500000001 0.44895833281249997 0.8182812500000001 0.5141666671875 0.99390625 0.5141666671875
1 0.9942187499999999 0.7216666671875 0.9942187499999999 0.6616666671875 0.9307812500000001 0.6616666671875 0.9307812500000001 0.7216666671875 0.9942187499999999 0.7216666671875
1 0.92875 0.7489583328125 0.92875 0.6643749999999999 0.8428125 0.6643749999999999 0.8428125 0.7489583328125 0.92875 0.7489583328125