1 0.58390625 0.6960416671874999 0.58390625 0.6077083328125 0.304375 0.6077083328125 0.304375 0.6960416671874999 0.58390625 0.6960416671874999
1 0.7875 0.6770833328125 0.7875 0.6139583328125 0.6951562499999999 0.6139583328125 0.6951562499999999 0.6770833328125 0.7875 0.6770833328125
1 0.7946875 0.514375 0.7946875 0.44333333281250004 0.7046875 0.44333333281250004 0.7046875 0.514375 0.7946875 0.514375
1 0.8574999999999999 0.5777083328125 0.8574999999999999 0.5302083328125 0.79109375 0.5302083328125 0.79109375 0.5777083328125 0.8574999999999999 0.5777083328125
1 0.9071875 0.49083333281249997 0.9071875 0.4497916671875 0.8006249999999999 0.4497916671875 0.8006249999999999 0.49083333281249997 0.9071875 0.49083333281249997
1 0.8917187500000001 0.58875 0.8917187500000001 0.5397916671874999 0.8550000000000001 0.5397916671874999 0.8550000000000001 0.58875 0.8917187500000001 0.58875
1 0.9356249999999999 0.5777083328125 0.9356249999999999 0.54125 0.88828125 0.54125 0.88828125 0.5777083328125 0.9356249999999999 0.5777083328125
1 0.9025000000000001 0.658125 0.9025000000000001 0.6170833328125 0.8526562500000001 0.6170833328125 0.8526562500000001 0.658125 0.9025000000000001 0.658125
1 0.8515625 0.6643749999999999 0.8515625 0.6122916671875 0.77578125 0.6122916671875 0.77578125 0.6643749999999999 0.8515625 0.6643749999999999
1 0.9731249999999999 0.5443749999999999 0.9731249999999999 0.5129166671875 0.930625 0.5129166671875 0.930625 0.5443749999999999 0.9731249999999999 0.5443749999999999
1 0.9740624999999999 0.6522916671875 0.9740624999999999 0.6129166671874999 0.9356249999999999 0.6129166671874999 0.9356249999999999 0.6522916671875 0.9740624999999999 0.6522916671875
1 0.804375 0.26687500000000003 0.804375 0.3339583328125 0.8734375 0.3339583328125 0.8734375 0.26687500000000003 0.804375 0.26687500000000003
1 0.8793749999999999 0.240625 0.8793749999999999 0.1616666671875 0.81421875 0.1616666671875 0.81421875 0.240625 0.8793749999999999 0.240625
1 0.9385937500000001 0.3077083328125 0.9385937500000001 0.265625 0.90109375 0.265625 0.90109375 0.3077083328125 0.9385937500000001 0.3077083328125
1 0.90890625 0.340625 0.90890625 0.3852083328125 0.94046875 0.3852083328125 0.94046875 0.340625 0.90890625 0.340625
1 0.86953125 0.29312499999999997 0.86953125 0.365625 0.90890625 0.365625 0.90890625 0.29312499999999997 0.86953125 0.29312499999999997
1 0.7303124999999999 0.1879166671875 0.7303124999999999 0.2866666671875 0.80625 0.2866666671875 0.80625 0.1879166671875 0.7303124999999999 0.1879166671875
1 0.62890625 0.0947916671875 0.62890625 0.2179166671875 0.7184375000000001 0.2179166671875 0.7184375000000001 0.0947916671875 0.62890625 0.0947916671875
1 0.42234375 0.0043749999999999995 0.42234375 0.1591666671875 0.640625 0.1591666671875 0.640625 0.0043749999999999995 0.42234375 0.0043749999999999995
1 0.476875 0.0022916671874999997 0.476875 0.08395833281250001 0.640625 0.08395833281250001 0.640625 0.0022916671874999997 0.476875 0.0022916671874999997
1 0.87421875 0.0245833328125 0.87421875 0.0945833328125 0.9112500000000001 0.0945833328125 0.9112500000000001 0.0245833328125 0.87421875 0.0245833328125
1 0.8339062500000001 0.0016666671875 0.8339062500000001 0.032708332812500004 0.8670312499999999 0.032708332812500004 0.8670312499999999 0.0016666671875 0.8339062500000001 0.0016666671875
1 0.9857812499999999 0.41541666718750003 0.9857812499999999 0.3602083328125 0.94046875 0.3602083328125 0.94046875 0.41541666718750003 0.9857812499999999 0.41541666718750003
1 0.905625 0.08625000000000001 0.905625 0.15270833281250001 0.9529687499999999 0.15270833281250001 0.9529687499999999 0.08625000000000001 0.905625 0.08625000000000001
1 0.9175000000000001 0.024791667187499998 0.9175000000000001 0.0720833328125 0.9589062500000001 0.0720833328125 0.9589062500000001 0.024791667187499998 0.9175000000000001 0.024791667187499998
1 0.9790625000000001 0.2095833328125 0.9790625000000001 0.13999999999999999 0.9446875 0.13999999999999999 0.9446875 0.2095833328125 0.9790625000000001 0.2095833328125
1 0.23484375000000002 0.7685416671875 0.23484375000000002 0.6185416671875 0.0015625 0.6185416671875 0.0015625 0.7685416671875 0.23484375000000002 0.7685416671875
4 0.70765625 0.6891666671875 0.70765625 0.2929166671875 0.34609375 0.2929166671875 0.34609375 0.6891666671875 0.70765625 0.6891666671875
4 0.9981249999999999 0.4314583328125 0.9981249999999999 0.2364583328125 0.9471875000000001 0.2364583328125 0.9471875000000001 0.4314583328125 0.9981249999999999 0.4314583328125