4 0.40140624999999996 0.4883333328125 0.40140624999999996 0.6693749999999999 0.5371875 0.6693749999999999 0.5371875 0.4883333328125 0.40140624999999996 0.4883333328125
4 0.53640625 0.849375 0.53640625 0.6693749999999999 0.40515625 0.6693749999999999 0.40515625 0.849375 0.53640625 0.849375
1 1 0.8295833328125 0.8046875 0.8295833328125 0.8046875 0.9302083328125 1 0.9302083328125 1 0.8295833328125
1 0.77953125 0.9160416671875 0.77953125 0.6245833328125 0.6209374999999999 0.6245833328125 0.6209374999999999 0.9160416671875 0.77953125 0.9160416671875
1 0.72734375 0.6245833328125 0.72734375 0.5689583328125 0.53671875 0.5689583328125 0.53671875 0.6245833328125 0.72734375 0.6245833328125
1 0.64515625 0.9043749999999999 0.64515625 0.8114583328125 0.54453125 0.8114583328125 0.54453125 0.9043749999999999 0.64515625 0.9043749999999999
1 0.19624999999999998 0.8800000000000001 0.19624999999999998 0.9277083328125 0.3578125 0.9277083328125 0.3578125 0.8800000000000001 0.19624999999999998 0.8800000000000001
1 0.37234375000000003 0.5947916671875 0.37234375000000003 0.8166666671874999 0.40421874999999996 0.8166666671874999 0.40421874999999996 0.5947916671875 0.37234375000000003 0.5947916671875
1 0.18640625 0.8308333328125 0.18640625 0.775625 0.0228125 0.775625 0.0228125 0.8308333328125 0.18640625 0.8308333328125
1 0.18640625 0.7958333328125 0.18640625 0.8933333328125 0.35812499999999997 0.8933333328125 0.35812499999999997 0.7958333328125 0.18640625 0.7958333328125
1 0.18296874999999999 0.791875 0.18296874999999999 0.753125 0.020624999999999998 0.753125 0.020624999999999998 0.791875 0.18296874999999999 0.791875
1 0.1896875 0.765 0.1896875 0.7262500000000001 0.020624999999999998 0.7262500000000001 0.020624999999999998 0.765 0.1896875 0.765
1 0.19640625 0.7441666671875 0.19640625 0.7008333328125 0.018437500000000002 0.7008333328125 0.018437500000000002 0.7441666671875 0.19640625 0.7441666671875
1 0.17859375 0.721875 0.17859375 0.676875 0.0171875 0.676875 0.0171875 0.721875 0.17859375 0.721875
1 0.18078125 0.6964583328125 0.18078125 0.6516666671875 0.00828125 0.6516666671875 0.00828125 0.6964583328125 0.18078125 0.6964583328125
1 0.17515624999999999 0.660625 0.17515624999999999 0.6202083328125 0.0128125 0.6202083328125 0.0128125 0.660625 0.17515624999999999 0.660625
1 0.23453125 0.584375 0.23453125 0.5560416671875 0.1628125 0.5560416671875 0.1628125 0.584375 0.23453125 0.584375
1 0.22890625 0.6022916671874999 0.22890625 0.5814583328125 0.16734374999999999 0.5814583328125 0.16734374999999999 0.6022916671874999 0.22890625 0.6022916671874999
1 0.22671875 0.61875 0.22671875 0.6052083328125 0.1684375 0.6052083328125 0.1684375 0.61875 0.22671875 0.61875
1 0.22781250000000003 0.63375 0.22781250000000003 0.6202083328125 0.17296875 0.6202083328125 0.17296875 0.63375 0.22781250000000003 0.63375
1 0.22562500000000002 0.6485416671875 0.22562500000000002 0.6352083328125 0.17296875 0.6352083328125 0.17296875 0.6485416671875 0.22562500000000002 0.6485416671875
1 0.22890625 0.6664583328125 0.22890625 0.65 0.17734375 0.65 0.17734375 0.6664583328125 0.22890625 0.6664583328125
1 0.22328125000000001 0.6829166671875 0.22328125000000001 0.660625 0.181875 0.660625 0.181875 0.6829166671875 0.22328125000000001 0.6829166671875
1 0.053125 0.5320833328125001 0.053125 0.5081249999999999 0.00828125 0.5081249999999999 0.00828125 0.5320833328125001 0.053125 0.5320833328125001
1 0.0609375 0.5529166671875 0.0609375 0.5335416671875 0.0026562499999999998 0.5335416671875 0.0026562499999999998 0.5529166671875 0.0609375 0.5529166671875
1 0.0553125 0.569375 0.0553125 0.5529166671875 0.00046875 0.5529166671875 0.00046875 0.569375 0.0553125 0.569375
1 0.0553125 0.591875 0.0553125 0.5679166671875 0.0015625 0.5679166671875 0.0015625 0.591875 0.0553125 0.591875
1 0.053125 0.6127083328125 0.053125 0.5947916671875 0.0015625 0.5947916671875 0.0015625 0.6127083328125 0.053125 0.6127083328125
1 0.0496875 0.6277083328125 0.0496875 0.6127083328125 0.00046875 0.6127083328125 0.00046875 0.6277083328125 0.0496875 0.6277083328125
1 0.0015625 0.914375 0.0015625 0.983125 0.0340625 0.983125 0.0340625 0.914375 0.0015625 0.914375
1 0.02734375 0.9204166671875 0.02734375 0.8741666671875 0.00609375 0.8741666671875 0.00609375 0.9204166671875 0.02734375 0.9204166671875
1 0.020624999999999998 0.868125 0.020624999999999998 0.8366666671875 0.0015625 0.8366666671875 0.0015625 0.868125 0.020624999999999998 0.868125
1 0.01390625 0.8366666671875 0.01390625 0.7904166671875 0.0015625 0.7904166671875 0.0015625 0.8366666671875 0.01390625 0.8366666671875