1 0.61328125 0.31604166718750004 0.61328125 0.244375 0.3259375 0.244375 0.3259375 0.31604166718750004 0.61328125 0.31604166718750004
1 0.60875 0.1672916671875 0.60875 0.0775 0.33046875 0.0775 0.33046875 0.1672916671875 0.60875 0.1672916671875
1 0.3315625 0.20354166718750002 0.3315625 0.1364583328125 0.256875 0.1364583328125 0.256875 0.20354166718750002 0.3315625 0.20354166718750002
1 0.25296875 0.23374999999999999 0.25296875 0.18020833281249998 0.20375000000000001 0.18020833281249998 0.20375000000000001 0.23374999999999999 0.25296875 0.23374999999999999
1 0.203125 0.2504166671875 0.203125 0.20875 0.17203125 0.20875 0.17203125 0.2504166671875 0.203125 0.2504166671875
1 0.22296875 0.0775 0.22296875 0.0066666671875 0.18625 0.0066666671875 0.18625 0.0775 0.22296875 0.0775
1 0.1828125 0.12062500000000001 0.1828125 0.06625 0.1521875 0.06625 0.1521875 0.12062500000000001 0.1828125 0.12062500000000001
1 0.13015625 0 0.13015625 0.036875000000000005 0.15625 0.036875000000000005 0.15625 0 0.13015625 0
1 0.155 0.1402083328125 0.155 0.1025 0.13640625 0.1025 0.13640625 0.1402083328125 0.155 0.1402083328125
1 0.13640625 0.168125 0.13640625 0.13187500000000002 0.11609375 0.13187500000000002 0.11609375 0.168125 0.13640625 0.168125
1 0.16859375000000001 0.27 0.16859375000000001 0.234375 0.144375 0.234375 0.144375 0.27 0.16859375000000001 0.27
1 0.144375 0.2827083328125 0.144375 0.2547916671875 0.1284375 0.2547916671875 0.1284375 0.2827083328125 0.144375 0.2827083328125
1 0.12625 0.2941666671875 0.12625 0.2683333328125 0.108125 0.2683333328125 0.108125 0.2941666671875 0.12625 0.2941666671875
1 0.4390625 0.649375 0.4390625 0.5616666671874999 0.23140624999999998 0.5616666671874999 0.23140624999999998 0.649375 0.4390625 0.649375
1 0.2303125 0.1983333328125 0.2303125 0.15270833281250001 0.17796875 0.15270833281250001 0.17796875 0.1983333328125 0.2303125 0.1983333328125
1 0.11203125 0.4795833328125 0.11203125 0.458125 0.09625 0.458125 0.09625 0.4795833328125 0.11203125 0.4795833328125
1 0.7353125 0.046458332812499996 0.7353125 0.025625 0.69328125 0.025625 0.69328125 0.046458332812499996 0.7353125 0.046458332812499996
1 0.8135937500000001 0.034999999999999996 0.8135937500000001 0.014374999999999999 0.75328125 0.014374999999999999 0.75328125 0.034999999999999996 0.8135937500000001 0.034999999999999996
1 0.9379687499999999 0.026250000000000002 0.9379687499999999 0.0041666671875 0.8809374999999999 0.0041666671875 0.8809374999999999 0.026250000000000002 0.9379687499999999 0.026250000000000002
1 0.8262499999999999 0.14250000000000002 0.8262499999999999 0.12 0.765 0.12 0.765 0.14250000000000002 0.8262499999999999 0.14250000000000002
1 0.88609375 0.140625 0.88609375 0.11729166718749999 0.8253125000000001 0.11729166718749999 0.8253125000000001 0.140625 0.88609375 0.140625
1 0.9503125000000001 0.139375 0.9503125000000001 0.1185416671875 0.8865624999999999 0.1185416671875 0.8865624999999999 0.139375 0.9503125000000001 0.139375
1 0.8418749999999999 0.240625 0.8418749999999999 0.2185416671875 0.76640625 0.2185416671875 0.76640625 0.240625 0.8418749999999999 0.240625
1 0.9610937500000001 0.24625 0.9610937500000001 0.21916666718750002 0.89421875 0.21916666718750002 0.89421875 0.24625 0.9610937500000001 0.24625
1 0.9625 0.2870833328125 0.9625 0.260625 0.8975 0.260625 0.8975 0.2870833328125 0.9625 0.2870833328125
1 0.8970312500000001 0.27770833281249996 0.8970312500000001 0.26 0.834375 0.26 0.834375 0.27770833281249996 0.8970312500000001 0.27770833281249996
1 0.8276562500000001 0.2752083328125 0.8276562500000001 0.2525 0.766875 0.2525 0.766875 0.2752083328125 0.8276562500000001 0.2752083328125
1 0.7224999999999999 0.1827083328125 0.7224999999999999 0.0935416671875 0.6184375 0.0935416671875 0.6184375 0.1827083328125 0.7224999999999999 0.1827083328125
1 0.7428125 0.24375 0.7428125 0.2216666671875 0.6990624999999999 0.2216666671875 0.6990624999999999 0.24375 0.7428125 0.24375
1 0.74375 0.2733333328125 0.74375 0.254375 0.6971875 0.254375 0.6971875 0.2733333328125 0.74375 0.2733333328125
1 0.7056250000000001 0.2122916671875 0.7056250000000001 0.1979166671875 0.63953125 0.1979166671875 0.63953125 0.2122916671875 0.7056250000000001 0.2122916671875
4 0.9528125 0.7577083328125 0.9528125 0.3595833328125 0.6053124999999999 0.3595833328125 0.6053124999999999 0.7577083328125 0.9528125 0.7577083328125
2 0.8903125 0.4095833328125 0.8903125 0.2327083328125 0.8 0.2327083328125 0.8 0.4095833328125 0.8903125 0.4095833328125