1 0.76875 0.4122916671875 0.76875 0.33166666718750004 0.39234375 0.33166666718750004 0.39234375 0.4122916671875 0.76875 0.4122916671875
1 0.8868750000000001 0.4222916671875 0.8868750000000001 0.3560416671875 0.7675 0.3560416671875 0.7675 0.4222916671875 0.8868750000000001 0.4222916671875
1 0.40359375000000003 0.08875 0.40359375000000003 0.21770833281250002 0.76890625 0.21770833281250002 0.76890625 0.08875 0.40359375000000003 0.08875
1 0.53015625 0.0016666671875 0.53015625 0.08687500000000001 0.751875 0.08687500000000001 0.751875 0.0016666671875 0.53015625 0.0016666671875
1 0.8682812500000001 0.16458333281249998 0.8682812500000001 0.06979166718749999 0.74609375 0.06979166718749999 0.74609375 0.16458333281249998 0.8682812500000001 0.16458333281249998
1 0.8682812500000001 0.27458333281249997 0.8682812500000001 0.16458333281249998 0.751875 0.16458333281249998 0.751875 0.27458333281249997 0.8682812500000001 0.27458333281249997
1 0.9337500000000001 0.3047916671875 0.9337500000000001 0.23854166718749997 0.8696875000000001 0.23854166718749997 0.8696875000000001 0.3047916671875 0.9337500000000001 0.3047916671875
1 0.9265625 0.2195833328125 0.9265625 0.141875 0.8682812500000001 0.141875 0.8682812500000001 0.2195833328125 0.9265625 0.2195833328125
1 0.91953125 0.1514583328125 0.91953125 0.071875 0.8682812500000001 0.071875 0.8682812500000001 0.1514583328125 0.91953125 0.1514583328125
2 0.9682812500000001 0.7660416671875 0.9682812500000001 0.3083333328125 0.785625 0.3083333328125 0.785625 0.7660416671875 0.9682812500000001 0.7660416671875
4 0.7740625 0.853125 0.7740625 0.349375 0.36343749999999997 0.349375 0.36343749999999997 0.853125 0.7740625 0.853125
4 0.91828125 0.77125 0.91828125 0.37875000000000003 0.74421875 0.37875000000000003 0.74421875 0.77125 0.91828125 0.77125