1 0.0023958328125 0.026296296875000003 0.0023958328125 0.08527777812500001 0.032708332812500004 0.08527777812500001 0.032708332812500004 0.026296296875000003 0.0023958328125 0.026296296875000003
3 0.99875 0.568796296875 0.99875 0.41648148125000006 0.9118229171875001 0.41648148125000006 0.9118229171875001 0.568796296875 0.99875 0.568796296875
3 0.9194791671875 0.5278703703125001 0.9194791671875 0.37555555625000003 0.694375 0.37555555625000003 0.694375 0.5278703703125001 0.9194791671875 0.5278703703125001
3 0.7109895828125 0.5051851859375 0.7109895828125 0.389259259375 0.5818229171875 0.389259259375 0.5818229171875 0.5051851859375 0.7109895828125 0.5051851859375
3 0.6163541671874999 0.48472222187499997 0.6163541671874999 0.37787037031250004 0.49484374999999997 0.37787037031250004 0.49484374999999997 0.48472222187499997 0.6163541671874999 0.48472222187499997
3 0.49484374999999997 0.4711111109375 0.49484374999999997 0.37555555625000003 0.42578125 0.37555555625000003 0.42578125 0.4711111109375 0.49484374999999997 0.4711111109375
3 0.6010416671875001 0.343703703125 0.6010416671875001 0.2891666671875 0.4692708328125 0.2891666671875 0.4692708328125 0.343703703125 0.6010416671875001 0.343703703125
3 0.6010416671875001 0.39148148125 0.6010416671875001 0.343703703125 0.4769791671875 0.343703703125 0.4769791671875 0.39148148125 0.6010416671875001 0.39148148125
3 0.4769791671875 0.4278703703125 0.4769791671875 0.27777777812500004 0.3925520828125 0.27777777812500004 0.3925520828125 0.4278703703125 0.4769791671875 0.4278703703125
3 0.4296354171875 0.4528703703125 0.4296354171875 0.3391666671875 0.25953125 0.3391666671875 0.25953125 0.4528703703125 0.4296354171875 0.4528703703125
3 0.48078125 0.7462037031250001 0.48078125 0.589259259375 0.3234895828125 0.589259259375 0.3234895828125 0.7462037031250001 0.48078125 0.7462037031250001
3 0.4859375 0.5938888890625 0.4859375 0.5165740734375001 0.4002083328125 0.5165740734375001 0.4002083328125 0.5938888890625 0.4859375 0.5938888890625
3 0.99875 0.9986111109375001 0.99875 0.7371296296875001 0.8414583328124999 0.7371296296875001 0.8414583328124999 0.9986111109375001 0.99875 0.9986111109375001
3 0.38166666718750003 0.6605555562500001 0.38166666718750003 0.47898148125000006 0.21380208281250002 0.47898148125000006 0.21380208281250002 0.6605555562500001 0.38166666718750003 0.6605555562500001
3 0.2253645828125 0.5168518515625 0.2253645828125 0.45685185156249997 0.18182291718750002 0.45685185156249997 0.18182291718750002 0.5168518515625 0.2253645828125 0.5168518515625
3 0.23156249999999998 0.5784259265625 0.23156249999999998 0.513703703125 0.18453124999999998 0.513703703125 0.18453124999999998 0.5784259265625 0.23156249999999998 0.5784259265625
3 0.22713541718750002 0.6478703703125 0.22713541718750002 0.5784259265625 0.18453124999999998 0.5784259265625 0.18453124999999998 0.6478703703125 0.22713541718750002 0.6478703703125
3 0.17916666718750002 0.515277778125 0.17916666718750002 0.444259259375 0.1471875 0.444259259375 0.1471875 0.515277778125 0.17916666718750002 0.515277778125
3 0.1809375 0.5658333328125 0.1809375 0.515277778125 0.1516666671875 0.515277778125 0.1516666671875 0.5658333328125 0.1809375 0.5658333328125
3 0.1836458328125 0.6211111109375 0.1836458328125 0.5658333328125 0.1516666671875 0.5658333328125 0.1516666671875 0.6211111109375 0.1836458328125 0.6211111109375
3 0.1578645828125 0.6131481484375 0.1578645828125 0.5278703703125001 0.10546875 0.5278703703125001 0.10546875 0.6131481484375 0.1578645828125 0.6131481484375
3 0.1214583328125 0.5878703703125 0.1214583328125 0.52 0.08859375 0.52 0.08859375 0.5878703703125 0.1214583328125 0.5878703703125
3 0.1028125 0.5578703703125 0.1028125 0.49787037031250003 0.0583854171875 0.49787037031250003 0.0583854171875 0.5578703703125 0.1028125 0.5578703703125
3 0.0814583328125 0.49157407343750004 0.0814583328125 0.4411111109375 0.0086458328125 0.4411111109375 0.0086458328125 0.49157407343750004 0.0814583328125 0.49157407343750004
3 0.0610416671875 0.534259259375 0.0610416671875 0.48842592656250006 0.02640625 0.48842592656250006 0.02640625 0.534259259375 0.0610416671875 0.534259259375
3 0.0246354171875 0.5231481484375 0.0246354171875 0.46953703750000003 0.0006770828125000001 0.46953703750000003 0.0006770828125000001 0.5231481484375 0.0246354171875 0.5231481484375
3 0.11703125 0.3495370375 0.11703125 0.2974074078125 0.0272916671875 0.2974074078125 0.0272916671875 0.3495370375 0.11703125 0.3495370375
3 0.0947916671875 0.4095370375 0.0947916671875 0.3495370375 0.028177082812499997 0.3495370375 0.028177082812499997 0.4095370375 0.0947916671875 0.4095370375
3 0.1205729171875 0.4031481484375 0.1205729171875 0.3415740734375 0.08859375 0.3415740734375 0.08859375 0.4031481484375 0.1205729171875 0.4031481484375
3 0.25557291718749997 0.35111111093749997 0.25557291718749997 0.2958333328125 0.1188020828125 0.2958333328125 0.1188020828125 0.35111111093749997 0.25557291718749997 0.35111111093749997
3 0.24578125 0.436296296875 0.24578125 0.34629629687499996 0.1773958328125 0.34629629687499996 0.1773958328125 0.436296296875 0.24578125 0.436296296875
3 0.2670833328125 0.4331481484375 0.2670833328125 0.3668518515625 0.2218229171875 0.3668518515625 0.2218229171875 0.4331481484375 0.2670833328125 0.4331481484375
3 0.18453124999999998 0.41111111093749997 0.18453124999999998 0.35111111093749997 0.11968749999999999 0.35111111093749997 0.11968749999999999 0.41111111093749997 0.18453124999999998 0.41111111093749997
3 0.1205729171875 0.384259259375 0.1205729171875 0.27055555625 0.0202083328125 0.27055555625 0.0202083328125 0.384259259375 0.1205729171875 0.384259259375
3 0.01578125 0.3495370375 0.01578125 0.294259259375 0.0015625 0.294259259375 0.0015625 0.3495370375 0.01578125 0.3495370375
3 0.0202083328125 0.3811111109375 0.0202083328125 0.344722221875 0.0015625 0.344722221875 0.0015625 0.3811111109375 0.0202083328125 0.3811111109375