1 1 0.6779166671875 0.9140625 0.6779166671875 0.9140625 0.8904166671875 1 0.8904166671875 1 0.6779166671875
1 0.8495312500000001 0.43937499999999996 0.8495312500000001 0.39249999999999996 0.74390625 0.39249999999999996 0.74390625 0.43937499999999996 0.8495312500000001 0.43937499999999996
1 0.8484375 0.48250000000000004 0.8484375 0.43541666718750005 0.7409375 0.43541666718750005 0.7409375 0.48250000000000004 0.8484375 0.48250000000000004
1 0.54453125 0.075625 0.54453125 0.0189583328125 0.47453124999999996 0.0189583328125 0.47453124999999996 0.075625 0.54453125 0.075625
1 0.540625 0.12854166718749999 0.540625 0.0829166671875 0.50875 0.0829166671875 0.50875 0.12854166718749999 0.540625 0.12854166718749999
1 0.9996875 0.0602083328125 0.9996875 0.0125 0.9604687500000001 0.0125 0.9604687500000001 0.0602083328125 0.9996875 0.0602083328125
1 0.9285937499999999 0.2833333328125 0.9285937499999999 0.255625 0.90546875 0.255625 0.90546875 0.2833333328125 0.9285937499999999 0.2833333328125
1 0.98515625 0.271875 0.98515625 0.2497916671875 0.929375 0.2497916671875 0.929375 0.271875 0.98515625 0.271875
1 0.9646874999999999 0.32145833281249997 0.9646874999999999 0.296875 0.92703125 0.296875 0.92703125 0.32145833281249997 0.9646874999999999 0.32145833281249997
1 0.9262499999999999 0.3241666671875 0.9262499999999999 0.2995833328125 0.90265625 0.2995833328125 0.90265625 0.3241666671875 0.9262499999999999 0.3241666671875
1 0.90109375 0.2791666671875 0.90109375 0.26125 0.87671875 0.26125 0.87671875 0.2791666671875 0.90109375 0.2791666671875
1 0.8748437499999999 0.2827083328125 0.8748437499999999 0.26916666718750004 0.8571875 0.26916666718750004 0.8571875 0.2827083328125 0.8748437499999999 0.2827083328125
2 0.99609375 0.6364583328125 0.99609375 0.3083333328125 0.8740625 0.3083333328125 0.8740625 0.6364583328125 0.99609375 0.6364583328125
3 0.015312500000000001 0.10458333281250001 0.015312500000000001 0.349375 0.25 0.349375 0.25 0.10458333281250001 0.015312500000000001 0.10458333281250001
3 0.25578124999999996 0.5608333328125 0.25578124999999996 0.4135416671875 0.00578125 0.4135416671875 0.00578125 0.5608333328125 0.25578124999999996 0.5608333328125
3 0.25015624999999997 0.6441666671874999 0.25015624999999997 0.5339583328125 0.00484375 0.5339583328125 0.00484375 0.6441666671874999 0.25015624999999997 0.6441666671874999
3 0.2028125 0.48020833281249997 0.2028125 0.5802083328125 0.31921875 0.5802083328125 0.31921875 0.48020833281249997 0.2028125 0.48020833281249997
3 0.21156250000000001 0.2570833328125 0.21156250000000001 0.3314583328125 0.32984375 0.3314583328125 0.32984375 0.2570833328125 0.21156250000000001 0.2570833328125
3 0.226875 0.199375 0.226875 0.2685416671875 0.37890625 0.2685416671875 0.37890625 0.199375 0.226875 0.199375
3 0.30281250000000004 0.25833333281250004 0.30281250000000004 0.32625000000000004 0.3759375 0.32625000000000004 0.3759375 0.25833333281250004 0.30281250000000004 0.25833333281250004
3 0.3740625 0.2685416671875 0.3740625 0.3225 0.426875 0.3225 0.426875 0.2685416671875 0.3740625 0.2685416671875
3 0.37984375 0.2147916671875 0.37984375 0.27625 0.42312500000000003 0.27625 0.42312500000000003 0.2147916671875 0.37984375 0.2147916671875
3 0.41531250000000003 0.2314583328125 0.41531250000000003 0.2802083328125 0.45968749999999997 0.2802083328125 0.45968749999999997 0.2314583328125 0.41531250000000003 0.2314583328125
3 0.4528125 0.3302083328125 0.4528125 0.2827083328125 0.41531250000000003 0.2827083328125 0.41531250000000003 0.3302083328125 0.4528125 0.3302083328125
3 0.448125 0.2954166671875 0.448125 0.32625000000000004 0.48171875000000003 0.32625000000000004 0.48171875000000003 0.2954166671875 0.448125 0.2954166671875
3 0.45093750000000005 0.248125 0.45093750000000005 0.2954166671875 0.4884375 0.2954166671875 0.4884375 0.248125 0.45093750000000005 0.248125
3 0.47781250000000003 0.250625 0.47781250000000003 0.2954166671875 0.50671875 0.2954166671875 0.50671875 0.250625 0.47781250000000003 0.250625
3 0.49906249999999996 0.3314583328125 0.49906249999999996 0.2954166671875 0.475 0.2954166671875 0.475 0.3314583328125 0.49906249999999996 0.3314583328125
3 0.5231250000000001 0.3302083328125 0.5231250000000001 0.296875 0.4971875 0.296875 0.4971875 0.3302083328125 0.5231250000000001 0.3302083328125
3 0.37734375 0.3852083328125 0.37734375 0.46979166718750004 0.48296875000000006 0.46979166718750004 0.48296875000000006 0.3852083328125 0.37734375 0.3852083328125
3 0.46749999999999997 0.41624999999999995 0.46749999999999997 0.43854166718750004 0.505625 0.43854166718750004 0.505625 0.41624999999999995 0.46749999999999997 0.41624999999999995
3 0.41078125 0.3797916671875 0.41078125 0.4064583328125 0.49953125 0.4064583328125 0.49953125 0.3797916671875 0.41078125 0.3797916671875
3 0.42546875 0.34500000000000003 0.42546875 0.3735416671875 0.5215625 0.3735416671875 0.5215625 0.34500000000000003 0.42546875 0.34500000000000003
3 0.495625 0.3735416671875 0.495625 0.3985416671875 0.5170312499999999 0.3985416671875 0.5170312499999999 0.3735416671875 0.495625 0.3735416671875
3 0.495 0.3985416671875 0.495 0.4314583328125 0.5215625 0.4314583328125 0.5215625 0.3985416671875 0.495 0.3985416671875