1 0.8778124999999999 0.6139583328125 0.8778124999999999 0.560625 0.6959375 0.560625 0.6959375 0.6139583328125 0.8778124999999999 0.6139583328125
1 0.87203125 0.6858333328125 0.87203125 0.63625 0.69703125 0.63625 0.69703125 0.6858333328125 0.87203125 0.6858333328125
1 0.31859375 0.1735416671875 0.31859375 0.0366666671875 0.13874999999999998 0.0366666671875 0.13874999999999998 0.1735416671875 0.31859375 0.1735416671875
1 0.48296875000000006 0.2529166671875 0.48296875000000006 0.15125 0.34703125 0.15125 0.34703125 0.2529166671875 0.48296875000000006 0.2529166671875
1 0.63828125 0.2139583328125 0.63828125 0.15 0.57578125 0.15 0.57578125 0.2139583328125 0.63828125 0.2139583328125
1 0.64125 0.074375 0.64125 0.00020833281250000002 0.5689062500000001 0.00020833281250000002 0.5689062500000001 0.074375 0.64125 0.074375
1 0.63734375 0.33125 0.63734375 0.2725 0.5659375 0.2725 0.5659375 0.33125 0.63734375 0.33125
1 0.6246875000000001 0.5110416671875 0.6246875000000001 0.45895833281250004 0.46624999999999994 0.45895833281250004 0.46624999999999994 0.5110416671875 0.6246875000000001 0.5110416671875
1 0.6196875000000001 0.6310416671875 0.6196875000000001 0.5814583328125 0.45265625 0.5814583328125 0.45265625 0.6310416671875 0.6196875000000001 0.6310416671875
1 0.4671875 0.47583333281250006 0.4671875 0.410625 0.33234375 0.410625 0.33234375 0.47583333281250006 0.4671875 0.47583333281250006
1 0.4496875 0.63625 0.4496875 0.5814583328125 0.32640625 0.5814583328125 0.32640625 0.63625 0.4496875 0.63625
1 0.2971875 0.5214583328125 0.2971875 0.45104166718750005 0.09875 0.45104166718750005 0.09875 0.5214583328125 0.2971875 0.5214583328125
1 0 0.3533333328125 0.1075 0.3533333328125 0.1075 0.2595833328125 0 0.2595833328125 0 0.3533333328125
1 0 0.4954166671875 0.09765625 0.4954166671875 0.09765625 0.41979166718750005 0 0.41979166718750005 0 0.4954166671875
1 0.29328125 0.6454166671875 0.29328125 0.5970833328125 0.100625 0.5970833328125 0.100625 0.6454166671875 0.29328125 0.6454166671875
1 0.3225 0.0470833328125 0.3225 0.00020833281250000002 0.24234375 0.00020833281250000002 0.24234375 0.0470833328125 0.3225 0.0470833328125
1 0.0009375 0 0.0009375 0.071875 0.136875 0.071875 0.136875 0 0.0009375 0
1 0 0.6595833328125 0.0859375 0.6595833328125 0.0859375 0.5879166671875 0 0.5879166671875 0 0.6595833328125
4 0.32890625 0.0120833328125 0.32890625 0.3185416671875 0.589375 0.3185416671875 0.589375 0.0120833328125 0.32890625 0.0120833328125