1 0.92671875 0.6283333328125 0.92671875 0.560625 0.65390625 0.560625 0.65390625 0.6283333328125 0.92671875 0.6283333328125
1 0.9276562500000001 0.73 0.9276562500000001 0.653125 0.65109375 0.653125 0.65109375 0.73 0.9276562500000001 0.73
1 0 0.4302083328125 0.22875 0.4302083328125 0.22875 0.315625 0 0.315625 0 0.4302083328125
1 0 0.651875 0.21015625 0.651875 0.21015625 0.5722916671875 0 0.5722916671875 0 0.651875
1 0.0753125 0 0.0753125 0.10187500000000001 0.25906250000000003 0.10187500000000001 0.25906250000000003 0 0.0753125 0
1 0.57484375 0.08875 0.57484375 0.00020833281250000002 0.45359375 0.00020833281250000002 0.45359375 0.08875 0.57484375 0.08875
1 0.571875 0.25166666718749997 0.571875 0.15 0.44375 0.15 0.44375 0.25166666718749997 0.571875 0.25166666718749997
1 0.55125 0.4810416671875 0.55125 0.40541666718749997 0.24625 0.40541666718749997 0.24625 0.4810416671875 0.55125 0.4810416671875
1 0.40078125 0.6491666671874999 0.40078125 0.5775 0.20921875 0.5775 0.20921875 0.6491666671874999 0.40078125 0.6491666671874999
1 0.5425 0.6427083328125 0.5425 0.5879166671875 0.4046875 0.5879166671875 0.4046875 0.6427083328125 0.5425 0.6427083328125
4 0.21921875000000002 0.000625 0.21921875000000002 0.20187499999999997 0.46343750000000006 0.20187499999999997 0.46343750000000006 0.000625 0.21921875000000002 0.000625