1 0.26687500000000003 0.48250000000000004 0.26687500000000003 0.43541666718750005 0.07234375 0.43541666718750005 0.07234375 0.48250000000000004 0.26687500000000003 0.48250000000000004
1 0.535625 0.5489583328125 0.535625 0.469375 0.49953125 0.469375 0.49953125 0.5489583328125 0.535625 0.5489583328125
1 0.57765625 0.621875 0.57765625 0.51625 0.535625 0.51625 0.535625 0.621875 0.57765625 0.621875
1 0.6520312500000001 0.73 0.6520312500000001 0.5814583328125 0.57765625 0.5814583328125 0.57765625 0.73 0.6520312500000001 0.73
1 1 0.681875 0.6490625 0.681875 0.6490625 0.91375 1 0.91375 1 0.681875
1 0.3909375 0.24 0.3909375 0.20875 0.31375000000000003 0.20875 0.31375000000000003 0.24 0.3909375 0.24
1 0.22484375 0.22833333281249998 0.22484375 0.2047916671875 0.15640625 0.2047916671875 0.15640625 0.22833333281249998 0.22484375 0.22833333281249998
1 0 0.2360416671875 0.08890624999999999 0.2360416671875 0.08890624999999999 0.195625 0 0.195625 0 0.2360416671875
1 0.24625 0.09520833281249999 0.24625 0.074375 0.17781249999999998 0.074375 0.17781249999999998 0.09520833281249999 0.24625 0.09520833281249999
1 0.32359375 0.0966666671875 0.32359375 0.071875 0.24828125 0.071875 0.24828125 0.0966666671875 0.32359375 0.0966666671875
1 0.39984375 0.10187500000000001 0.39984375 0.0770833328125 0.32453125 0.0770833328125 0.32453125 0.10187500000000001 0.39984375 0.10187500000000001
1 0.36953125 0.4016666671875 0.36953125 0.37687499999999996 0.33234375 0.37687499999999996 0.33234375 0.4016666671875 0.36953125 0.4016666671875
1 0.28250000000000003 0.4341666671875 0.28250000000000003 0.395 0.26 0.395 0.26 0.4341666671875 0.28250000000000003 0.4341666671875
1 0.14265624999999998 0.2295833328125 0.14265624999999998 0.20208333281250002 0.1084375 0.20208333281250002 0.1084375 0.2295833328125 0.14265624999999998 0.2295833328125
2 0.1528125 0.37374999999999997 0.1528125 0.21729166718749998 0.10578125000000001 0.21729166718749998 0.10578125000000001 0.37374999999999997 0.1528125 0.37374999999999997
4 0.12015625 0.47874999999999995 0.12015625 0.349375 0.00578125 0.349375 0.00578125 0.47874999999999995 0.12015625 0.47874999999999995
4 0.001875 0.26729166718749997 0.001875 0.346875 0.10765625000000001 0.346875 0.10765625000000001 0.26729166718749997 0.001875 0.26729166718749997
3 0.09515625 0.2185416671875 0.09515625 0.1160416671875 0.010624999999999999 0.1160416671875 0.010624999999999999 0.2185416671875 0.09515625 0.2185416671875
3 0.064375 0.0225 0.064375 0.1352083328125 0.10859375 0.1352083328125 0.10859375 0.0225 0.064375 0.0225
3 0.07015625 0.1275 0.07015625 0.045416667187499996 0.03265625 0.045416667187499996 0.03265625 0.1275 0.07015625 0.1275
3 0 0.06979166718749999 0.01828125 0.06979166718749999 0.01828125 0.0058333328125 0 0.0058333328125 0 0.06979166718749999
3 0 0.2070833328125 0.01828125 0.2070833328125 0.01828125 0.1185416671875 0 0.1185416671875 0 0.2070833328125