1 0.5 0.6852083328125 0.5 0.6212500000000001 0.4096875 0.6212500000000001 0.4096875 0.6852083328125 0.5 0.6852083328125
3 0.48125 0.4920833328125 0.48125 0.45 0.3509375 0.45 0.3509375 0.4920833328125 0.48125 0.4920833328125
3 0.48218750000000005 0.5183333328125 0.48218750000000005 0.4920833328125 0.40625 0.4920833328125 0.40625 0.5183333328125 0.48218750000000005 0.5183333328125
3 0.4803125 0.5579166671875 0.4803125 0.5183333328125 0.40328125000000004 0.5183333328125 0.40328125000000004 0.5579166671875 0.4803125 0.5579166671875
3 0.4803125 0.6079166671875 0.4803125 0.560625 0.40234375 0.560625 0.40234375 0.6079166671875 0.4803125 0.6079166671875
3 0.49109375 0.6552083328125 0.49109375 0.6079166671875 0.40234375 0.6079166671875 0.40234375 0.6552083328125 0.49109375 0.6552083328125
3 0.40718750000000004 0.6222916671875 0.40718750000000004 0.55125 0.355 0.55125 0.355 0.6222916671875 0.40718750000000004 0.6222916671875
3 0.355 0.575 0.355 0.5237499999999999 0.23953125000000003 0.5237499999999999 0.23953125000000003 0.575 0.355 0.575
3 0.35390625 0.6091666671875 0.35390625 0.57625 0.30359375 0.57625 0.30359375 0.6091666671875 0.35390625 0.6091666671875
3 0.30453125000000003 0.6170833328125 0.30453125000000003 0.5710416671874999 0.268125 0.5710416671874999 0.268125 0.6170833328125 0.30453125000000003 0.6170833328125
3 0.268125 0.6329166671875 0.268125 0.55 0.18125 0.55 0.18125 0.6329166671875 0.268125 0.6329166671875
3 0.19796875 0.6222916671875 0.19796875 0.5302083328125 0.00859375 0.5302083328125 0.00859375 0.6222916671875 0.19796875 0.6222916671875
3 0.25828125 0.5052083328125 0.25828125 0.46187500000000004 0.1496875 0.46187500000000004 0.1496875 0.5052083328125 0.25828125 0.5052083328125
3 0.25828125 0.5433333328125001 0.25828125 0.5052083328125 0.18515625 0.5052083328125 0.18515625 0.5433333328125001 0.25828125 0.5433333328125001
3 0.3678125 0.339375 0.3678125 0.25916666718750003 0.19609375 0.25916666718750003 0.19609375 0.339375 0.3678125 0.339375
3 0.37078125 0.39729166718750003 0.37078125 0.3433333328125 0.2946875 0.3433333328125 0.2946875 0.39729166718750003 0.37078125 0.39729166718750003
3 0.2996875 0.38416666718750003 0.2996875 0.30125 0.21078125 0.30125 0.21078125 0.38416666718750003 0.2996875 0.38416666718750003
3 0.20593750000000002 0.338125 0.20593750000000002 0.23562500000000003 0.050937500000000004 0.23562500000000003 0.050937500000000004 0.338125 0.20593750000000002 0.338125
3 0.06671875000000001 0.2860416671875 0.06671875000000001 0.17250000000000001 0.0028125 0.17250000000000001 0.0028125 0.2860416671875 0.06671875000000001 0.2860416671875
3 0.41921875000000003 0.4377083328125 0.41921875000000003 0.29375 0.36234375 0.29375 0.36234375 0.4377083328125 0.41921875000000003 0.4377083328125
3 0.37374999999999997 0.2179166671875 0.37374999999999997 0.14208333281250002 0.28984375 0.14208333281250002 0.28984375 0.2179166671875 0.37374999999999997 0.2179166671875