1 0.74421875 0.65398148125 0.74421875 0.6118518515625 0.7279687499999999 0.6118518515625 0.7279687499999999 0.65398148125 0.74421875 0.65398148125
1 0.7738541671875 0.6921296296875 0.7738541671875 0.625 0.745 0.625 0.745 0.6921296296875 0.7738541671875 0.6921296296875
1 0.8582291671875 0.73555555625 0.8582291671875 0.6605555562500001 0.7753125 0.6605555562500001 0.7753125 0.73555555625 0.8582291671875 0.73555555625
1 0.49953125 0.8147222218750001 0.49953125 0.713703703125 0.4578125 0.713703703125 0.4578125 0.8147222218750001 0.49953125 0.8147222218750001
1 0.47822916718749997 0.9047222218750001 0.47822916718749997 0.76101851875 0.44447916718749997 0.76101851875 0.44447916718749997 0.9047222218750001 0.47822916718749997 0.9047222218750001
1 0.44447916718749997 0.9931481484375 0.44447916718749997 0.8400000000000001 0.0714583328125 0.8400000000000001 0.0714583328125 0.9931481484375 0.44447916718749997 0.9931481484375
1 0.0030729171875 0.24157407343749998 0.0030729171875 0.35055555625 0.1913541671875 0.35055555625 0.1913541671875 0.24157407343749998 0.0030729171875 0.24157407343749998
1 0.24822916718750002 0.4831481484375 0.24822916718750002 0.4278703703125 0.054583332812499996 0.4278703703125 0.054583332812499996 0.4831481484375 0.24822916718750002 0.4831481484375
1 0.2508854171875 0.5621296296875 0.2508854171875 0.49101851874999997 0.0021874999999999998 0.49101851874999997 0.0021874999999999998 0.5621296296875 0.2508854171875 0.5621296296875
1 0.40453124999999995 0.184722221875 0.40453124999999995 0.12 0.30416666718749996 0.12 0.30416666718749996 0.184722221875 0.40453124999999995 0.184722221875
1 0.40807291718750005 0.3725925921875 0.40807291718750005 0.33314814843749996 0.3326041671875 0.33314814843749996 0.3326041671875 0.3725925921875 0.40807291718750005 0.3725925921875
1 0.3103645828125 0.3725925921875 0.3103645828125 0.3315740734375 0.24109375000000002 0.3315740734375 0.24109375000000002 0.3725925921875 0.3103645828125 0.3725925921875
1 0.4063020828125 0.45 0.4063020828125 0.415277778125 0.33703125 0.415277778125 0.33703125 0.45 0.4063020828125 0.45
1 0.53625 0.3421296296875 0.53625 0.319722221875 0.48666666718749996 0.319722221875 0.48666666718749996 0.3421296296875 0.53625 0.3421296296875
1 0.48666666718749996 0.37759259218749996 0.48666666718749996 0.35657407343749997 0.44005208281249997 0.35657407343749997 0.44005208281249997 0.37759259218749996 0.48666666718749996 0.37759259218749996
1 0.5310937499999999 0.2578703703125 0.5310937499999999 0.23157407343749997 0.4844791671875 0.23157407343749997 0.4844791671875 0.2578703703125 0.5310937499999999 0.2578703703125
1 0.4836979171875 0.26055555625000004 0.4836979171875 0.2341666671875 0.43932291718750005 0.2341666671875 0.43932291718750005 0.26055555625000004 0.4836979171875 0.26055555625000004
1 0.5347916671874999 0.15259259218750001 0.5347916671874999 0.12370370312500001 0.48666666718749996 0.12370370312500001 0.48666666718749996 0.15259259218750001 0.5347916671874999 0.15259259218750001
2 0.6795833328125 0.4583333328125 0.6795833328125 0.6390740734375 0.7358333328125 0.6390740734375 0.7358333328125 0.4583333328125 0.6795833328125 0.4583333328125
2 0.5519270828125 0.46342592656250003 0.5519270828125 0.35064814843750003 0.48557291718749995 0.35064814843750003 0.48557291718749995 0.46342592656250003 0.5519270828125 0.46342592656250003
2 0.44302083281250004 0.573703703125 0.44302083281250004 0.43009259218749996 0.32546875000000003 0.43009259218749996 0.32546875000000003 0.573703703125 0.44302083281250004 0.573703703125
4 0.5446354171875 0.631296296875 0.5446354171875 0.46037037031250005 0.40989583281249997 0.46037037031250005 0.40989583281249997 0.631296296875 0.5446354171875 0.631296296875