1 0.99609375 0.3408333328125 0.99609375 0.17875000000000002 0.594375 0.17875000000000002 0.594375 0.3408333328125 0.99609375 0.3408333328125
1 0.6051562500000001 0 0.6051562500000001 0.140625 0.9728125000000001 0.140625 0.9728125000000001 0 0.6051562500000001 0
1 0.5745312499999999 0.2941666671875 0.5745312499999999 0.1775 0.12515625 0.1775 0.12515625 0.2941666671875 0.5745312499999999 0.2941666671875
1 0.40765624999999994 0.43541666718750005 0.40765624999999994 0.4185416671875 0.36171875 0.4185416671875 0.36171875 0.43541666718750005 0.40765624999999994 0.43541666718750005
1 0.4575 0.43937499999999996 0.4575 0.4158333328125 0.410625 0.4158333328125 0.410625 0.43937499999999996 0.4575 0.43937499999999996
1 0.49749999999999994 0.438125 0.49749999999999994 0.41979166718750005 0.4565625 0.41979166718750005 0.4565625 0.438125 0.49749999999999994 0.438125
1 0.5610937500000001 0.43937499999999996 0.5610937500000001 0.4172916671875 0.5103125000000001 0.4172916671875 0.5103125000000001 0.43937499999999996 0.5610937500000001 0.43937499999999996
1 0 0.318125 0.09375 0.318125 0.09375 0.2008333328125 0 0.2008333328125 0 0.318125
1 0 0.9314583328125 0.10625 0.9314583328125 0.10625 0.8295833328125 0 0.8295833328125 0 0.9314583328125
1 1 0.9483333328124999 0.92671875 0.9483333328124999 0.92671875 1 1 1 1 0.9483333328124999
4 0.5701562499999999 0.999375 0.5701562499999999 0.43645833281249996 0.08562499999999999 0.43645833281249996 0.08562499999999999 0.999375 0.5701562499999999 0.999375
4 0.9884375000000001 0.9981249999999999 0.9884375000000001 0.4583333328125 0.5403125 0.4583333328125 0.5403125 0.9981249999999999 0.9884375000000001 0.9981249999999999