1 0.9589062500000001 0.90398148125 0.9589062500000001 0.7052777781249999 0.8190104171874999 0.7052777781249999 0.8190104171874999 0.90398148125 0.9589062500000001 0.90398148125
1 0.9529687499999999 0.3341666671875 0.9529687499999999 0.26055555625000004 0.8027083328125 0.26055555625000004 0.8027083328125 0.3341666671875 0.9529687499999999 0.3341666671875
1 0.9092708328124999 0.43685185156250006 0.9092708328124999 0.3591666671875 0.8116145828124999 0.3591666671875 0.8116145828124999 0.43685185156250006 0.9092708328124999 0.43685185156250006
1 0.9596354171874999 0.4341666671875 0.9596354171874999 0.33944444375 0.9070833328125 0.33944444375 0.9070833328125 0.4341666671875 0.9596354171874999 0.4341666671875
1 0.8027083328125 0.4434259265625 0.8027083328125 0.37101851875 0.753125 0.37101851875 0.753125 0.4434259265625 0.8027083328125 0.4434259265625
1 0.7597916671875 0.44601851875 0.7597916671875 0.3921296296875 0.7109375 0.3921296296875 0.7109375 0.44601851875 0.7597916671875 0.44601851875
1 0.80171875 0.024722221875 0.80171875 0.1270370375 0.8963541671874999 0.1270370375 0.8963541671874999 0.024722221875 0.80171875 0.024722221875
1 0.8030208328124999 0.18842592656249998 0.8030208328124999 0.0701851859375 0.754375 0.0701851859375 0.754375 0.18842592656249998 0.8030208328124999 0.18842592656249998
1 0.7572395828125 0.2108333328125 0.7572395828125 0.12787037031249998 0.7268749999999999 0.12787037031249998 0.7268749999999999 0.2108333328125 0.7572395828125 0.2108333328125
1 0.7246354171875 0.23314814843749998 0.7246354171875 0.16999999999999998 0.7039583328125001 0.16999999999999998 0.7039583328125001 0.23314814843749998 0.7246354171875 0.23314814843749998
1 0.7002604171875 0.22925925937499997 0.7002604171875 0.1725925921875 0.6780208328125 0.1725925921875 0.6780208328125 0.22925925937499997 0.7002604171875 0.22925925937499997
1 0.26 0.9999074078125 0.26 0.840740740625 0.0351041671875 0.840740740625 0.0351041671875 0.9999074078125 0.26 0.9999074078125
1 0.36442708281249997 0.8691666671875 0.36442708281249997 0.70055555625 0.2568229171875 0.70055555625 0.2568229171875 0.8691666671875 0.36442708281249997 0.8691666671875
1 0.41432291718750003 0.7345370375 0.41432291718750003 0.6476851859375 0.3558854171875 0.6476851859375 0.3558854171875 0.7345370375 0.41432291718750003 0.7345370375
1 0.3484895828125 0.558240740625 0.3484895828125 0.60555555625 0.41135416718749995 0.60555555625 0.41135416718749995 0.558240740625 0.3484895828125 0.558240740625
1 0.43578124999999995 0.6713888890625 0.43578124999999995 0.60694444375 0.4032291671875 0.60694444375 0.4032291671875 0.6713888890625 0.43578124999999995 0.6713888890625
1 0.4728125 0.59898148125 0.4728125 0.5595370375 0.4269270828125 0.5595370375 0.4269270828125 0.59898148125 0.4728125 0.59898148125
1 0.354375 0.300277778125 0.354375 0.38194444375000003 0.39880208281249996 0.38194444375000003 0.39880208281249996 0.300277778125 0.354375 0.300277778125
1 0.25666666718750003 0.25027777812499996 0.25666666718750003 0.36351851874999996 0.3588020828125 0.36351851874999996 0.3588020828125 0.25027777812499996 0.25666666718750003 0.25027777812499996
1 0.0035416671875 0.14509259218749998 0.0035416671875 0.3029629625 0.25078125 0.3029629625 0.25078125 0.14509259218749998 0.0035416671875 0.14509259218749998
1 0.40473958281250005 0.37398148125 0.40473958281250005 0.40555555625000006 0.4513541671875 0.40555555625000006 0.4513541671875 0.37398148125 0.40473958281250005 0.37398148125
1 0.44984375 0.3828703703125 0.44984375 0.41203703750000004 0.4666145828125 0.41203703750000004 0.4666145828125 0.3828703703125 0.44984375 0.3828703703125
1 0.7023958328125001 0.5691666671875 0.7023958328125001 0.5426851859374999 0.6577083328125 0.5426851859374999 0.6577083328125 0.5691666671875 0.7023958328125001 0.5691666671875
1 0.7733333328125 0.6641666671875 0.7733333328125 0.6221296296875 0.70546875 0.6221296296875 0.70546875 0.6641666671875 0.7733333328125 0.6641666671875
1 0.6809375 0.2445370375 0.6809375 0.20518518593750001 0.6680729171875 0.20518518593750001 0.6680729171875 0.2445370375 0.6809375 0.2445370375
1 0.6688020828125001 0.2559259265625 0.6688020828125001 0.224259259375 0.6577083328125 0.224259259375 0.6577083328125 0.2559259265625 0.6688020828125001 0.2559259265625
1 0.70484375 0.40194444375 0.70484375 0.3790740734375 0.6819791671875 0.3790740734375 0.6819791671875 0.40194444375 0.70484375 0.40194444375
1 0.7069791671875 0.3181481484375 0.7069791671875 0.2908333328125 0.6791145828125 0.2908333328125 0.6791145828125 0.3181481484375 0.7069791671875 0.3181481484375
1 0.6834374999999999 0.41018518593750003 0.6834374999999999 0.38416666718750003 0.6705729171875 0.38416666718750003 0.6705729171875 0.41018518593750003 0.6834374999999999 0.41018518593750003
1 0.6691666671875 0.4158333328125 0.6691666671875 0.3866666671875 0.6594791671875 0.3866666671875 0.6594791671875 0.4158333328125 0.6691666671875 0.4158333328125
1 0.6588020828125 0.420277778125 0.6588020828125 0.3924074078125 0.6434375 0.3924074078125 0.6434375 0.420277778125 0.6588020828125 0.420277778125
1 0.3547916671875 0.13944444375 0.3547916671875 0.20962962968749999 0.44786458281249997 0.20962962968749999 0.44786458281249997 0.13944444375 0.3547916671875 0.13944444375
1 0.45875000000000005 0.2468518515625 0.45875000000000005 0.1948148140625 0.4451041671875 0.1948148140625 0.4451041671875 0.2468518515625 0.45875000000000005 0.2468518515625
1 0.47067708281250004 0.26888888906249997 0.47067708281250004 0.2190740734375 0.4602604171875 0.2190740734375 0.4602604171875 0.26888888906249997 0.47067708281250004 0.26888888906249997
1 0.31083333281250003 0.00398148125 0.31083333281250003 0.0828703703125 0.3952083328125 0.0828703703125 0.3952083328125 0.00398148125 0.31083333281250003 0.00398148125
1 0.4947916671875 0.19 0.4947916671875 0.12842592656250001 0.47015624999999994 0.12842592656250001 0.47015624999999994 0.19 0.4947916671875 0.19
1 0.604375 0.41055555625 0.604375 0.39648148125 0.561875 0.39648148125 0.561875 0.41055555625 0.604375 0.41055555625
1 0.604375 0.4268518515625 0.604375 0.41055555625 0.5626041671875 0.41055555625 0.5626041671875 0.4268518515625 0.604375 0.4268518515625
1 0.6027083328125 0.43833333281250003 0.6027083328125 0.4268518515625 0.5626041671875 0.4268518515625 0.5626041671875 0.43833333281250003 0.6027083328125 0.43833333281250003
1 0.6027083328125 0.45370370312499997 0.6027083328125 0.43833333281250003 0.5631770828125 0.43833333281250003 0.5631770828125 0.45370370312499997 0.6027083328125 0.45370370312499997
1 0.6060416671875 0.4671296296875 0.6060416671875 0.45370370312499997 0.5631770828125 0.45370370312499997 0.5631770828125 0.4671296296875 0.6060416671875 0.4671296296875
1 0.6060416671875 0.4798148140625 0.6060416671875 0.4671296296875 0.561875 0.4671296296875 0.561875 0.4798148140625 0.6060416671875 0.4798148140625
1 0.60546875 0.493240740625 0.60546875 0.4798148140625 0.561875 0.4798148140625 0.561875 0.493240740625 0.60546875 0.493240740625
1 0.60546875 0.50601851875 0.60546875 0.493240740625 0.5659375 0.493240740625 0.5659375 0.50601851875 0.60546875 0.50601851875
1 0.6080208328125 0.5197222218750001 0.6080208328125 0.50601851875 0.5659375 0.50601851875 0.5659375 0.5197222218750001 0.6080208328125 0.5197222218750001
1 0.6080208328125 0.5314814812499999 0.6080208328125 0.5197222218750001 0.5639062499999999 0.5197222218750001 0.5639062499999999 0.5314814812499999 0.6080208328125 0.5314814812499999
1 0.6078645828125 0.5419444437500001 0.6078645828125 0.5314814812499999 0.5639062499999999 0.5314814812499999 0.5639062499999999 0.5419444437500001 0.6078645828125 0.5419444437500001
2 0.5133333328125 0.4498148140625 0.5133333328125 0.5171296296875 0.5377604171875 0.5171296296875 0.5377604171875 0.4498148140625 0.5133333328125 0.4498148140625