1 0.9521875 0.1108333328125 0.9521875 0.06 0.8514062499999999 0.06 0.8514062499999999 0.1108333328125 0.9521875 0.1108333328125
1 1 0.08625000000000001 0.95796875 0.08625000000000001 0.95796875 0.12395833281249999 1 0.12395833281249999 1 0.08625000000000001
1 0.94625 0.3220833328125 0.94625 0.2647916671875 0.83671875 0.2647916671875 0.83671875 0.3220833328125 0.94625 0.3220833328125
1 0.9589062500000001 0.9960416671875001 0.9589062500000001 0.7770833328125 0.55515625 0.7770833328125 0.55515625 0.9960416671875001 0.9589062500000001 0.9960416671875001
1 0.8123437499999999 0.2920833328125 0.8123437499999999 0.2452083328125 0.74875 0.2452083328125 0.74875 0.2920833328125 0.8123437499999999 0.2920833328125
1 0.23265625 0.21770833281250002 0.23265625 0.1747916671875 0.145625 0.1747916671875 0.145625 0.21770833281250002 0.23265625 0.21770833281250002
1 0.3440625 0.2125 0.3440625 0.13187500000000002 0.22671875 0.13187500000000002 0.22671875 0.2125 0.3440625 0.2125
1 0.6793750000000001 0.24 0.6793750000000001 0.1070833328125 0.3421875 0.1070833328125 0.3421875 0.24 0.6793750000000001 0.24
1 0.8573437500000001 0.559375 0.8573437500000001 0.51625 0.80546875 0.51625 0.80546875 0.559375 0.8573437500000001 0.559375
2 0.8415625 0.6410416671875 0.8415625 0.27375 0.7071875000000001 0.27375 0.7071875000000001 0.6410416671875 0.8415625 0.6410416671875
4 0.6971875 0.548125 0.6971875 0.2697916671875 0.2759375 0.2697916671875 0.2759375 0.548125 0.6971875 0.548125
4 0.673125 0.7864583328125 0.673125 0.4685416671875 0.2634375 0.4685416671875 0.2634375 0.7864583328125 0.673125 0.7864583328125
4 0.29421875000000003 0.650625 0.29421875000000003 0.41479166718749994 0.176875 0.41479166718749994 0.176875 0.650625 0.29421875000000003 0.650625
4 0.1903125 0.2595833328125 0.1903125 0.45583333281250005 0.2875 0.45583333281250005 0.2875 0.2595833328125 0.1903125 0.2595833328125
4 0.198125 0.5416666671875 0.198125 0.24937499999999999 0.12984374999999998 0.24937499999999999 0.12984374999999998 0.5416666671875 0.198125 0.5416666671875
3 0.42890625 0.001875 0.42890625 0.18395833281250001 0.6740625 0.18395833281250001 0.6740625 0.001875 0.42890625 0.001875
3 0.34140625 0.000625 0.34140625 0.148125 0.448125 0.148125 0.448125 0.000625 0.34140625 0.000625
3 0.38078124999999996 0.1647916671875 0.38078124999999996 0.0083333328125 0.2759375 0.0083333328125 0.2759375 0.1647916671875 0.38078124999999996 0.1647916671875
3 0.285625 0.000625 0.285625 0.0352083328125 0.364375 0.0352083328125 0.364375 0.000625 0.285625 0.000625
3 0.24234375 0.000625 0.24234375 0.049375 0.30093749999999997 0.049375 0.30093749999999997 0.000625 0.24234375 0.000625
3 0.301875 0.17875000000000002 0.301875 0.0314583328125 0.23171875000000003 0.0314583328125 0.23171875000000003 0.17875000000000002 0.301875 0.17875000000000002
3 0.1509375 0.17875000000000002 0.1509375 0.0929166671875 0.07015625 0.0929166671875 0.07015625 0.17875000000000002 0.1509375 0.17875000000000002