1 0.8071875000000001 0.053125 0.8071875000000001 0.1608333328125 0.9607812499999999 0.1608333328125 0.9607812499999999 0.053125 0.8071875000000001 0.053125
1 0.99578125 0.24020833281249998 0.99578125 0.1689583328125 0.8439062500000001 0.1689583328125 0.8439062500000001 0.24020833281249998 0.99578125 0.24020833281249998
3 0.07859374999999999 0.3920833328125 0.07859374999999999 0.1829166671875 0.0035937499999999997 0.1829166671875 0.0035937499999999997 0.3920833328125 0.07859374999999999 0.3920833328125
3 0.07859374999999999 0.5658333328125 0.07859374999999999 0.37374999999999997 0.0035937499999999997 0.37374999999999997 0.0035937499999999997 0.5658333328125 0.07859374999999999 0.5658333328125
3 0.47234375 0.39729166718750003 0.47234375 0.16583333281249998 0.08953124999999999 0.16583333281249998 0.08953124999999999 0.39729166718750003 0.47234375 0.39729166718750003
3 0.4615625 0.5472916671875 0.4615625 0.3829166671875 0.10124999999999999 0.3829166671875 0.10124999999999999 0.5472916671875 0.4615625 0.5472916671875
3 0.6628125 0.38937499999999997 0.6628125 0.1920833328125 0.47734375 0.1920833328125 0.47734375 0.38937499999999997 0.6628125 0.38937499999999997
3 0.65890625 0.5316666671875 0.65890625 0.36833333281249997 0.45859375 0.36833333281249997 0.45859375 0.5316666671875 0.65890625 0.5316666671875
3 0.805 0.48687500000000006 0.805 0.3933333328125 0.661875 0.3933333328125 0.661875 0.48687500000000006 0.805 0.48687500000000006
3 0.1496875 0.9472916671875 0.1496875 0.6920833328125 0.0035937499999999997 0.6920833328125 0.0035937499999999997 0.9472916671875 0.1496875 0.9472916671875
3 0.14765625 0.9954166671875001 0.14765625 0.9579166671875001 0.00859375 0.9579166671875001 0.00859375 0.9954166671875001 0.14765625 0.9954166671875001
3 0.39671875 0.991875 0.39671875 0.7347916671875 0.12203125 0.7347916671875 0.12203125 0.991875 0.39671875 0.991875
3 0.57859375 0.9747916671875 0.57859375 0.7172916671875 0.28859375 0.7172916671875 0.28859375 0.9747916671875 0.57859375 0.9747916671875
3 0.47203125 0.5429166671875 0.47203125 0.683125 0.7590625 0.683125 0.7590625 0.5429166671875 0.47203125 0.5429166671875
3 0.7390625 0.5277083328125001 0.7390625 0.6224999999999999 0.834375 0.6224999999999999 0.834375 0.5277083328125001 0.7390625 0.5277083328125001
3 0.7490625 0.7891666671875 0.7490625 0.628125 0.47203125 0.628125 0.47203125 0.7891666671875 0.7490625 0.7891666671875
3 0.82578125 0.7247916671875 0.82578125 0.63 0.7490625 0.63 0.7490625 0.7247916671875 0.82578125 0.7247916671875
3 0.73828125 0.8633333328124999 0.73828125 0.715625 0.46687500000000004 0.715625 0.46687500000000004 0.8633333328124999 0.73828125 0.8633333328124999
3 0.8271875 0.7929166671875 0.8271875 0.6735416671875 0.7490625 0.6735416671875 0.7490625 0.7929166671875 0.8271875 0.7929166671875
3 0.8684375 0.7077083328125 0.8684375 0.62625 0.8285937499999999 0.62625 0.8285937499999999 0.7077083328125 0.8684375 0.7077083328125
3 0.8982812499999999 0.6641666671875 0.8982812499999999 0.5789583328125001 0.8285937499999999 0.5789583328125001 0.8285937499999999 0.6641666671875 0.8982812499999999 0.6641666671875
3 0.9295312499999999 0.45958333281249997 0.9295312499999999 0.305625 0.7871875 0.305625 0.7871875 0.45958333281249997 0.9295312499999999 0.45958333281249997
3 0.96515625 0.4102083328125 0.96515625 0.3533333328125 0.9309375 0.3533333328125 0.9309375 0.4102083328125 0.96515625 0.4102083328125
3 0.96515625 0.44437499999999996 0.96515625 0.40083333281250005 0.928125 0.40083333281250005 0.928125 0.44437499999999996 0.96515625 0.44437499999999996
3 0.98359375 0.4425 0.98359375 0.4027083328125 0.96515625 0.4027083328125 0.96515625 0.4425 0.98359375 0.4425
3 0.94796875 0.56375 0.94796875 0.49749999999999994 0.8457812499999999 0.49749999999999994 0.8457812499999999 0.56375 0.94796875 0.56375
3 0.9551562499999999 0.5997916671875 0.9551562499999999 0.5522916671875 0.8442187499999999 0.5522916671875 0.8442187499999999 0.5997916671875 0.9551562499999999 0.5997916671875
3 0.92671875 0.63375 0.92671875 0.5789583328125001 0.8628125000000001 0.5789583328125001 0.8628125000000001 0.63375 0.92671875 0.63375
3 0.96515625 0.5504166671874999 0.96515625 0.4879166671875 0.9337500000000001 0.4879166671875 0.9337500000000001 0.5504166671874999 0.96515625 0.5504166671874999
3 0.9665625 0.5864583328124999 0.9665625 0.5447916671875 0.9465625 0.5447916671875 0.9465625 0.5864583328124999 0.9665625 0.5864583328124999
3 0.99484375 0.565625 0.99484375 0.47458333281250004 0.938125 0.47458333281250004 0.938125 0.565625 0.99484375 0.565625