1 0.4653645828125 0.004444443750000001 0.4653645828125 0.07370370312499999 0.54109375 0.07370370312499999 0.54109375 0.004444443750000001 0.4653645828125 0.004444443750000001
1 0.4761979171875 0.114722221875 0.4761979171875 0.04805555625 0.4466145828125 0.04805555625 0.4466145828125 0.114722221875 0.4761979171875 0.114722221875
1 0.0571875 0.12370370312500001 0.0571875 0.1699074078125 0.11416666718749999 0.1699074078125 0.11416666718749999 0.12370370312500001 0.0571875 0.12370370312500001
1 0.059375 0.1326851859375 0.059375 0.07370370312499999 0.0117708328125 0.07370370312499999 0.0117708328125 0.1326851859375 0.059375 0.1326851859375
3 0.9997395828125001 0.6536111109375 0.9997395828125001 0.12833333281249998 0.8731249999999999 0.12833333281249998 0.8731249999999999 0.6536111109375 0.9997395828125001 0.6536111109375
3 0.8986979171874999 0.4125925921875 0.8986979171874999 0.2488888890625 0.7247395828125 0.2488888890625 0.7247395828125 0.4125925921875 0.8986979171874999 0.4125925921875
3 0.8871874999999999 0.571759259375 0.8871874999999999 0.4148148140625 0.7260416671875001 0.4148148140625 0.7260416671875001 0.571759259375 0.8871874999999999 0.571759259375
3 0.73625 0.50805555625 0.73625 0.3579629625 0.5955729171875 0.3579629625 0.5955729171875 0.50805555625 0.73625 0.50805555625
3 0.6121875 0.43981481406249995 0.6121875 0.3398148140625 0.5303645828125 0.3398148140625 0.5303645828125 0.43981481406249995 0.6121875 0.43981481406249995
3 0.6544270828125 0.6808333328125 0.6544270828125 0.592222221875 0.5456770828125 0.592222221875 0.5456770828125 0.6808333328125 0.6544270828125 0.6808333328125
3 0.6761458328125001 0.726296296875 0.6761458328125001 0.64444444375 0.6019791671875 0.64444444375 0.6019791671875 0.726296296875 0.6761458328125001 0.726296296875
3 0.79890625 0.8218518515625 0.79890625 0.667222221875 0.6275520828125 0.667222221875 0.6275520828125 0.8218518515625 0.79890625 0.8218518515625
3 0.78359375 0.9263888890624999 0.78359375 0.7354629625 0.6889583328125 0.7354629625 0.6889583328125 0.9263888890624999 0.78359375 0.9263888890624999
3 0.9958854171875 0.9582407406250001 0.9958854171875 0.7036111109375 0.7861458328125 0.7036111109375 0.7861458328125 0.9582407406250001 0.9958854171875 0.9582407406250001
3 0.9255208328125001 0.9991666671875 0.9255208328125001 0.887777778125 0.7758854171875 0.887777778125 0.7758854171875 0.9991666671875 0.9255208328125001 0.9991666671875
3 0.54953125 0.5183333328125 0.54953125 0.47361111093749997 0.4880729171875 0.47361111093749997 0.4880729171875 0.5183333328125 0.54953125 0.5183333328125
3 0.5058333328125 0.4999074078125 0.5058333328125 0.4499074078125 0.4725520828125 0.4499074078125 0.4725520828125 0.4999074078125 0.5058333328125 0.4999074078125
3 0.6272395828125 0.6038888890624999 0.6272395828125 0.5340740734375 0.5191666671874999 0.5340740734375 0.5191666671874999 0.6038888890624999 0.6272395828125 0.6038888890624999
3 0.6457291671875 0.3920370375 0.6457291671875 0.236759259375 0.49328125 0.236759259375 0.49328125 0.3920370375 0.6457291671875 0.3920370375
3 0.5443229171875 0.40120370312500003 0.5443229171875 0.3433333328125 0.5132291671875 0.3433333328125 0.5132291671875 0.40120370312500003 0.5443229171875 0.40120370312500003
3 0.4998958328125 0.3840740734375 0.4998958328125 0.326203703125 0.48734374999999996 0.326203703125 0.48734374999999996 0.3840740734375 0.4998958328125 0.3840740734375
3 0.49390625000000005 0.47935185156250004 0.49390625000000005 0.38148148125 0.43614583281249997 0.38148148125 0.43614583281249997 0.47935185156250004 0.49390625000000005 0.47935185156250004
1 0.1766145828125 0.4613888890625 0.1766145828125 0.43046296249999993 0.1496875 0.43046296249999993 0.1496875 0.4613888890625 0.1766145828125 0.4613888890625
3 0.14416666718749999 0.40518518593749997 0.14416666718749999 0.4375 0.1686979171875 0.4375 0.1686979171875 0.40518518593749997 0.14416666718749999 0.40518518593749997
3 0.14416666718749999 0.3770370375 0.14416666718749999 0.40379629687499996 0.1710416671875 0.40379629687499996 0.1710416671875 0.3770370375 0.14416666718749999 0.3770370375
3 0.10541666718750001 0.32648148125 0.10541666718750001 0.34750000000000003 0.1307291671875 0.34750000000000003 0.1307291671875 0.32648148125 0.10541666718750001 0.32648148125