1 0.20807291718749998 0.1490740734375 0.20807291718749998 0.0595370375 0.046406249999999996 0.0595370375 0.046406249999999996 0.1490740734375 0.20807291718749998 0.1490740734375
1 0.21442708281249998 0.246759259375 0.21442708281249998 0.16601851875 0.06515625 0.16601851875 0.06515625 0.246759259375 0.21442708281249998 0.246759259375
1 0.14156249999999998 0.0006481484375 0.14156249999999998 0.060925926562499996 0.21515625 0.060925926562499996 0.21515625 0.0006481484375 0.14156249999999998 0.0006481484375
1 0.2591145828125 0.1224074078125 0.2591145828125 0.0596296296875 0.2101041671875 0.0596296296875 0.2101041671875 0.1224074078125 0.2591145828125 0.1224074078125
1 0.25984375000000004 0.2006481484375 0.25984375000000004 0.1416666671875 0.20578124999999997 0.1416666671875 0.20578124999999997 0.2006481484375 0.25984375000000004 0.2006481484375
1 0.21588541718749998 0.2199074078125 0.21588541718749998 0.2775925921875 0.2627604171875 0.2775925921875 0.2627604171875 0.2199074078125 0.21588541718749998 0.2199074078125
1 0.2569791671875 0.1800925921875 0.2569791671875 0.223703703125 0.2944791671875 0.223703703125 0.2944791671875 0.1800925921875 0.2569791671875 0.1800925921875
1 0.25406249999999997 0.2506481484375 0.25406249999999997 0.30962962968749996 0.2930208328125 0.30962962968749996 0.2930208328125 0.2506481484375 0.25406249999999997 0.2506481484375
1 0.2908854171875 0.2006481484375 0.2908854171875 0.2506481484375 0.3190104171875 0.2506481484375 0.3190104171875 0.2006481484375 0.2908854171875 0.2006481484375
1 0.28078125 0.28398148125 0.28078125 0.3186111109375 0.3196875 0.3186111109375 0.3196875 0.28398148125 0.28078125 0.28398148125
1 0.3117708328125 0.294259259375 0.3117708328125 0.3288888890625 0.3413541671875 0.3288888890625 0.3413541671875 0.294259259375 0.3117708328125 0.294259259375
1 0.3428125 0.3109259265625 0.3428125 0.3365740734375 0.3601041671875 0.3365740734375 0.3601041671875 0.3109259265625 0.3428125 0.3109259265625
1 0.31828124999999996 0.24805555625000003 0.31828124999999996 0.2903703703125 0.3586458328125 0.2903703703125 0.3586458328125 0.24805555625000003 0.31828124999999996 0.24805555625000003
1 0.26203125 0.045555556250000004 0.26203125 0.112222221875 0.3233333328125 0.112222221875 0.3233333328125 0.045555556250000004 0.26203125 0.045555556250000004
1 0.22526041718749998 0.005740740625 0.22526041718749998 0.05574074062499999 0.28291666718749997 0.05574074062499999 0.28291666718749997 0.005740740625 0.22526041718749998 0.005740740625
1 0.3341145828125 0.112222221875 0.3341145828125 0.1711111109375 0.3571875 0.1711111109375 0.3571875 0.112222221875 0.3341145828125 0.112222221875
1 0.0023958328125 0.10962962968750001 0.0023958328125 0.1929629625 0.0485416671875 0.1929629625 0.0485416671875 0.10962962968750001 0.0023958328125 0.10962962968750001
1 0.0038541671875000003 0.253240740625 0.0038541671875000003 0.346759259375 0.05 0.346759259375 0.05 0.253240740625 0.0038541671875000003 0.253240740625
1 0.22453125 0.7800925921874999 0.22453125 0.6929629625 0.1675520828125 0.6929629625 0.1675520828125 0.7800925921874999 0.22453125 0.7800925921874999
1 0.2742708328125 0.737777778125 0.2742708328125 0.6609259265625 0.22593749999999999 0.6609259265625 0.22593749999999999 0.737777778125 0.2742708328125 0.737777778125
1 0.2980729171875 0.687777778125 0.2980729171875 0.6275925921875001 0.26203125 0.6275925921875001 0.26203125 0.687777778125 0.2980729171875 0.687777778125
1 0.43723958281249997 0.6903703703125 0.43723958281249997 0.6186111109375 0.3190104171875 0.6186111109375 0.3190104171875 0.6903703703125 0.43723958281249997 0.6903703703125
1 0.7928124999999999 0.253240740625 0.7928124999999999 0.16601851875 0.7077083328125 0.16601851875 0.7077083328125 0.253240740625 0.7928124999999999 0.253240740625
1 0.7047916671875 0.2903703703125 0.7047916671875 0.23009259218749997 0.67453125 0.23009259218749997 0.67453125 0.2903703703125 0.7047916671875 0.2903703703125
1 0.6752604171875001 0.3173148140625 0.6752604171875001 0.2570370375 0.65359375 0.2570370375 0.65359375 0.3173148140625 0.6752604171875001 0.3173148140625
1 0.6571875 0.3134259265625 0.6571875 0.28398148125 0.6428125 0.28398148125 0.6428125 0.3134259265625 0.6571875 0.3134259265625
1 0.7863020828125 0.035277778125 0.7863020828125 0.1609259265625 0.89375 0.1609259265625 0.89375 0.035277778125 0.7863020828125 0.035277778125
1 0.05 0.8109259265625001 0.05 0.7173148140625 0.0009375 0.7173148140625 0.0009375 0.8109259265625001 0.05 0.8109259265625001
1 0.044947917187500006 0.9455555562500001 0.044947917187500006 0.8506481484374999 0.0016666671875 0.8506481484374999 0.0016666671875 0.9455555562500001 0.044947917187500006 0.9455555562500001
1 0.13796875 0.3609259265625 0.13796875 0.2673148140625 0.0283854171875 0.2673148140625 0.0283854171875 0.3609259265625 0.13796875 0.3609259265625
2 0.5361458328125 0.5826851859375 0.5361458328125 0.3315740734375 0.4726041671875 0.3315740734375 0.4726041671875 0.5826851859375 0.5361458328125 0.5826851859375
2 0.3608333328125 0.3083333328125 0.3608333328125 0.5673148140625 0.4408854171875 0.5673148140625 0.4408854171875 0.3083333328125 0.3608333328125 0.3083333328125
4 0.6211458328125 0.5788888890624999 0.6211458328125 0.45064814843749995 0.53390625 0.45064814843749995 0.53390625 0.5788888890624999 0.6211458328125 0.5788888890624999
4 0.6434895828125 0.6044444437500001 0.6434895828125 0.4609259265625 0.6211458328125 0.4609259265625 0.6211458328125 0.6044444437500001 0.6434895828125 0.6044444437500001
3 0.9618229171875001 0.8721296296875 0.9618229171875001 0.7828703703125 0.8863541671874999 0.7828703703125 0.8863541671874999 0.8721296296875 0.9618229171875001 0.8721296296875
3 1 0.8128703703125 0.9520833328125 0.8128703703125 0.9520833328125 0.9021296296875001 1 0.9021296296875001 1 0.8128703703125
3 0.9446875 0.66898148125 0.9446875 0.595277778125 0.8247916671875 0.595277778125 0.8247916671875 0.66898148125 0.9446875 0.66898148125
3 0.94765625 0.7478703703125 0.94765625 0.659722221875 0.82328125 0.659722221875 0.82328125 0.7478703703125 0.94765625 0.7478703703125
3 0.946875 0.809722221875 0.946875 0.7189814812499999 0.8240104171875 0.7189814812499999 0.8240104171875 0.809722221875 0.946875 0.809722221875
3 0.8373437499999999 0.6558333328125 0.8373437499999999 0.5821296296875 0.7936979171874999 0.5821296296875 0.7936979171874999 0.6558333328125 0.8373437499999999 0.6558333328125
3 0.8329166671875001 0.7124074078125 0.8329166671875001 0.64398148125 0.79515625 0.64398148125 0.79515625 0.7124074078125 0.8329166671875001 0.7124074078125
3 0.83140625 0.7597222218749999 0.83140625 0.6912962968749999 0.7966666671875 0.6912962968749999 0.7966666671875 0.7597222218749999 0.83140625 0.7597222218749999
3 0.8728645828125 0.5571296296875 0.8728645828125 0.5018518515625 0.8203125 0.5018518515625 0.8203125 0.5571296296875 0.8728645828125 0.5571296296875
3 0.8721354171875 0.495277778125 0.8721354171875 0.4374074078125 0.7596354171875 0.4374074078125 0.7596354171875 0.495277778125 0.8721354171875 0.495277778125
3 0.8698958328125 0.545277778125 0.8698958328125 0.491296296875 0.7573958328125 0.491296296875 0.7573958328125 0.545277778125 0.8698958328125 0.545277778125
3 0.7936979171874999 0.63601851875 0.7936979171874999 0.57944444375 0.7396354171875 0.57944444375 0.7396354171875 0.63601851875 0.7936979171874999 0.63601851875
3 0.7478125 0.6715740734375 0.7478125 0.6321296296875001 0.73671875 0.6321296296875001 0.73671875 0.6715740734375 0.7478125 0.6715740734375
3 0.79515625 0.6965740734375 0.79515625 0.63601851875 0.7426041671875 0.63601851875 0.7426041671875 0.6965740734375 0.79515625 0.6965740734375
3 0.7944270828125 0.720277778125 0.7944270828125 0.6571296296875 0.7692708328125 0.6571296296875 0.7692708328125 0.720277778125 0.7944270828125 0.720277778125
3 0.75890625 0.489722221875 0.75890625 0.43685185156250006 0.7386979171875 0.43685185156250006 0.7386979171875 0.489722221875 0.75890625 0.489722221875
3 0.75859375 0.53305555625 0.75859375 0.4865740734375 0.7383854171875 0.4865740734375 0.7383854171875 0.53305555625 0.75859375 0.53305555625
3 0.73984375 0.48074074062500005 0.73984375 0.44000000000000006 0.7255729171875 0.44000000000000006 0.7255729171875 0.48074074062500005 0.73984375 0.48074074062500005
3 0.7383854171875 0.518796296875 0.7383854171875 0.47805555625 0.7253125 0.47805555625 0.7253125 0.518796296875 0.7383854171875 0.518796296875
3 0.7261979171874999 0.4786111109375 0.7261979171874999 0.4315740734375 0.7113020828125001 0.4315740734375 0.7113020828125001 0.4786111109375 0.7261979171874999 0.4786111109375
3 0.725 0.5129629625 0.725 0.4754629625 0.7116145828125 0.4754629625 0.7116145828125 0.5129629625 0.725 0.5129629625
3 0.7080208328125 0.4738888890625 0.7080208328125 0.435740740625 0.69375 0.435740740625 0.69375 0.4738888890625 0.7080208328125 0.4738888890625
3 0.7065625 0.50555555625 0.7065625 0.47435185156250004 0.694375 0.47435185156250004 0.694375 0.50555555625 0.7065625 0.50555555625
3 0.694375 0.5018518515625 0.694375 0.46805555625000006 0.6839583328125001 0.46805555625000006 0.6839583328125001 0.5018518515625 0.694375 0.5018518515625
3 0.7434375 0.5013888890625 0.7434375 0.4204629625 0.6738541671875 0.4204629625 0.6738541671875 0.5013888890625 0.7434375 0.5013888890625
3 0.67234375 0.490740740625 0.67234375 0.46481481406249997 0.6452604171874999 0.46481481406249997 0.6452604171874999 0.490740740625 0.67234375 0.490740740625
3 0.7261979171874999 0.5806481484375 0.7261979171874999 0.5431481484375 0.6652083328125 0.5431481484375 0.6652083328125 0.5806481484375 0.7261979171874999 0.5806481484375
3 0.6648958328125001 0.581203703125 0.6648958328125001 0.5526851859375 0.6440625 0.5526851859375 0.6440625 0.581203703125 0.6648958328125001 0.581203703125
3 0.6690625 0.5901851859375 0.6690625 0.5637037031250001 0.6521354171875 0.5637037031250001 0.6521354171875 0.5901851859375 0.6690625 0.5901851859375
3 0.7327083328125 0.620277778125 0.7327083328125 0.5822222218750001 0.6759375000000001 0.5822222218750001 0.6759375000000001 0.620277778125 0.7327083328125 0.620277778125
3 0.99921875 0.6173148140625 0.99921875 0.3695370375 0.9774479171875001 0.3695370375 0.9774479171875001 0.6173148140625 0.99921875 0.6173148140625
1 0.06296874999999999 0.7758333328125 0.06296874999999999 0.891296296875 0.1609375 0.891296296875 0.1609375 0.7758333328125 0.06296874999999999 0.7758333328125
1 0.06640625 0.7273148140625 0.06640625 0.8285185187499999 0.1575 0.8285185187499999 0.1575 0.7273148140625 0.06640625 0.7273148140625
1 0.0686979171875 0.678703703125 0.0686979171875 0.765740740625 0.1563541671875 0.765740740625 0.1563541671875 0.678703703125 0.0686979171875 0.678703703125