1 0.93125 0.03398148125 0.93125 0.146759259375 0.9976041671875 0.146759259375 0.9976041671875 0.03398148125 0.93125 0.03398148125
1 0.9464062500000001 0.214722221875 0.9464062500000001 0.10194444375 0.8699479171875 0.10194444375 0.8699479171875 0.214722221875 0.9464062500000001 0.214722221875
1 0.87859375 0.25833333281250004 0.87859375 0.185277778125 0.8346354171874999 0.185277778125 0.8346354171874999 0.25833333281250004 0.87859375 0.25833333281250004
1 0.0363020828125 0.0006481484375 0.0363020828125 0.1724074078125 0.22020833281250002 0.1724074078125 0.22020833281250002 0.0006481484375 0.0363020828125 0.0006481484375
1 0.0016666671875 0.004444443750000001 0.0016666671875 0.103240740625 0.09760416718750001 0.103240740625 0.09760416718750001 0.004444443750000001 0.0016666671875 0.004444443750000001
1 0.06515625 0.1403703703125 0.06515625 0.2493518515625 0.3153645828125 0.2493518515625 0.3153645828125 0.1403703703125 0.06515625 0.1403703703125
1 0.14156249999999998 0.18657407343750002 0.14156249999999998 0.287777778125 0.36442708281249997 0.287777778125 0.36442708281249997 0.18657407343750002 0.14156249999999998 0.18657407343750002
1 0.3096354171875 0.2390740734375 0.3096354171875 0.31222222187500004 0.4047916671875 0.31222222187500004 0.4047916671875 0.2390740734375 0.3096354171875 0.2390740734375
1 0.4422916671875 0.15324074062499998 0.4422916671875 0.0699074078125 0.30026041718749996 0.0699074078125 0.30026041718749996 0.15324074062499998 0.4422916671875 0.15324074062499998
1 0.3579166671875 0.114722221875 0.3579166671875 0.1826851859375 0.4646875 0.1826851859375 0.4646875 0.114722221875 0.3579166671875 0.114722221875
2 0.65359375 0.512222221875 0.65359375 0.3903703703125 0.6168229171874999 0.3903703703125 0.6168229171874999 0.512222221875 0.65359375 0.512222221875
2 0.6023958328125001 0.49555555625 0.6023958328125001 0.39555555625 0.5663541671875 0.39555555625 0.5663541671875 0.49555555625 0.6023958328125001 0.49555555625
3 0.8459375 0.1974074078125 0.8459375 0.1421296296875 0.7889583328125 0.1421296296875 0.7889583328125 0.1974074078125 0.8459375 0.1974074078125
3 0.8659375 0.2368518515625 0.8659375 0.1763888890625 0.8126562500000001 0.1763888890625 0.8126562500000001 0.2368518515625 0.8659375 0.2368518515625
3 0.9761979171874999 0.548796296875 0.9761979171874999 0.473703703125 0.8910937499999999 0.473703703125 0.8910937499999999 0.548796296875 0.9761979171874999 0.548796296875
3 0.9954166671875001 0.56694444375 0.9954166671875001 0.48509259218749995 0.9749479171875001 0.48509259218749995 0.9749479171875001 0.56694444375 0.9954166671875001 0.56694444375
3 0.9954166671875001 0.7715740734375001 0.9954166671875001 0.598796296875 0.9186458328124999 0.598796296875 0.9186458328124999 0.7715740734375001 0.9954166671875001 0.7715740734375001
3 0.9250520828125 0.64194444375 0.9250520828125 0.6033333328125 0.8854166671874999 0.6033333328125 0.8854166671874999 0.64194444375 0.9250520828125 0.64194444375
3 0.9250520828125 0.6761111109375 0.9250520828125 0.644259259375 0.8854166671874999 0.644259259375 0.8854166671874999 0.6761111109375 0.9250520828125 0.6761111109375
3 0.9250520828125 0.7306481484375 0.9250520828125 0.6761111109375 0.8892187500000001 0.6761111109375 0.8892187500000001 0.7306481484375 0.9250520828125 0.7306481484375
3 0.8803124999999999 0.664722221875 0.8803124999999999 0.5874074078125 0.8253125000000001 0.5874074078125 0.8253125000000001 0.664722221875 0.8803124999999999 0.664722221875
3 0.8661979171875 0.478240740625 0.8661979171875 0.44194444375 0.8419270828125001 0.44194444375 0.8419270828125001 0.478240740625 0.8661979171875 0.478240740625
3 0.8688020828124999 0.523796296875 0.8688020828124999 0.478240740625 0.8495833328125 0.478240740625 0.8495833328125 0.523796296875 0.8688020828124999 0.523796296875
3 0.9966666671875 0.99444444375 0.9966666671875 0.785277778125 0.9659895828125 0.785277778125 0.9659895828125 0.99444444375 0.9966666671875 0.99444444375
3 0.12828124999999999 0.8215740734375 0.12828124999999999 0.714722221875 0.016979167187499998 0.714722221875 0.016979167187499998 0.8215740734375 0.12828124999999999 0.8215740734375
3 0.061770832812499996 0.9216666671875 0.061770832812499996 0.8125 0.0029166671875000003 0.8125 0.0029166671875000003 0.9216666671875 0.061770832812499996 0.9216666671875
3 0.1078125 0.62148148125 0.1078125 0.498703703125 0.0029166671875000003 0.498703703125 0.0029166671875000003 0.62148148125 0.1078125 0.62148148125
3 0.1755729171875 0.5851851859375 0.1755729171875 0.3850925921875 0.0029166671875000003 0.3850925921875 0.0029166671875000003 0.5851851859375 0.1755729171875 0.5851851859375
3 0.2267708328125 0.56694444375 0.2267708328125 0.47601851875 0.1679166671875 0.47601851875 0.1679166671875 0.56694444375 0.2267708328125 0.56694444375
3 0.28171875 0.57148148125 0.28171875 0.50101851875 0.23697916718749998 0.50101851875 0.23697916718749998 0.57148148125 0.28171875 0.57148148125
3 0.34953124999999996 0.5600925921875 0.34953124999999996 0.49194444375 0.2728125 0.49194444375 0.2728125 0.5600925921875 0.34953124999999996 0.5600925921875
3 0.3789583328125 0.49416666718749996 0.3789583328125 0.44870370312499996 0.3021875 0.44870370312499996 0.3021875 0.49416666718749996 0.3789583328125 0.49416666718749996
3 0.3789583328125 0.548796296875 0.3789583328125 0.49416666718749996 0.3482291671875 0.49416666718749996 0.3482291671875 0.548796296875 0.3789583328125 0.548796296875
3 0.40453124999999995 0.5328703703125 0.40453124999999995 0.42601851875 0.37765624999999997 0.42601851875 0.37765624999999997 0.5328703703125 0.40453124999999995 0.5328703703125
3 0.43265624999999996 0.4828703703125 0.43265624999999996 0.44870370312499996 0.4083854171875 0.44870370312499996 0.4083854171875 0.4828703703125 0.43265624999999996 0.4828703703125
3 0.4301041671875 0.5191666671874999 0.4301041671875 0.4828703703125 0.4083854171875 0.4828703703125 0.4083854171875 0.5191666671874999 0.4301041671875 0.5191666671874999
3 0.4416145828125 0.5124074078125 0.4416145828125 0.48962962968749996 0.4275520828125 0.48962962968749996 0.4275520828125 0.5124074078125 0.4416145828125 0.5124074078125
3 0.45567708281249997 0.48509259218749995 0.45567708281249997 0.45324074062499997 0.4301041671875 0.45324074062499997 0.4301041671875 0.48509259218749995 0.45567708281249997 0.48509259218749995
3 0.45567708281249997 0.5146296296874999 0.45567708281249997 0.48509259218749995 0.4441666671875 0.48509259218749995 0.4441666671875 0.5146296296874999 0.45567708281249997 0.5146296296874999
3 0.38895833281250003 0.6283333328125 0.38895833281250003 0.567777778125 0.3253125 0.567777778125 0.3253125 0.6283333328125 0.38895833281250003 0.6283333328125
3 0.3859895828125 0.6599074078125 0.3859895828125 0.61648148125 0.36531250000000004 0.61648148125 0.36531250000000004 0.6599074078125 0.3859895828125 0.6599074078125
3 0.3741666671875 0.6849074078124999 0.3741666671875 0.6138888890625 0.2890625 0.6138888890625 0.2890625 0.6849074078124999 0.3741666671875 0.6849074078124999
3 0.34901041718750003 0.696759259375 0.34901041718750003 0.6388888890625 0.2557291671875 0.6388888890625 0.2557291671875 0.696759259375 0.34901041718750003 0.696759259375
3 0.3156770828125 0.7099074078125 0.3156770828125 0.6664814812500001 0.2483333328125 0.6664814812500001 0.2483333328125 0.7099074078125 0.3156770828125 0.7099074078125
3 0.30015625 0.7533333328125 0.30015625 0.6901851859375 0.23796875 0.6901851859375 0.23796875 0.7533333328125 0.30015625 0.7533333328125
3 0.2320833328125 0.771759259375 0.2320833328125 0.6914814812500001 0.12546875 0.6914814812500001 0.12546875 0.771759259375 0.2320833328125 0.771759259375
3 0.1861979171875 0.8283333328125 0.1861979171875 0.74805555625 0.1077083328125 0.74805555625 0.1077083328125 0.8283333328125 0.1861979171875 0.8283333328125
3 0.4038020828125 0.6520370375 0.4038020828125 0.6073148140625 0.38229166718749996 0.6073148140625 0.38229166718749996 0.6520370375 0.4038020828125 0.6520370375
3 0.4244791671875 0.6323148140625 0.4244791671875 0.5954629625 0.4052604171875 0.5954629625 0.4052604171875 0.6323148140625 0.4244791671875 0.6323148140625
3 0.4333854171875 0.617777778125 0.4333854171875 0.5901851859375 0.4141145828125 0.5901851859375 0.4141145828125 0.617777778125 0.4333854171875 0.617777778125
3 0.4578125 0.5546296296875 0.4578125 0.5270370375 0.42817708281250005 0.5270370375 0.42817708281250005 0.5546296296875 0.4578125 0.5546296296875
3 0.45854166718749995 0.5757407406249999 0.45854166718749995 0.5546296296875 0.4259895828125 0.5546296296875 0.4259895828125 0.5757407406249999 0.45854166718749995 0.5757407406249999
3 0.42744791718749997 0.5809259265625 0.42744791718749997 0.617777778125 0.44817708281249996 0.617777778125 0.44817708281249996 0.596759259375 0.45854166718749995 0.596759259375 0.45854166718749995 0.5757407406249999 0.44375 0.5757407406249999 0.44375 0.5809259265625 0.42744791718749997 0.5809259265625
3 0.16296875 0.0159259265625 0.16296875 0.0933333328125 0.2153645828125 0.0933333328125 0.2153645828125 0.0159259265625 0.16296875 0.0159259265625
3 0.0866145828125 0.0000925921875 0.0866145828125 0.0333333328125 0.1647395828125 0.0333333328125 0.1647395828125 0.0000925921875 0.0866145828125 0.0000925921875
3 0.1585416671875 0.0033333328125 0.1585416671875 0.0506481484375 0.2180729171875 0.0506481484375 0.2180729171875 0.0033333328125 0.1585416671875 0.0033333328125
3 0.2144791671875 0.0000925921875 0.2144791671875 0.0600925921875 0.2793229171875 0.0600925921875 0.2793229171875 0.0000925921875 0.2144791671875 0.0000925921875
3 0.2784375 0.1106481484375 0.2784375 0.0333333328125 0.2153645828125 0.0333333328125 0.2153645828125 0.1106481484375 0.2784375 0.1106481484375
3 0.2784375 0.15648148125 0.2784375 0.083796296875 0.2144791671875 0.083796296875 0.2144791671875 0.15648148125 0.2784375 0.15648148125
3 0.3113020828125 0.1833333328125 0.3113020828125 0.12009259218749999 0.2766666671875 0.12009259218749999 0.2766666671875 0.1833333328125 0.3113020828125 0.1833333328125
3 0.27578125 0.0696296296875 0.27578125 0.1453703703125 0.3121875 0.1453703703125 0.3121875 0.0696296296875 0.27578125 0.0696296296875
3 0.31484375 0.09805555625 0.31484375 0.0096296296875 0.2766666671875 0.0096296296875 0.2766666671875 0.09805555625 0.31484375 0.09805555625
3 0.36546875 0.15009259218749998 0.36546875 0.07120370312499999 0.3104166671875 0.07120370312499999 0.3104166671875 0.15009259218749998 0.36546875 0.15009259218749998
3 0.3645833328125 0.19277777812500002 0.3645833328125 0.12805555625 0.3281770828125 0.12805555625 0.3281770828125 0.19277777812500002 0.3645833328125 0.19277777812500002
3 0.36906249999999996 0.24009259218749998 0.36906249999999996 0.1896296296875 0.3299479171875 0.1896296296875 0.3299479171875 0.24009259218749998 0.36906249999999996 0.24009259218749998
3 0.3051041671875 0.1533333328125 0.3051041671875 0.20694444375 0.3388541671875 0.20694444375 0.3388541671875 0.1533333328125 0.3051041671875 0.1533333328125
3 0.3104166671875 0.09648148125 0.3104166671875 0.1659259265625 0.3334895828125 0.1659259265625 0.3334895828125 0.09648148125 0.3104166671875 0.09648148125
3 0.9402604171875 0.143240740625 0.9402604171875 0.06898148125 0.8886979171875 0.06898148125 0.8886979171875 0.143240740625 0.9402604171875 0.143240740625
3 0.9331250000000001 0.10842592656250001 0.9331250000000001 0.0374074078125 0.8825 0.0374074078125 0.8825 0.10842592656250001 0.9331250000000001 0.10842592656250001
3 0.8842708328125 0.0058333328125 0.8842708328125 0.0674074078125 0.9348958328125001 0.0674074078125 0.9348958328125001 0.0058333328125 0.8842708328125 0.0058333328125
1 0.53296875 0.52444444375 0.53296875 0.5374074078125 0.6006770828125 0.5374074078125 0.6006770828125 0.52444444375 0.53296875 0.52444444375
1 0.5484895828125 0.553703703125 0.5484895828125 0.57648148125 0.6011458328125 0.57648148125 0.6011458328125 0.553703703125 0.5484895828125 0.553703703125