1 0.7666666671875 0.0029629625 0.7666666671875 0.1375 0.90203125 0.1375 0.90203125 0.0029629625 0.7666666671875 0.0029629625
1 0.765625 0.24361111093750001 0.765625 0.0920370375 0.6750520828125001 0.0920370375 0.6750520828125001 0.24361111093750001 0.765625 0.24361111093750001
1 0.6795312499999999 0.281296296875 0.6795312499999999 0.1925 0.6498958328125 0.1925 0.6498958328125 0.281296296875 0.6795312499999999 0.281296296875
1 0.6523958328125 0.3175 0.6523958328125 0.2396296296875 0.6122916671875 0.2396296296875 0.6122916671875 0.3175 0.6523958328125 0.3175
1 0.6005729171875 0.3525925921875 0.6005729171875 0.3054629625 0.5827083328125 0.3054629625 0.5827083328125 0.3525925921875 0.6005729171875 0.3525925921875
1 0.0031770828125 0.372777778125 0.0031770828125 0.4546296296875 0.10635416718749999 0.4546296296875 0.10635416718749999 0.372777778125 0.0031770828125 0.372777778125
1 0.1929166671875 0.474259259375 0.1929166671875 0.3858333328125 0.1008333328125 0.3858333328125 0.1008333328125 0.474259259375 0.1929166671875 0.474259259375
1 0.2555208328125 0.4709259265625 0.2555208328125 0.39564814843749996 0.1929166671875 0.39564814843749996 0.1929166671875 0.4709259265625 0.2555208328125 0.4709259265625
1 0.2979166671875 0.46342592656250003 0.2979166671875 0.40972222187499996 0.2526041671875 0.40972222187499996 0.2526041671875 0.46342592656250003 0.2979166671875 0.46342592656250003
1 0.3219270828125 0.4601851859375 0.3219270828125 0.41916666718749995 0.2979166671875 0.41916666718749995 0.2979166671875 0.4601851859375 0.3219270828125 0.4601851859375
1 0.34411458281249996 0.4570370375 0.34411458281249996 0.4238888890625 0.3228125 0.4238888890625 0.3228125 0.4570370375 0.34411458281249996 0.4570370375
1 0.3609895828125 0.56444444375 0.3609895828125 0.531296296875 0.3405729171875 0.531296296875 0.3405729171875 0.56444444375 0.3609895828125 0.56444444375
1 0.2881770828125 0.675 0.2881770828125 0.6054629625 0.23932291718749998 0.6054629625 0.23932291718749998 0.675 0.2881770828125 0.675
1 0.2481770828125 0.8297222218750001 0.2481770828125 0.71601851875 0.1948958328125 0.71601851875 0.1948958328125 0.8297222218750001 0.2481770828125 0.8297222218750001
1 0.34515625 0.6714814812500001 0.34515625 0.6276851859375 0.3294270828125 0.6276851859375 0.3294270828125 0.6714814812500001 0.34515625 0.6714814812500001
1 0.3590625 0.6473148140625 0.3590625 0.6118518515625 0.3444270828125 0.6118518515625 0.3444270828125 0.6473148140625 0.3590625 0.6473148140625
1 0.19234374999999998 0.0019444437500000002 0.19234374999999998 0.0853703703125 0.25203125000000004 0.0853703703125 0.25203125000000004 0.0019444437500000002 0.19234374999999998 0.0019444437500000002
1 0.2423958328125 0.0474074078125 0.2423958328125 0.140277778125 0.2893229171875 0.140277778125 0.2893229171875 0.0474074078125 0.2423958328125 0.0474074078125
1 0.281875 0.104259259375 0.281875 0.1838888890625 0.31703125 0.1838888890625 0.31703125 0.104259259375 0.281875 0.104259259375
1 0.315625 0.1413888890625 0.315625 0.2149074078125 0.3402604171875 0.2149074078125 0.3402604171875 0.1413888890625 0.315625 0.1413888890625
1 0.3384375 0.18416666718750002 0.3384375 0.23462962968749998 0.3556770828125 0.23462962968749998 0.3556770828125 0.18416666718750002 0.3384375 0.18416666718750002
4 0.8309895828125 0.9839814812500001 0.8309895828125 0.487777778125 0.6860416671875 0.487777778125 0.6860416671875 0.9839814812500001 0.8309895828125 0.9839814812500001
4 0.7105729171874999 0.864722221875 0.7105729171874999 0.49555555625 0.6391666671875 0.49555555625 0.6391666671875 0.864722221875 0.7105729171874999 0.864722221875
4 0.6492708328125001 0.7570370375000001 0.6492708328125001 0.48527777812500006 0.6146874999999999 0.48527777812500006 0.6146874999999999 0.7570370375000001 0.6492708328125001 0.7570370375000001
4 0.62546875 0.70444444375 0.62546875 0.4813888890625 0.6038541671875 0.4813888890625 0.6038541671875 0.70444444375 0.62546875 0.70444444375
4 0.6117708328125 0.6673148140625 0.6117708328125 0.476296296875 0.58796875 0.476296296875 0.58796875 0.6673148140625 0.6117708328125 0.6673148140625
4 0.59375 0.6352777781250001 0.59375 0.476296296875 0.5800520828125 0.476296296875 0.5800520828125 0.6352777781250001 0.59375 0.6352777781250001
4 0.3730729171875 0.6365740734374999 0.3730729171875 0.476296296875 0.34713541718749996 0.476296296875 0.34713541718749996 0.6365740734374999 0.3730729171875 0.6365740734374999
4 0.32406250000000003 0.7339814812500001 0.32406250000000003 0.48398148125 0.2065104171875 0.48398148125 0.2065104171875 0.7339814812500001 0.32406250000000003 0.7339814812500001
4 0.1978125 0.937777778125 0.1978125 0.503240740625 0.10265625 0.503240740625 0.10265625 0.937777778125 0.1978125 0.937777778125
4 0.10479166718749999 0.9929629625 0.10479166718749999 0.5313888890625 0.0016666671875 0.5313888890625 0.0016666671875 0.9929629625 0.10479166718749999 0.9929629625
4 0.3680208328125 0.2865740734375 0.3680208328125 0.42240740781249997 0.3918229171875 0.42240740781249997 0.3918229171875 0.2865740734375 0.3680208328125 0.2865740734375
4 0.40911458281249996 0.425 0.40911458281249996 0.3173148140625 0.3882291671875 0.3173148140625 0.3882291671875 0.425 0.40911458281249996 0.425
3 0.99515625 0.3908333328125 0.99515625 0.0804629625 0.8603125 0.0804629625 0.8603125 0.3908333328125 0.99515625 0.3908333328125
3 0.6336979171875 0.43990740781250004 0.6336979171875 0.35601851875 0.6029687499999999 0.35601851875 0.6029687499999999 0.43990740781250004 0.6336979171875 0.43990740781250004
3 0.6051041671874999 0.443703703125 0.6051041671874999 0.3728703703125 0.59140625 0.3728703703125 0.59140625 0.443703703125 0.6051041671874999 0.443703703125
3 0.5892708328125 0.43916666718749997 0.5892708328125 0.38351851875 0.5746875 0.38351851875 0.5746875 0.43916666718749997 0.5892708328125 0.43916666718749997
3 0.5823958328125001 0.52444444375 0.5823958328125001 0.47416666718749995 0.5716666671875 0.47416666718749995 0.5716666671875 0.52444444375 0.5823958328125001 0.52444444375
1 0.3627083328125 0.44870370312499996 0.3627083328125 0.4275925921875 0.3453125 0.4275925921875 0.3453125 0.44870370312499996 0.3627083328125 0.44870370312499996
1 0.3873958328125 0.276296296875 0.3873958328125 0.23722222187500003 0.3681770828125 0.23722222187500003 0.3681770828125 0.276296296875 0.3873958328125 0.276296296875
1 0.4075520828125 0.59194444375 0.4075520828125 0.570740740625 0.3828125 0.570740740625 0.3828125 0.59194444375 0.4075520828125 0.59194444375
1 0.5786979171875 0.3771296296875 0.5786979171875 0.3478703703125 0.55859375 0.3478703703125 0.55859375 0.3771296296875 0.5786979171875 0.3771296296875