1 0.8288020828124999 0.6079629625 0.8288020828124999 0.5208333328125 0.6422916671875 0.5208333328125 0.6422916671875 0.6079629625 0.8288020828124999 0.6079629625
1 0.9855208328125 0.551203703125 0.9855208328125 0.45259259218750003 0.7733854171875 0.45259259218750003 0.7733854171875 0.551203703125 0.9855208328125 0.551203703125
1 0.35989583281250004 0.36925925937500004 0.35989583281250004 0.3124074078125 0.2266666671875 0.3124074078125 0.2266666671875 0.36925925937500004 0.35989583281250004 0.36925925937500004
1 0.2746354171875 0.5492592593750001 0.2746354171875 0.4981481484375 0.1808333328125 0.4981481484375 0.1808333328125 0.5492592593750001 0.2746354171875 0.5492592593750001
1 0.2682291671875 0.45259259218750003 0.2682291671875 0.3900925921875 0.08703125 0.3900925921875 0.08703125 0.45259259218750003 0.2682291671875 0.45259259218750003
1 0.12645833281250002 0.6875925921875 0.12645833281250002 0.6250925921875 0.0411979171875 0.6250925921875 0.0411979171875 0.6875925921875 0.12645833281250002 0.6875925921875
1 0.1808333328125 0.6781481484375 0.1808333328125 0.61555555625 0.12645833281250002 0.61555555625 0.12645833281250002 0.6781481484375 0.1808333328125 0.6781481484375
1 0.0017708328125 0.67055555625 0.0017708328125 0.91305555625 0.09984375 0.91305555625 0.09984375 0.67055555625 0.0017708328125 0.67055555625
2 0.9997395828125001 0.637777778125 0.9997395828125001 0.023703703125 0.7913541671875 0.023703703125 0.7913541671875 0.637777778125 0.9997395828125001 0.637777778125
2 0.4178125 0.43009259218749996 0.4178125 0.5211111109375001 0.44447916718749997 0.5211111109375001 0.44447916718749997 0.43009259218749996 0.4178125 0.43009259218749996
4 0.5699479171874999 0.5275925921875 0.5699479171874999 0.3275925921875 0.41489583281250003 0.3275925921875 0.41489583281250003 0.5275925921875 0.5699479171874999 0.5275925921875
4 0.3658854171875 0.6300925921875 0.3658854171875 0.3403703703125 0.2641666671875 0.3403703703125 0.2641666671875 0.6300925921875 0.3658854171875 0.6300925921875
4 0.95 0.41601851874999995 0.95 0.3224074078125 0.8266666671875 0.3224074078125 0.8266666671875 0.41601851874999995 0.95 0.41601851874999995