1 0 0.865740740625 0.18 0.865740740625 0.18 0.7753703703125 0 0.7753703703125 0 0.865740740625
2 0.5778645828125 0.99805555625 0.5778645828125 0.5596296296875 0.45890624999999996 0.5596296296875 0.45890624999999996 0.99805555625 0.5778645828125 0.99805555625
2 0.8346354171874999 0.996759259375 0.8346354171874999 0.273703703125 0.6543229171875 0.273703703125 0.6543229171875 0.996759259375 0.8346354171874999 0.996759259375
4 0.7581770828125001 0.65444444375 0.7581770828125001 0.3583333328125 0.59375 0.3583333328125 0.59375 0.65444444375 0.7581770828125001 0.65444444375
4 0.7841145828125 0.9724074078125 0.7841145828125 0.6390740734375 0.59375 0.6390740734375 0.59375 0.9724074078125 0.7841145828125 0.9724074078125
4 0.6002604171875 0.9673148140625001 0.6002604171875 0.644259259375 0.42786458281249995 0.644259259375 0.42786458281249995 0.9673148140625001 0.6002604171875 0.9673148140625001
4 0.44015624999999997 0.346759259375 0.44015624999999997 0.653240740625 0.6002604171875 0.653240740625 0.6002604171875 0.346759259375 0.44015624999999997 0.346759259375
4 0.32979166718749997 0.1929629625 0.32979166718749997 0.3109259265625 0.4516666671875 0.3109259265625 0.4516666671875 0.1929629625 0.32979166718749997 0.1929629625
4 0.44953125 0.4173148140625 0.44953125 0.2993518515625 0.3290625 0.2993518515625 0.3290625 0.4173148140625 0.44953125 0.4173148140625
4 0.4466145828125 0.5186111109375 0.4466145828125 0.41601851874999995 0.3226041671875 0.41601851874999995 0.3226041671875 0.5186111109375 0.4466145828125 0.5186111109375
4 0.4415625 0.6288888890625 0.4415625 0.5211111109375001 0.3233333328125 0.5211111109375001 0.3233333328125 0.6288888890625 0.4415625 0.6288888890625
4 0.43942708281250004 0.7275925921875 0.43942708281250004 0.6300925921875 0.3211458328125 0.6300925921875 0.3211458328125 0.7275925921875 0.43942708281250004 0.7275925921875
4 0.43869791718749995 0.8673148140625001 0.43869791718749995 0.723703703125 0.3190104171875 0.723703703125 0.3190104171875 0.8673148140625001 0.43869791718749995 0.8673148140625001
4 0.1834375 0.69555555625 0.1834375 0.8775925921875001 0.31828124999999996 0.8775925921875001 0.31828124999999996 0.69555555625 0.1834375 0.69555555625
1 0.9247395828125 0.2925 0.9247395828125 0.2453703703125 0.76359375 0.2453703703125 0.76359375 0.2925 0.9247395828125 0.2925
1 0.9247395828125 0.3315740734375 0.9247395828125 0.2941666671875 0.7663541671874999 0.2941666671875 0.7663541671874999 0.3315740734375 0.9247395828125 0.3315740734375
1 0.9256249999999999 0.3625 0.9256249999999999 0.3315740734375 0.7819270828125 0.3315740734375 0.7819270828125 0.3625 0.9256249999999999 0.3625
1 0.9247395828125 0.4031481484375 0.9247395828125 0.3706481484375 0.7828125 0.3706481484375 0.7828125 0.4031481484375 0.9247395828125 0.4031481484375
1 0.9274479171875001 0.4308333328125 0.9274479171875001 0.40972222187499996 0.7809895828125 0.40972222187499996 0.7809895828125 0.4308333328125 0.9274479171875001 0.4308333328125
1 0.9247395828125 0.481296296875 0.9247395828125 0.4438888890625 0.7855729171875 0.4438888890625 0.7855729171875 0.481296296875 0.9247395828125 0.481296296875
1 0.8313541671875001 0.5203703703125 0.8313541671875001 0.49101851874999997 0.7846875 0.49101851874999997 0.7846875 0.5203703703125 0.8313541671875001 0.5203703703125
1 0.8231249999999999 0.5626851859374999 0.8231249999999999 0.52851851875 0.7846875 0.52851851875 0.7846875 0.5626851859374999 0.8231249999999999 0.5626851859374999
1 0.8148958328125 0.5936111109375 0.8148958328125 0.564259259375 0.7791666671875 0.564259259375 0.7791666671875 0.5936111109375 0.8148958328125 0.5936111109375
1 0.85515625 0.7286111109375 0.85515625 0.6976851859375001 0.8130208328125 0.6976851859375001 0.8130208328125 0.7286111109375 0.85515625 0.7286111109375
1 0.8615625 0.7790740734375 0.8615625 0.73351851875 0.8185416671875 0.73351851875 0.8185416671875 0.7790740734375 0.8615625 0.7790740734375
1 0.8752604171874999 0.813240740625 0.8752604171874999 0.7823148140625 0.8194270828124999 0.7823148140625 0.8194270828124999 0.813240740625 0.8752604171874999 0.813240740625
1 0.8807812500000001 0.8523148140625001 0.8807812500000001 0.819722221875 0.8185416671875 0.819722221875 0.8185416671875 0.8523148140625001 0.8807812500000001 0.8523148140625001
1 0.8826041671875 0.88805555625 0.8826041671875 0.8523148140625001 0.8258333328124999 0.8523148140625001 0.8258333328124999 0.88805555625 0.8826041671875 0.88805555625
1 0.8826041671875 0.9352777781249999 0.8826041671875 0.9011111109375 0.8295312499999999 0.9011111109375 0.8295312499999999 0.9352777781249999 0.8826041671875 0.9352777781249999
1 0.9695833328125 0.8001851859375 0.9695833328125 0.81648148125 0.9979166671874999 0.81648148125 0.9979166671874999 0.8001851859375 0.9695833328125 0.8001851859375
1 0.9732291671875 0.7758333328125 0.9732291671875 0.7953703703125 0.9979166671874999 0.7953703703125 0.9979166671874999 0.7758333328125 0.9732291671875 0.7758333328125
1 0.99703125 0.7676851859375 0.99703125 0.74 0.9722916671874999 0.74 0.9722916671874999 0.7676851859375 0.99703125 0.7676851859375
1 0.9979166671874999 0.7302777781249999 0.9979166671874999 0.7009259265625001 0.9677604171875 0.7009259265625001 0.9677604171875 0.7302777781249999 0.9979166671874999 0.7302777781249999
1 0.9988541671875 0.6976851859375001 0.9988541671875 0.6749074078125 0.9650000000000001 0.6749074078125 0.9650000000000001 0.6976851859375001 0.9988541671875 0.6976851859375001
1 0.9979166671874999 0.6733333328125 0.9979166671874999 0.6456481484375 0.9622395828125001 0.6456481484375 0.9622395828125001 0.6733333328125 0.9979166671874999 0.6733333328125
1 0.9979166671874999 0.640740740625 0.9979166671874999 0.6163888890625 0.9567708328125001 0.6163888890625 0.9567708328125001 0.640740740625 0.9979166671874999 0.640740740625
1 0.99609375 0.61305555625 0.99609375 0.590277778125 0.9548958328125 0.590277778125 0.9548958328125 0.61305555625 0.99609375 0.61305555625
1 0.99703125 0.590277778125 0.99703125 0.56101851875 0.9494270828125 0.56101851875 0.9494270828125 0.590277778125 0.99703125 0.590277778125
1 0.9988541671875 0.5561111109375 0.9988541671875 0.5349999999999999 0.9476041671875001 0.5349999999999999 0.9476041671875001 0.5561111109375 0.9988541671875 0.5561111109375
1 0.9952083328124999 0.518703703125 0.9952083328124999 0.48944444374999996 0.9420833328124999 0.48944444374999996 0.9420833328124999 0.518703703125 0.9952083328124999 0.518703703125