1 0.67390625 0.1433333328125 0.67390625 0.0258333328125 0.5303125 0.0258333328125 0.5303125 0.1433333328125 0.67390625 0.1433333328125
1 0.66671875 0.00125 0.66671875 0.06375 0.8059375 0.06375 0.8059375 0.00125 0.66671875 0.00125
1 0.5359375 0.003125 0.5359375 0.027708332812499997 0.626875 0.027708332812499997 0.626875 0.003125 0.5359375 0.003125
1 0.5246875 0.175625 0.5246875 0.0979166671875 0.41953125 0.0979166671875 0.41953125 0.175625 0.5246875 0.175625
1 0.533125 0.0960416671875 0.533125 0.0164583328125 0.41375 0.0164583328125 0.41375 0.0960416671875 0.533125 0.0960416671875
1 0.43796875 0.0714583328125 0.43796875 0.006875000000000001 0.3428125 0.006875000000000001 0.3428125 0.0714583328125 0.43796875 0.0714583328125
1 0.34562499999999996 0.11499999999999999 0.34562499999999996 0.0447916671875 0.2859375 0.0447916671875 0.2859375 0.11499999999999999 0.34562499999999996 0.11499999999999999
1 0.33984375 0.1697916671875 0.33984375 0.11125 0.2815625 0.11125 0.2815625 0.1697916671875 0.33984375 0.1697916671875
1 0.34421875 0.24562499999999998 0.34421875 0.19083333281249998 0.27734375 0.19083333281249998 0.27734375 0.24562499999999998 0.34421875 0.24562499999999998
1 0.41953125 0.21541666718750002 0.41953125 0.1470833328125 0.34125 0.1470833328125 0.34125 0.21541666718750002 0.41953125 0.21541666718750002
1 0.41656250000000006 0.1395833328125 0.41656250000000006 0.0752083328125 0.33703125 0.0752083328125 0.33703125 0.1395833328125 0.41656250000000006 0.1395833328125
1 0.2884375 0.0595833328125 0.2884375 0.0029166671875000003 0.23765624999999999 0.0029166671875000003 0.23765624999999999 0.0595833328125 0.2884375 0.0595833328125
1 0.23765624999999999 0.09125 0.23765624999999999 0.0408333328125 0.1984375 0.0408333328125 0.1984375 0.09125 0.23765624999999999 0.09125
1 0.27546875000000004 0.29812500000000003 0.27546875000000004 0.274375 0.183125 0.274375 0.183125 0.29812500000000003 0.27546875000000004 0.29812500000000003
1 0.26125 0.3564583328125 0.26125 0.32645833281250003 0.18421875000000001 0.32645833281250003 0.18421875000000001 0.3564583328125 0.26125 0.3564583328125
1 0.183125 0.325 0.183125 0.2839583328125 0.15234375 0.2839583328125 0.15234375 0.325 0.183125 0.325
1 0.18546875000000002 0.37854166718750004 0.18546875000000002 0.3375 0.15109375 0.3375 0.15109375 0.37854166718750004 0.18546875000000002 0.37854166718750004
1 0.4459375 0.694375 0.4459375 0.5964583328125 0.17484375000000002 0.5964583328125 0.17484375000000002 0.694375 0.4459375 0.694375
1 0.091875 0.531875 0.091875 0.5002083328125 0.00078125 0.5002083328125 0.00078125 0.531875 0.091875 0.531875
1 0.09078125000000001 0.5743750000000001 0.09078125000000001 0.5460416671874999 0.00421875 0.5460416671874999 0.00421875 0.5743750000000001 0.09078125000000001 0.5743750000000001
1 0.17359375 0.591875 0.17359375 0.5602083328125 0.13453125 0.5602083328125 0.13453125 0.591875 0.17359375 0.591875
1 0.5076562499999999 0.6785416671875 0.5076562499999999 0.6122916671875 0.43765625 0.6122916671875 0.43765625 0.6785416671875 0.5076562499999999 0.6785416671875
1 0.6212500000000001 0.7229166671875 0.6212500000000001 0.6329166671875 0.50046875 0.6329166671875 0.50046875 0.7229166671875 0.6212500000000001 0.7229166671875
2 0.63171875 0.003125 0.63171875 0.8712500000000001 0.9971875000000001 0.8712500000000001 0.9971875000000001 0.003125 0.63171875 0.003125
3 0.51375 0.31437499999999996 0.51375 0.27770833281249996 0.43484375000000003 0.27770833281249996 0.43484375000000003 0.31437499999999996 0.51375 0.31437499999999996
3 0.51484375 0.3447916671875 0.51484375 0.313125 0.43 0.313125 0.43 0.3447916671875 0.51484375 0.3447916671875
3 0.51078125 0.38166666718750003 0.51078125 0.3447916671875 0.43 0.3447916671875 0.43 0.38166666718750003 0.51078125 0.38166666718750003
3 0.50890625 0.4183333328125 0.50890625 0.38166666718750003 0.43187499999999995 0.38166666718750003 0.43187499999999995 0.4183333328125 0.50890625 0.4183333328125