1 1 0.0758333328125 0.98046875 0.0758333328125 0.98046875 0.1279166671875 1 0.1279166671875 1 0.0758333328125
1 0.9667187500000001 0.1460416671875 0.9667187500000001 0.0758333328125 0.8807812500000001 0.0758333328125 0.8807812500000001 0.1460416671875 0.9667187500000001 0.1460416671875
1 0.87984375 0.164375 0.87984375 0.104375 0.8201562499999999 0.104375 0.8201562499999999 0.164375 0.87984375 0.164375
1 0.8201562499999999 0.18125 0.8201562499999999 0.133125 0.77515625 0.133125 0.77515625 0.18125 0.8201562499999999 0.18125
1 0.74875 0 0.74875 0.044375 0.78 0.044375 0.78 0 0.74875 0
1 0.74875 0.0666666671875 0.74875 0.0339583328125 0.724375 0.0339583328125 0.724375 0.0666666671875 0.74875 0.0666666671875
1 0.72140625 0.0875 0.72140625 0.06395833281249999 0.7028125000000001 0.06395833281249999 0.7028125000000001 0.0875 0.72140625 0.0875
1 0.778125 0.196875 0.778125 0.164375 0.7418750000000001 0.164375 0.7418750000000001 0.196875 0.778125 0.196875
1 0.7409375 0.20875 0.7409375 0.18 0.7175 0.18 0.7175 0.20875 0.7409375 0.20875
1 0.7165625 0.2152083328125 0.7165625 0.19437500000000002 0.6950000000000001 0.19437500000000002 0.6950000000000001 0.2152083328125 0.7165625 0.2152083328125
1 0.6940625 0.22291666718749997 0.6940625 0.19958333281250001 0.6775 0.19958333281250001 0.6775 0.22291666718749997 0.6940625 0.22291666718749997
1 0.67640625 0.2320833328125 0.67640625 0.21125 0.65890625 0.21125 0.65890625 0.2320833328125 0.67640625 0.2320833328125
1 0.25015624999999997 0 0.25015624999999997 0.0691666671875 0.29421875000000003 0.0691666671875 0.29421875000000003 0 0.25015624999999997 0
1 0.32640625 0.104375 0.32640625 0.0470833328125 0.29328125 0.0470833328125 0.29328125 0.104375 0.32640625 0.104375
1 0.35 0.1291666671875 0.35 0.0875 0.3275 0.0875 0.3275 0.1291666671875 0.35 0.1291666671875
1 0.3753125 0.13187500000000002 0.3753125 0.1004166671875 0.35281250000000003 0.1004166671875 0.35281250000000003 0.13187500000000002 0.3753125 0.13187500000000002
1 0.39875 0.1591666671875 0.39875 0.1383333328125 0.38125 0.1383333328125 0.38125 0.1591666671875 0.39875 0.1591666671875
3 0.9678125 0.6039583328125 0.9678125 0.5302083328125 0.89671875 0.5302083328125 0.89671875 0.6039583328125 0.9678125 0.6039583328125
3 0.99828125 0.6710416671874999 0.99828125 0.6118750000000001 0.9678125 0.6118750000000001 0.9678125 0.6710416671874999 0.99828125 0.6710416671874999
3 0.99734375 0.475 0.99734375 0.40791666718749997 0.96875 0.40791666718749997 0.96875 0.475 0.99734375 0.475
3 0.97265625 0.4420833328125 0.97265625 0.3802083328125 0.9175000000000001 0.3802083328125 0.9175000000000001 0.4420833328125 0.97265625 0.4420833328125
3 0.9598437499999999 0.42104166718749997 0.9598437499999999 0.3079166671875 0.8809374999999999 0.3079166671875 0.8809374999999999 0.42104166718749997 0.9598437499999999 0.42104166718749997
3 0.8839062500000001 0.40791666718749997 0.8839062500000001 0.35270833281249997 0.84046875 0.35270833281249997 0.84046875 0.40791666718749997 0.8839062500000001 0.40791666718749997
3 0.84828125 0.4 0.84828125 0.35125 0.81078125 0.35125 0.81078125 0.4 0.84828125 0.4
3 0.81875 0.3908333328125 0.81875 0.36062500000000003 0.7970312500000001 0.36062500000000003 0.7970312500000001 0.3908333328125 0.81875 0.3908333328125
3 0.8009375000000001 0.38166666718750003 0.8009375000000001 0.3460416671875 0.78125 0.3460416671875 0.78125 0.38166666718750003 0.8009375000000001 0.38166666718750003
3 0.8324999999999999 0.38166666718750003 0.8324999999999999 0.2972916671875 0.7457812500000001 0.2972916671875 0.7457812500000001 0.38166666718750003 0.8324999999999999 0.38166666718750003
3 0.78328125 0.4591666671875 0.78328125 0.3829166671875 0.718125 0.3829166671875 0.718125 0.4591666671875 0.78328125 0.4591666671875
3 0.84140625 0.5039583328125 0.84140625 0.46187500000000004 0.78328125 0.46187500000000004 0.78328125 0.5039583328125 0.84140625 0.5039583328125
3 0.9046875 0.5129166671875 0.9046875 0.48 0.8543749999999999 0.48 0.8543749999999999 0.5129166671875 0.9046875 0.5129166671875
3 0.91046875 0.5683333328125 0.91046875 0.5222916671875 0.8651562500000001 0.5222916671875 0.8651562500000001 0.5683333328125 0.91046875 0.5683333328125
3 0.28796875 0.5225 0.28796875 0.3960416671875 0.18421875000000001 0.3960416671875 0.18421875000000001 0.5225 0.28796875 0.5225
3 0.12 0.5131249999999999 0.12 0.38166666718750003 0.06375 0.38166666718750003 0.06375 0.5131249999999999 0.12 0.5131249999999999
3 0.06875 0.5579166671875 0.06875 0.36833333281249997 0.00453125 0.36833333281249997 0.00453125 0.5579166671875 0.06875 0.5579166671875
3 0.16046875 0.4947916671875 0.16046875 0.4091666671875 0.118125 0.4091666671875 0.118125 0.4947916671875 0.16046875 0.4947916671875
3 0.12 0.3091666671875 0.12 0.24479166718749998 0.01453125 0.24479166718749998 0.01453125 0.3091666671875 0.12 0.3091666671875
3 0.17328125 0.3066666671875 0.17328125 0.25 0.10625 0.25 0.10625 0.3066666671875 0.17328125 0.3066666671875
3 0.20890625 0.2472916671875 0.20890625 0.21437499999999998 0.11421875 0.21437499999999998 0.11421875 0.2472916671875 0.20890625 0.2472916671875
3 0.20890625 0.27625 0.20890625 0.24874999999999997 0.169375 0.24874999999999997 0.169375 0.27625 0.20890625 0.27625
3 0.20296875 0.3027083328125 0.20296875 0.27625 0.169375 0.27625 0.169375 0.3027083328125 0.20296875 0.3027083328125
3 0.268125 0.2460416671875 0.268125 0.213125 0.22078125 0.213125 0.22078125 0.2460416671875 0.268125 0.2460416671875
3 0.268125 0.2670833328125 0.268125 0.2460416671875 0.21968749999999998 0.2460416671875 0.21968749999999998 0.2670833328125 0.268125 0.2670833328125
3 0.263125 0.3039583328125 0.263125 0.2670833328125 0.21968749999999998 0.2670833328125 0.21968749999999998 0.3039583328125 0.263125 0.3039583328125
3 0.33718750000000003 0.25125000000000003 0.33718750000000003 0.22770833281249997 0.26421875 0.22770833281249997 0.26421875 0.25125000000000003 0.33718750000000003 0.25125000000000003
3 0.33718750000000003 0.2710416671875 0.33718750000000003 0.25125000000000003 0.263125 0.25125000000000003 0.263125 0.2710416671875 0.33718750000000003 0.2710416671875
3 0.33328125000000003 0.2947916671875 0.33328125000000003 0.2710416671875 0.26421875 0.2710416671875 0.26421875 0.2947916671875 0.33328125000000003 0.2947916671875
3 0.3115625 0.38687499999999997 0.3115625 0.325 0.26703125 0.325 0.26703125 0.38687499999999997 0.3115625 0.38687499999999997
3 0.39437500000000003 0.2920833328125 0.39437500000000003 0.2408333328125 0.34500000000000003 0.2408333328125 0.34500000000000003 0.2920833328125 0.39437500000000003 0.2920833328125
3 0.90890625 0.105625 0.90890625 0.0783333328125 0.8731249999999999 0.0783333328125 0.8731249999999999 0.105625 0.90890625 0.105625
3 0.96015625 0.10333333281249998 0.96015625 0.0533333328125 0.90890625 0.0533333328125 0.90890625 0.10333333281249998 0.96015625 0.10333333281249998
3 0.91921875 0.0852083328125 0.91921875 0.030625000000000003 0.8765625 0.030625000000000003 0.8765625 0.0852083328125 0.91921875 0.0852083328125
3 0.961875 0.0760416671875 0.961875 0.02375 0.9106249999999999 0.02375 0.9106249999999999 0.0760416671875 0.961875 0.0760416671875
3 0.8800000000000001 0.0010416671875 0.8800000000000001 0.034999999999999996 0.91578125 0.034999999999999996 0.91578125 0.0010416671875 0.8800000000000001 0.0010416671875
3 0.9140625 0.0010416671875 0.9140625 0.0283333328125 0.96359375 0.0283333328125 0.96359375 0.0010416671875 0.9140625 0.0010416671875