1 0.27859375000000003 0.0006481484375 0.27859375000000003 0.1224074078125 0.3867708328125 0.1224074078125 0.3867708328125 0.0006481484375 0.27859375000000003 0.0006481484375
1 0.3867708328125 0.0711111109375 0.3867708328125 0.19555555625 0.4574479171875 0.19555555625 0.4574479171875 0.0711111109375 0.3867708328125 0.0711111109375
1 0.4516666671875 0.14805555625 0.4516666671875 0.2275925921875 0.5007291671874999 0.2275925921875 0.5007291671874999 0.14805555625 0.4516666671875 0.14805555625
1 0.49640625 0.1686111109375 0.49640625 0.225 0.5454166671875 0.225 0.5454166671875 0.1686111109375 0.49640625 0.1686111109375
1 0.53390625 0.22629629687500002 0.53390625 0.2826851859375 0.5815104171875001 0.2826851859375 0.5815104171875001 0.22629629687500002 0.53390625 0.22629629687500002
1 0.58078125 0.25444444375 0.58078125 0.294259259375 0.6023958328125001 0.294259259375 0.6023958328125001 0.25444444375 0.58078125 0.25444444375
1 0.9940104171874999 0.2609259265625 0.9940104171874999 0.19805555625 0.9622395828125001 0.19805555625 0.9622395828125001 0.2609259265625 0.9940104171874999 0.2609259265625
1 0.9629687499999999 0.2903703703125 0.9629687499999999 0.235277778125 0.9363020828125 0.235277778125 0.9363020828125 0.2903703703125 0.9629687499999999 0.2903703703125
1 0.9384375 0.2903703703125 0.9384375 0.25194444374999997 0.9110416671875001 0.25194444374999997 0.9110416671875001 0.2903703703125 0.9384375 0.2903703703125
1 0.9644270828125 0.2199074078125 0.9644270828125 0.1711111109375 0.93125 0.1711111109375 0.93125 0.2199074078125 0.9644270828125 0.2199074078125
1 0.9601041671875 0.0929629625 0.9601041671875 0.146759259375 0.9910937499999999 0.146759259375 0.9910937499999999 0.0929629625 0.9601041671875 0.0929629625
3 0.4216666671875 0.9974074078124999 0.4216666671875 0.74351851875 0.2383854171875 0.74351851875 0.2383854171875 0.9974074078124999 0.4216666671875 0.9974074078124999
3 0.1658854171875 0.9936111109375 0.1658854171875 0.8534259265624999 0.0571875 0.8534259265624999 0.0571875 0.9936111109375 0.1658854171875 0.9936111109375
3 0.0625 0.9974074078124999 0.0625 0.8496296296875 0.0006770828125000001 0.8496296296875 0.0006770828125000001 0.9974074078124999 0.0625 0.9974074078124999
3 0.0028125 0.5464814812500001 0.0028125 0.7018518515625 0.05078125 0.7018518515625 0.05078125 0.5464814812500001 0.0028125 0.5464814812500001
3 0.1893229171875 0.656296296875 0.1893229171875 0.5123148140625 0.0433333328125 0.5123148140625 0.0433333328125 0.656296296875 0.1893229171875 0.656296296875
3 0.25968749999999996 0.504722221875 0.25968749999999996 0.4365740734375 0.080625 0.4365740734375 0.080625 0.504722221875 0.25968749999999996 0.504722221875
3 0.26286458281249997 0.5653703703125 0.26286458281249997 0.504722221875 0.1722916671875 0.504722221875 0.1722916671875 0.5653703703125 0.26286458281249997 0.5653703703125
3 0.26609375 0.6278703703125 0.26609375 0.5653703703125 0.1722916671875 0.5653703703125 0.1722916671875 0.6278703703125 0.26609375 0.6278703703125
3 0.38333333281250004 0.461203703125 0.38333333281250004 0.41953703750000004 0.2820833328125 0.41953703750000004 0.2820833328125 0.461203703125 0.38333333281250004 0.461203703125
3 0.3822395828125 0.5104629625 0.3822395828125 0.465 0.2788541671875 0.465 0.2788541671875 0.5104629625 0.3822395828125 0.5104629625
3 0.3736979171875 0.56351851875 0.3736979171875 0.5104629625 0.28312499999999996 0.5104629625 0.28312499999999996 0.56351851875 0.3736979171875 0.56351851875
3 0.4078125 0.5426851859374999 0.4078125 0.47444444375000006 0.3705208328125 0.47444444375000006 0.3705208328125 0.5426851859374999 0.4078125 0.5426851859374999
3 0.42807291718749996 0.497222221875 0.42807291718749996 0.459259259375 0.39609375 0.459259259375 0.39609375 0.497222221875 0.42807291718749996 0.497222221875
3 0.42703125000000003 0.5388888890625 0.42703125000000003 0.497222221875 0.39718749999999997 0.497222221875 0.39718749999999997 0.5388888890625 0.42703125000000003 0.5388888890625
3 0.46218750000000003 0.5331481484375 0.46218750000000003 0.4800925921875 0.4302083328125 0.4800925921875 0.4302083328125 0.5331481484375 0.46218750000000003 0.5331481484375
3 0.48244791718749996 0.68851851875 0.48244791718749996 0.5729629625 0.3982291671875 0.5729629625 0.3982291671875 0.68851851875 0.48244791718749996 0.68851851875
3 0.5037499999999999 0.6316666671875 0.5037499999999999 0.59194444375 0.4803125 0.59194444375 0.4803125 0.6316666671875 0.5037499999999999 0.6316666671875
3 0.5047916671875 0.6620370375 0.5047916671875 0.6298148140625 0.4845833328125 0.6298148140625 0.4845833328125 0.6620370375 0.5047916671875 0.6620370375
3 0.4408854171875 0.7397222218749999 0.4408854171875 0.65444444375 0.3896875 0.65444444375 0.3896875 0.7397222218749999 0.4408854171875 0.7397222218749999
3 0.39609375 0.7207407406249999 0.39609375 0.62601851875 0.28421875 0.62601851875 0.28421875 0.7207407406249999 0.39609375 0.7207407406249999
3 0.9909895828125 0.6089814812500001 0.9909895828125 0.5568518515624999 0.9581250000000001 0.5568518515624999 0.9581250000000001 0.6089814812500001 0.9909895828125 0.6089814812500001
3 0.9839062500000001 0.4826851859375 0.9839062500000001 0.44787037031250004 0.9643229171875 0.44787037031250004 0.9643229171875 0.4826851859375 0.9839062500000001 0.4826851859375
3 0.5397916671874999 0.6468518515625 0.5397916671874999 0.5900000000000001 0.5016145828125 0.5900000000000001 0.5016145828125 0.6468518515625 0.5397916671874999 0.6468518515625
3 0.57890625 0.5995370375 0.57890625 0.5599999999999999 0.5114062500000001 0.5599999999999999 0.5114062500000001 0.5995370375 0.57890625 0.5995370375
3 0.5886458328125 0.5631481484374999 0.5886458328125 0.5426851859374999 0.5397916671874999 0.5426851859374999 0.5397916671874999 0.5631481484374999 0.5886458328125 0.5631481484374999
3 0.5886458328125 0.5900000000000001 0.5886458328125 0.5631481484374999 0.5700000000000001 0.5631481484374999 0.5700000000000001 0.5900000000000001 0.5886458328125 0.5900000000000001
3 0.5886458328125 0.45583333281250005 0.5886458328125 0.42111111093750003 0.5442708328125 0.42111111093750003 0.5442708328125 0.45583333281250005 0.5886458328125 0.45583333281250005
3 0.5948958328125 0.4778703703125 0.5948958328125 0.4495370375 0.5717708328125 0.4495370375 0.5717708328125 0.4778703703125 0.5948958328125 0.4778703703125
3 0.5708854171875 0.48898148125 0.5708854171875 0.44787037031250004 0.5566666671875 0.44787037031250004 0.5566666671875 0.48898148125 0.5708854171875 0.48898148125
3 0.5611458328125 0.493703703125 0.5611458328125 0.44472222187500005 0.5415625000000001 0.44472222187500005 0.5415625000000001 0.493703703125 0.5611458328125 0.493703703125
3 0.5513541671875 0.4984259265625 0.5513541671875 0.44157407343750005 0.5300520828125 0.44157407343750005 0.5300520828125 0.4984259265625 0.5513541671875 0.4984259265625
3 0.5318229171875 0.504722221875 0.5318229171875 0.4511111109375 0.5069270828125 0.4511111109375 0.5069270828125 0.504722221875 0.5318229171875 0.504722221875
3 0.50515625 0.46055555625 0.50515625 0.42268518593750004 0.38171875 0.42268518593750004 0.38171875 0.46055555625 0.50515625 0.46055555625
3 0.4971875 0.4858333328125 0.4971875 0.454259259375 0.43588541718749996 0.454259259375 0.43588541718749996 0.4858333328125 0.4971875 0.4858333328125
3 0.49895833281249996 0.51898148125 0.49895833281249996 0.48425925937500003 0.4509895828125 0.48425925937500003 0.4509895828125 0.51898148125 0.49895833281249996 0.51898148125
3 0.991875 0.4826851859375 0.991875 0.4068518515625 0.9519270828125 0.4068518515625 0.9519270828125 0.4826851859375 0.991875 0.4826851859375
3 0.9847916671875 0.5868518515625001 0.9847916671875 0.5395370374999999 0.9421354171875 0.5395370374999999 0.9421354171875 0.5868518515625001 0.9847916671875 0.5868518515625001
3 0.5970833328125 0.48555555625 0.5970833328125 0.4078703703125 0.5578645828125001 0.4078703703125 0.5578645828125001 0.48555555625 0.5970833328125 0.48555555625
3 0.48182291718750003 0.1668518515625 0.48182291718750003 0.11555555625 0.4544270828125 0.11555555625 0.4544270828125 0.1668518515625 0.48182291718750003 0.1668518515625
3 0.4988541671875 0.1878703703125 0.4988541671875 0.1365740734375 0.4766666671875 0.1365740734375 0.4766666671875 0.1878703703125 0.4988541671875 0.1878703703125
3 0.478125 0.09444444375 0.478125 0.155 0.5018229171875 0.155 0.5018229171875 0.09444444375 0.478125 0.09444444375
3 0.41890625000000004 0.06555555625000001 0.41890625000000004 0.12740740781249998 0.4795833328125 0.12740740781249998 0.4795833328125 0.06555555625000001 0.41890625000000004 0.06555555625000001
3 0.47885416718749996 0.081296296875 0.47885416718749996 0.0128703703125 0.41890625000000004 0.0128703703125 0.41890625000000004 0.081296296875 0.47885416718749996 0.081296296875
3 0.5003124999999999 0.0984259265625 0.5003124999999999 0.04444444375 0.48109375 0.04444444375 0.48109375 0.0984259265625 0.5003124999999999 0.0984259265625
3 0.4174479171875 0.0024074078125 0.4174479171875 0.028703703125 0.47885416718749996 0.028703703125 0.47885416718749996 0.0024074078125 0.4174479171875 0.0024074078125
1 0.6244791671875001 0.6016666671875 0.6244791671875001 0.5724074078125 0.6061979171874999 0.5724074078125 0.6061979171874999 0.6016666671875 0.6244791671875001 0.6016666671875
3 0.5988541671875 0.5634259265625 0.5988541671875 0.5829629625 0.6194270828125 0.5829629625 0.6194270828125 0.5634259265625 0.5988541671875 0.5634259265625
3 0.5965625 0.5382407406249999 0.5965625 0.56101851875 0.6213020828125 0.56101851875 0.6213020828125 0.5382407406249999 0.5965625 0.5382407406249999
3 0.5997916671875 0.5146296296874999 0.5997916671875 0.5399074078125 0.62265625 0.5399074078125 0.62265625 0.5146296296874999 0.5997916671875 0.5146296296874999
3 0.6016145828125 0.4796296296875 0.6016145828125 0.51305555625 0.6203645828125001 0.51305555625 0.6203645828125001 0.4796296296875 0.6016145828125 0.4796296296875
3 0.5005208328124999 0.0925 0.5005208328124999 0.12898148125 0.6029687499999999 0.12898148125 0.6029687499999999 0.0925 0.5005208328124999 0.0925