1 0.6259375 0.0045833328125 0.6259375 0.1314583328125 0.93265625 0.1314583328125 0.93265625 0.0045833328125 0.6259375 0.0045833328125
1 0.9981249999999999 0.2160416671875 0.9981249999999999 0.14937499999999998 0.9057812500000001 0.14937499999999998 0.9057812500000001 0.2160416671875 0.9981249999999999 0.2160416671875
1 1 0.225 0.9346875000000001 0.225 0.9346875000000001 0.2545833328125 1 0.2545833328125 1 0.225
3 0.047031250000000004 0.4027083328125 0.047031250000000004 0.2079166671875 0.0026562499999999998 0.2079166671875 0.0026562499999999998 0.4027083328125 0.047031250000000004 0.4027083328125
3 0.047031250000000004 0.55 0.047031250000000004 0.3920833328125 0.0017187500000000002 0.3920833328125 0.0017187500000000002 0.55 0.047031250000000004 0.55
3 0.45359375 0.364375 0.45359375 0.18562499999999998 0.14078125 0.18562499999999998 0.14078125 0.364375 0.45359375 0.364375
3 0.43578124999999995 0.5341666671875 0.43578124999999995 0.36583333281249997 0.1378125 0.36583333281249997 0.1378125 0.5341666671875 0.43578124999999995 0.5341666671875
3 0.64609375 0.3960416671875 0.64609375 0.213125 0.45562500000000006 0.213125 0.45562500000000006 0.3960416671875 0.64609375 0.3960416671875
3 0.6392187500000001 0.5091666671875 0.6392187500000001 0.3710416671875 0.4378125 0.3710416671875 0.4378125 0.5091666671875 0.6392187500000001 0.5091666671875
3 0.80890625 0.40791666718749997 0.80890625 0.2710416671875 0.65 0.2710416671875 0.65 0.40791666718749997 0.80890625 0.40791666718749997
3 0.87203125 0.414375 0.87203125 0.3066666671875 0.811875 0.3066666671875 0.811875 0.414375 0.87203125 0.414375
3 0.805 0.49729166718749995 0.805 0.388125 0.64015625 0.388125 0.64015625 0.49729166718749995 0.805 0.49729166718749995
3 0.8651562500000001 0.48166666718749995 0.8651562500000001 0.414375 0.805 0.414375 0.805 0.48166666718749995 0.8651562500000001 0.48166666718749995
3 0.9193749999999999 0.46708333281250003 0.9193749999999999 0.41312499999999996 0.868125 0.41312499999999996 0.868125 0.46708333281250003 0.9193749999999999 0.46708333281250003
3 0.9884375000000001 0.46312499999999995 0.9884375000000001 0.34208333281250003 0.8800000000000001 0.34208333281250003 0.8800000000000001 0.46312499999999995 0.9884375000000001 0.46312499999999995
3 0.999375 0.414375 0.999375 0.3789583328125 0.9884375000000001 0.3789583328125 0.9884375000000001 0.414375 0.999375 0.414375
3 0.99734375 0.44604166718749994 0.99734375 0.41312499999999996 0.9884375000000001 0.41312499999999996 0.9884375000000001 0.44604166718749994 0.99734375 0.44604166718749994
3 0.619375 0.811875 0.619375 0.6118750000000001 0.40421874999999996 0.6118750000000001 0.40421874999999996 0.811875 0.619375 0.811875
3 0.61453125 0.9079166671875001 0.61453125 0.813125 0.43390625 0.813125 0.43390625 0.9079166671875001 0.61453125 0.9079166671875001
3 0.74171875 0.8670833328124999 0.74171875 0.6552083328125 0.62234375 0.6552083328125 0.62234375 0.8670833328124999 0.74171875 0.8670833328124999
3 0.81484375 0.7933333328125001 0.81484375 0.6170833328125 0.62734375 0.6170833328125 0.62734375 0.7933333328125001 0.81484375 0.7933333328125001
3 0.70828125 0.5158333328125 0.70828125 0.6027083328125 0.89875 0.6027083328125 0.89875 0.5158333328125 0.70828125 0.5158333328125
3 0.89765625 0.4960416671875 0.89765625 0.5789583328125001 0.9292187500000001 0.5789583328125001 0.9292187500000001 0.4960416671875 0.89765625 0.4960416671875
3 0.7229687499999999 0.5816666671874999 0.7229687499999999 0.6658333328125 0.89578125 0.6658333328125 0.89578125 0.5816666671874999 0.7229687499999999 0.5816666671874999
3 0.805 0.6447916671875 0.805 0.7183333328125 0.89578125 0.7183333328125 0.89578125 0.6447916671875 0.805 0.6447916671875
3 0.8917187500000001 0.5802083328125 0.8917187500000001 0.6277083328125 0.9303125 0.6277083328125 0.9303125 0.5802083328125 0.8917187500000001 0.5802083328125
3 0.8917187500000001 0.6210416671875 0.8917187500000001 0.67625 0.93125 0.67625 0.93125 0.6210416671875 0.8917187500000001 0.6210416671875
3 0.9292187500000001 0.59875 0.9292187500000001 0.6460416671875 0.9550000000000001 0.6460416671875 0.9550000000000001 0.59875 0.9292187500000001 0.59875
3 0.93921875 0.5579166671875 0.93921875 0.6197916671875 0.961875 0.6197916671875 0.961875 0.5579166671875 0.93921875 0.5579166671875
3 0.93625 0.55 0.93625 0.6012500000000001 0.99046875 0.6012500000000001 0.99046875 0.55 0.93625 0.55
3 0.93125 0.4920833328125 0.93125 0.54875 0.99734375 0.54875 0.99734375 0.4920833328125 0.93125 0.4920833328125
3 0.9934375 0.586875 0.9934375 0.55125 0.9678125 0.55125 0.9678125 0.586875 0.9934375 0.586875