1 0.56984375 0.176875 0.56984375 0.028958332812499998 0.34828125 0.028958332812499998 0.34828125 0.176875 0.56984375 0.176875
1 0.72046875 0.2279166671875 0.72046875 0.1275 0.5599999999999999 0.1275 0.5599999999999999 0.2279166671875 0.72046875 0.2279166671875
1 0.8099999999999999 0.24125000000000002 0.8099999999999999 0.15979166718749999 0.70484375 0.15979166718749999 0.70484375 0.24125000000000002 0.8099999999999999 0.24125000000000002
1 0.8057812500000001 0.28479166718750004 0.8057812500000001 0.2108333328125 0.71484375 0.2108333328125 0.71484375 0.28479166718750004 0.8057812500000001 0.28479166718750004
1 0.8457812499999999 0.305 0.8457812499999999 0.2529166671875 0.805625 0.2529166671875 0.805625 0.305 0.8457812499999999 0.305
1 0.8790625000000001 0.3239583328125 0.8790625000000001 0.2702083328125 0.8481249999999999 0.2702083328125 0.8481249999999999 0.3239583328125 0.8790625000000001 0.3239583328125
1 0.62 0.37145833281249996 0.62 0.2945833328125 0.26203125 0.2945833328125 0.26203125 0.37145833281249996 0.62 0.37145833281249996
1 0.7984375 0.6270833328125 0.7984375 0.5529166671875 0.6634375 0.5529166671875 0.6634375 0.6270833328125 0.7984375 0.6270833328125
1 0.63625 0.7316666671875 0.63625 0.62625 0.47140624999999997 0.62625 0.47140624999999997 0.7316666671875 0.63625 0.7316666671875
1 0.4715625 0.8087500000000001 0.4715625 0.6633333328125001 0.2028125 0.6633333328125001 0.2028125 0.8087500000000001 0.4715625 0.8087500000000001
1 0.8768750000000001 0.4575 0.8768750000000001 0.4302083328125 0.8375 0.4302083328125 0.8375 0.4575 0.8768750000000001 0.4575
1 0.9065625 0.4916666671875 0.9065625 0.4641666671875 0.8735937500000001 0.4641666671875 0.8735937500000001 0.4916666671875 0.9065625 0.4916666671875
1 0.9025000000000001 0.5475 0.9025000000000001 0.5091666671875 0.8728125 0.5091666671875 0.8728125 0.5475 0.9025000000000001 0.5475
1 0.8768750000000001 0.5672916671875 0.8768750000000001 0.515625 0.8324999999999999 0.515625 0.8324999999999999 0.5672916671875 0.8768750000000001 0.5672916671875
1 0.92546875 0.4345833328125 0.92546875 0.4114583328125 0.86625 0.4114583328125 0.86625 0.4345833328125 0.92546875 0.4345833328125
1 0.92703125 0.47729166718749994 0.92703125 0.4564583328125 0.9025000000000001 0.4564583328125 0.9025000000000001 0.47729166718749994 0.92703125 0.47729166718749994
1 0.9196875 0.5320833328125001 0.9196875 0.49812500000000004 0.89421875 0.49812500000000004 0.89421875 0.5320833328125001 0.9196875 0.5320833328125001
1 0.91234375 0.33479166718750003 0.91234375 0.2964583328125 0.8745312500000001 0.2964583328125 0.8745312500000001 0.33479166718750003 0.91234375 0.33479166718750003
1 0.9139062499999999 0.27770833281249996 0.9139062499999999 0.23395833281249998 0.8589062500000001 0.23395833281249998 0.8589062500000001 0.27770833281249996 0.9139062499999999 0.27770833281249996
1 0.9389062499999999 0.3120833328125 0.9389062499999999 0.2810416671875 0.9142187500000001 0.2810416671875 0.9142187500000001 0.3120833328125 0.9389062499999999 0.3120833328125
1 0.921875 0.3477083328125 0.921875 0.3145833328125 0.9009375000000001 0.3145833328125 0.9009375000000001 0.3477083328125 0.921875 0.3477083328125
1 0.9365625 0.3564583328125 0.9365625 0.3279166671875 0.91953125 0.3279166671875 0.91953125 0.3564583328125 0.9365625 0.3564583328125
1 0.95140625 0.36104166718749997 0.95140625 0.338125 0.9379687499999999 0.338125 0.9379687499999999 0.36104166718749997 0.95140625 0.36104166718749997
1 0.9493750000000001 0.45041666718749995 0.9493750000000001 0.42833333281249997 0.93046875 0.42833333281249997 0.93046875 0.45041666718749995 0.9493750000000001 0.45041666718749995
1 0.94984375 0.5170833328125 0.94984375 0.48541666718750004 0.9232812499999999 0.48541666718750004 0.9232812499999999 0.5170833328125 0.94984375 0.5170833328125
1 0.83828125 0.0635416671875 0.83828125 0.1214583328125 0.8759375 0.1214583328125 0.8759375 0.0635416671875 0.83828125 0.0635416671875
1 0.77609375 0.00125 0.77609375 0.081875 0.84109375 0.081875 0.84109375 0.00125 0.77609375 0.00125
1 0.8970312500000001 0.0872916671875 0.8970312500000001 0.03 0.8628125000000001 0.03 0.8628125000000001 0.0872916671875 0.8970312500000001 0.0872916671875
1 0.89875 0.17250000000000001 0.89875 0.1108333328125 0.86625 0.1108333328125 0.86625 0.17250000000000001 0.89875 0.17250000000000001
1 0.9165625000000001 0.20208333281250002 0.9165625000000001 0.145 0.89421875 0.145 0.89421875 0.20208333281250002 0.9165625000000001 0.20208333281250002
1 0.91703125 0.15958333281249998 0.91703125 0.1077083328125 0.89484375 0.1077083328125 0.89484375 0.15958333281249998 0.91703125 0.15958333281249998
1 0.9370312500000001 0.231875 0.9370312500000001 0.1845833328125 0.9142187500000001 0.1845833328125 0.9142187500000001 0.231875 0.9370312500000001 0.231875
1 0.94109375 0.1535416671875 0.94109375 0.1183333328125 0.91703125 0.1183333328125 0.91703125 0.1535416671875 0.94109375 0.1535416671875
1 0.9353125 0.1885416671875 0.9353125 0.1541666671875 0.9165625000000001 0.1541666671875 0.9165625000000001 0.1885416671875 0.9353125 0.1885416671875
4 0.85390625 0.5904166671875 0.85390625 0.353125 0.70484375 0.353125 0.70484375 0.5904166671875 0.85390625 0.5904166671875
4 0.96640625 0.3635416671875 0.96640625 0.2558333328125 0.9317187499999999 0.2558333328125 0.9317187499999999 0.3635416671875 0.96640625 0.3635416671875
4 0.04421875 0.000625 0.04421875 0.10958333281249999 0.3596875 0.10958333281249999 0.3596875 0.000625 0.04421875 0.000625