1 0.323125 0.0058333328125 0.323125 0.148125 0.6596875 0.148125 0.6596875 0.0058333328125 0.323125 0.0058333328125
1 0.47781250000000003 0.0802083328125 0.47781250000000003 0.1827083328125 0.7240624999999999 0.1827083328125 0.7240624999999999 0.0802083328125 0.47781250000000003 0.0802083328125
1 0.64328125 0.146875 0.64328125 0.22625 0.77890625 0.22625 0.77890625 0.146875 0.64328125 0.146875
1 0.9471875000000001 0.6070833328125 0.9471875000000001 0.5685416671875 0.82109375 0.5685416671875 0.82109375 0.6070833328125 0.9471875000000001 0.6070833328125
1 0.9634375000000001 0.5314583328125 0.9634375000000001 0.4904166671875 0.7798437500000001 0.4904166671875 0.7798437500000001 0.5314583328125 0.9634375000000001 0.5314583328125
1 0.73265625 0.1879166671875 0.73265625 0.2575 0.795 0.2575 0.795 0.1879166671875 0.73265625 0.1879166671875
1 0.7771874999999999 0.21375000000000002 0.7771874999999999 0.2702083328125 0.81546875 0.2702083328125 0.81546875 0.21375000000000002 0.7771874999999999 0.21375000000000002
1 0.80890625 0.2522916671875 0.80890625 0.2925 0.8321875000000001 0.2925 0.8321875000000001 0.2522916671875 0.80890625 0.2522916671875
1 0.7982812499999999 0.3079166671875 0.7982812499999999 0.34208333281250003 0.83171875 0.34208333281250003 0.83171875 0.3079166671875 0.7982812499999999 0.3079166671875
1 0.81609375 0.3139583328125 0.81609375 0.3495833328125 0.84671875 0.3495833328125 0.84671875 0.3139583328125 0.81609375 0.3139583328125
2 0.98171875 0.46604166718749995 0.98171875 0.3391666671875 0.93359375 0.3391666671875 0.93359375 0.46604166718749995 0.98171875 0.46604166718749995
2 0.9278124999999999 0.449375 0.9278124999999999 0.3172916671875 0.88359375 0.3172916671875 0.88359375 0.449375 0.9278124999999999 0.449375
3 0.5059375 0.7631249999999999 0.5059375 0.590625 0.3075 0.590625 0.3075 0.7631249999999999 0.5059375 0.7631249999999999
3 0.47734375 0.475 0.47734375 0.3566666671875 0.2571875 0.3566666671875 0.2571875 0.475 0.47734375 0.475
3 0.52078125 0.3539583328125 0.52078125 0.3027083328125 0.39046875000000003 0.3027083328125 0.39046875000000003 0.3539583328125 0.52078125 0.3539583328125
3 0.5740624999999999 0.45 0.5740624999999999 0.38687499999999997 0.47625 0.38687499999999997 0.47625 0.45 0.5740624999999999 0.45
3 0.6321875 0.43937499999999996 0.6321875 0.3802083328125 0.5759375 0.3802083328125 0.5759375 0.43937499999999996 0.6321875 0.43937499999999996
3 0.66671875 0.43937499999999996 0.66671875 0.38937499999999997 0.624375 0.38937499999999997 0.624375 0.43937499999999996 0.66671875 0.43937499999999996
3 0.69828125 0.43937499999999996 0.69828125 0.3670833328125 0.64015625 0.3670833328125 0.64015625 0.43937499999999996 0.69828125 0.43937499999999996
3 0.72203125 0.43166666718749996 0.72203125 0.3960416671875 0.6884375 0.3960416671875 0.6884375 0.43166666718749996 0.72203125 0.43166666718749996
3 0.7140625 0.5908333328125 0.7140625 0.5227083328125001 0.58 0.5227083328125001 0.58 0.5908333328125 0.7140625 0.5908333328125
3 0.2396875 0.49020833281250004 0.2396875 0.38416666718750003 0.1121875 0.38416666718750003 0.1121875 0.49020833281250004 0.2396875 0.49020833281250004
3 0.11421875 0.5158333328125 0.11421875 0.3579166671875 0.0075 0.3579166671875 0.0075 0.5158333328125 0.11421875 0.5158333328125
3 0.286875 0.911875 0.286875 0.560625 0.08546875000000001 0.560625 0.08546875000000001 0.911875 0.286875 0.911875
3 0.07953125 0.7420833328125 0.07953125 0.6027083328125 0.000625 0.6027083328125 0.000625 0.7420833328125 0.07953125 0.7420833328125
3 0.0925 0.8552083328125001 0.0925 0.7289583328125 0.000625 0.7289583328125 0.000625 0.8552083328125001 0.0925 0.8552083328125001
3 0.1003125 0.9591666671875 0.1003125 0.8289583328125 0.0026562499999999998 0.8289583328125 0.0026562499999999998 0.9591666671875 0.1003125 0.9591666671875
3 0.30171875 0.3908333328125 0.30171875 0.2908333328125 0.13 0.2908333328125 0.13 0.3908333328125 0.30171875 0.3908333328125
3 0.81671875 0.40125 0.81671875 0.36312500000000003 0.7693749999999999 0.36312500000000003 0.7693749999999999 0.40125 0.81671875 0.40125
3 0.80296875 0.4222916671875 0.80296875 0.3920833328125 0.77734375 0.3920833328125 0.77734375 0.4222916671875 0.80296875 0.4222916671875
3 0.7803125 0.42895833281250006 0.7803125 0.3933333328125 0.7378125 0.3933333328125 0.7378125 0.42895833281250006 0.7803125 0.42895833281250006
3 0.78125 0.5277083328125001 0.78125 0.4420833328125 0.7565625 0.4420833328125 0.7565625 0.5277083328125001 0.78125 0.5277083328125001
3 0.7446875000000001 0.5579166671875 0.7446875000000001 0.44604166718749994 0.62234375 0.44604166718749994 0.62234375 0.5579166671875 0.7446875000000001 0.5579166671875