1 1 0.5935416671875 0.9354687500000001 0.5935416671875 0.9354687500000001 0.5070833328125001 0.7418750000000001 0.5070833328125001 0.7418750000000001 0.653125 0.9285937499999999 0.653125 0.9285937499999999 0.6929166671875 1 0.6929166671875 1 0.5935416671875
1 0.603125 0.4966666671875 0.603125 0.440625 0.540625 0.440625 0.540625 0.4966666671875 0.603125 0.4966666671875
1 0.63046875 0.40541666718749997 0.63046875 0.36124999999999996 0.594375 0.36124999999999996 0.594375 0.40541666718749997 0.63046875 0.40541666718749997
1 0.64328125 0 0.64328125 0.1227083328125 0.755625 0.1227083328125 0.755625 0 0.64328125 0
1 0.6421875 0.1760416671875 0.6421875 0.0704166671875 0.57484375 0.0704166671875 0.57484375 0.1760416671875 0.6421875 0.1760416671875
1 0.57484375 0.193125 0.57484375 0.1252083328125 0.5415625000000001 0.1252083328125 0.5415625000000001 0.193125 0.57484375 0.193125
1 0.5434375 0.224375 0.5434375 0.1604166671875 0.504375 0.1604166671875 0.504375 0.224375 0.5434375 0.224375
1 0.5025000000000001 0.2360416671875 0.5025000000000001 0.196875 0.48578124999999994 0.196875 0.48578124999999994 0.2360416671875 0.5025000000000001 0.2360416671875
1 0.45062499999999994 0 0.45062499999999994 0.0458333328125 0.47796874999999994 0.0458333328125 0.47796874999999994 0 0.45062499999999994 0
1 0.35875 0.39249999999999996 0.35875 0.378125 0.32156250000000003 0.378125 0.32156250000000003 0.39249999999999996 0.35875 0.39249999999999996
1 0.27953125 0.39249999999999996 0.27953125 0.37687499999999996 0.2521875 0.37687499999999996 0.2521875 0.39249999999999996 0.27953125 0.39249999999999996
1 1 0.2414583328125 0.9364062499999999 0.2414583328125 0.9364062499999999 0.3433333328125 1 0.3433333328125 1 0.2414583328125
1 0.485 0.2491666671875 0.485 0.2170833328125 0.47062499999999996 0.2170833328125 0.47062499999999996 0.2491666671875 0.485 0.2491666671875
1 0.46656250000000005 0.2629166671875 0.46656250000000005 0.23020833281250003 0.44749999999999995 0.23020833281250003 0.44749999999999995 0.2629166671875 0.46656250000000005 0.2629166671875
1 0.4403125 0.2766666671875 0.4403125 0.2539583328125 0.42671875000000004 0.2539583328125 0.42671875000000004 0.2766666671875 0.4403125 0.2766666671875
4 0.7615624999999999 0.5570833328125 0.7615624999999999 0.1545833328125 0.610625 0.1545833328125 0.610625 0.5570833328125 0.7615624999999999 0.5570833328125
4 0.5701562499999999 0.475 0.5701562499999999 0.2352083328125 0.50671875 0.2352083328125 0.50671875 0.475 0.5701562499999999 0.475
4 0.50671875 0.43916666718749997 0.50671875 0.26729166718749997 0.47109375 0.26729166718749997 0.47109375 0.43916666718749997 0.50671875 0.43916666718749997
4 0.4721875 0.4454166671875 0.4721875 0.275 0.45484375000000005 0.275 0.45484375000000005 0.4454166671875 0.4721875 0.4454166671875
4 0.45671875 0.4327083328125 0.45671875 0.2852083328125 0.426875 0.2852083328125 0.426875 0.4327083328125 0.45671875 0.4327083328125
4 0.0625 0.5239583328124999 0.0625 0.1810416671875 0.0032812500000000003 0.1810416671875 0.0032812500000000003 0.5239583328124999 0.0625 0.5239583328124999