1 0.83171875 0.058333332812500006 0.83171875 0.1826851859375 0.9983333328124999 0.1826851859375 0.9983333328124999 0.058333332812500006 0.83171875 0.058333332812500006
1 0.8446875 0.2275925921875 0.8446875 0.1326851859375 0.7863020828125 0.1326851859375 0.7863020828125 0.2275925921875 0.8446875 0.2275925921875
1 0.7834375 0.275 0.7834375 0.18777777812500002 0.7430208328125001 0.18777777812500002 0.7430208328125001 0.275 0.7834375 0.275
1 0.7394270828125 0.30444444375 0.7394270828125 0.2288888890625 0.7091145828125 0.2288888890625 0.7091145828125 0.30444444375 0.7394270828125 0.30444444375
1 0.16 0.9500925921875 0.16 0.8082407406250001 0.040520832812500004 0.8082407406250001 0.040520832812500004 0.9500925921875 0.16 0.9500925921875
1 0.2454166671875 0.8493518515625 0.2454166671875 0.7416666671875001 0.1559895828125 0.7416666671875001 0.1559895828125 0.8493518515625 0.2454166671875 0.8493518515625
1 0.2851041671875 0.7596296296875 0.2851041671875 0.68398148125 0.2165625 0.68398148125 0.2165625 0.7596296296875 0.2851041671875 0.7596296296875
1 0.4527083328125 0.7697222218750001 0.4527083328125 0.6737037031249999 0.303125 0.6737037031249999 0.303125 0.7697222218750001 0.4527083328125 0.7697222218750001
1 0.02765625 0.053240740625000005 0.02765625 0.1788888890625 0.1502604171875 0.1788888890625 0.1502604171875 0.053240740625000005 0.02765625 0.053240740625000005
1 0.13796875 0.13138888906249999 0.13796875 0.225 0.23171875000000003 0.225 0.23171875000000003 0.13138888906249999 0.13796875 0.13138888906249999
1 0.2165625 0.09555555624999999 0.2165625 0.1686111109375 0.2764583328125 0.1686111109375 0.2764583328125 0.09555555624999999 0.2165625 0.09555555624999999
1 0.2800520828125 0.1416666671875 0.2800520828125 0.2109259265625 0.31828124999999996 0.2109259265625 0.31828124999999996 0.1416666671875 0.2800520828125 0.1416666671875
1 0.19640625 0.18398148125 0.19640625 0.2673148140625 0.2757291671875 0.2673148140625 0.2757291671875 0.18398148125 0.19640625 0.18398148125
1 0.2670833328125 0.23009259218749997 0.2670833328125 0.2903703703125 0.3204166671875 0.2903703703125 0.3204166671875 0.23009259218749997 0.2670833328125 0.23009259218749997
1 0.30744791718750003 0.2686111109375 0.30744791718750003 0.30444444375 0.34640624999999997 0.30444444375 0.34640624999999997 0.2686111109375 0.30744791718750003 0.2686111109375
1 0.34421875 0.29675925937500003 0.34421875 0.3224074078125 0.36515624999999996 0.3224074078125 0.36515624999999996 0.29675925937500003 0.34421875 0.29675925937500003
1 0.3204166671875 0.223703703125 0.3204166671875 0.2640740734375 0.3677604171875 0.2640740734375 0.3677604171875 0.223703703125 0.3204166671875 0.223703703125
1 0.3139583328125 0.0173148140625 0.3139583328125 0.08777777812500001 0.3456770828125 0.08777777812500001 0.3456770828125 0.0173148140625 0.3139583328125 0.0173148140625
1 0.3391666671875 0.053240740625000005 0.3391666671875 0.1288888890625 0.3586458328125 0.1288888890625 0.3586458328125 0.053240740625000005 0.3391666671875 0.053240740625000005
2 0.5851041671874999 0.612222221875 0.5851041671874999 0.2865740734375 0.5050520828125 0.2865740734375 0.5050520828125 0.612222221875 0.5851041671874999 0.612222221875
2 0.37161458281250004 0.2775925921875 0.37161458281250004 0.5865740734375 0.44953125 0.5865740734375 0.44953125 0.2775925921875 0.37161458281250004 0.2775925921875
4 0.6754687500000001 0.6083333328125 0.6754687500000001 0.46305555624999994 0.565625 0.46305555624999994 0.565625 0.6083333328125 0.6754687500000001 0.6083333328125
4 0.7127604171875 0.6313888890625 0.7127604171875 0.4686111109375 0.6839062499999999 0.4686111109375 0.6839062499999999 0.6313888890625 0.7127604171875 0.6313888890625
3 0.9978645828125 0.7275 0.9978645828125 0.63944444375 0.89671875 0.63944444375 0.89671875 0.7275 0.9978645828125 0.7275
3 1 0.7367592593750001 0.9233333328125 0.7367592593750001 0.9233333328125 0.8393518515625 1 0.8393518515625 1 0.7367592593750001
3 0.9993229171875001 0.876203703125 0.9993229171875001 0.7604629625 0.97046875 0.7604629625 0.97046875 0.876203703125 0.9993229171875001 0.876203703125
3 0.91640625 0.8012037031249999 0.91640625 0.7051851859375 0.89125 0.7051851859375 0.89125 0.8012037031249999 0.91640625 0.8012037031249999
3 0.9993229171875001 0.5236111109375 0.9993229171875001 0.43537037031250003 0.9615625 0.43537037031250003 0.9615625 0.5236111109375 0.9993229171875001 0.5236111109375
3 0.9985937500000001 0.597222221875 0.9985937500000001 0.5143518515625 0.9638020828125 0.5143518515625 0.9638020828125 0.597222221875 0.9985937500000001 0.597222221875
3 0.9608333328124999 0.5143518515625 0.9608333328124999 0.43148148124999997 0.9105208328125001 0.43148148124999997 0.9105208328125001 0.5143518515625 0.9608333328124999 0.5143518515625
3 0.9622916671875 0.5893518515625 0.9622916671875 0.511759259375 0.9112500000000001 0.511759259375 0.9112500000000001 0.5893518515625 0.9622916671875 0.5893518515625
3 0.9112500000000001 0.4999074078125 0.9112500000000001 0.43675925937500004 0.87203125 0.43675925937500004 0.87203125 0.4999074078125 0.9112500000000001 0.4999074078125
3 0.9097395828125 0.557777778125 0.9097395828125 0.4986111109375 0.8734895828125 0.4986111109375 0.8734895828125 0.557777778125 0.9097395828125 0.557777778125
3 0.9238020828125 0.48805555624999997 0.9238020828125 0.42750000000000005 0.8423958328125 0.42750000000000005 0.8423958328125 0.48805555624999997 0.9238020828125 0.48805555624999997
3 0.8727604171875001 0.5446296296875001 0.8727604171875001 0.48407407343750003 0.8386979171875 0.48407407343750003 0.8386979171875 0.5446296296875001 0.8727604171875001 0.5446296296875001
3 0.835 0.48675925937500003 0.835 0.43675925937500004 0.806875 0.43675925937500004 0.806875 0.48675925937500003 0.835 0.48675925937500003
3 0.8335416671875 0.528796296875 0.8335416671875 0.48407407343750003 0.80984375 0.48407407343750003 0.80984375 0.528796296875 0.8335416671875 0.528796296875
3 0.80984375 0.5249074078125 0.80984375 0.47879629687499997 0.7831770828125 0.47879629687499997 0.7831770828125 0.5249074078125 0.80984375 0.5249074078125
3 0.8313020828125 0.5170370375 0.8313020828125 0.4183333328125 0.7632291671875 0.4183333328125 0.7632291671875 0.5170370375 0.8313020828125 0.5170370375
3 0.75953125 0.5090740734375 0.75953125 0.47222222187499996 0.7203125 0.47222222187499996 0.7203125 0.5090740734375 0.75953125 0.5090740734375
3 0.8771875 0.6893518515625 0.8771875 0.6287962968749999 0.7735937500000001 0.6287962968749999 0.7735937500000001 0.6893518515625 0.8771875 0.6893518515625
3 0.8246354171875 0.6275000000000001 0.8246354171875 0.5709259265625 0.7521354171875 0.5709259265625 0.7521354171875 0.6275000000000001 0.8246354171875 0.6275000000000001
3 0.770625 0.657777778125 0.770625 0.6156481484375 0.750625 0.6156481484375 0.750625 0.657777778125 0.770625 0.657777778125
3 0.7521354171875 0.6262037031250001 0.7521354171875 0.5920370375 0.7277083328125 0.5920370375 0.7277083328125 0.6262037031250001 0.7521354171875 0.6262037031250001
3 0.7580208328125 0.6156481484375 0.7580208328125 0.5749074078125 0.7121354171875 0.5749074078125 0.7121354171875 0.6156481484375 0.7580208328125 0.6156481484375