1 0.49359374999999994 0.1279166671875 0.49359374999999994 0.0014583328125 0.168125 0.0014583328125 0.168125 0.1279166671875 0.49359374999999994 0.1279166671875
1 0.6784375 0.19958333281250001 0.6784375 0.06395833281249999 0.48578124999999994 0.06395833281249999 0.48578124999999994 0.19958333281250001 0.6784375 0.19958333281250001
1 0.7889062499999999 0.2464583328125 0.7889062499999999 0.14875 0.6775 0.14875 0.6775 0.2464583328125 0.7889062499999999 0.2464583328125
1 0.8660937499999999 0.286875 0.8660937499999999 0.22291666718749997 0.79765625 0.22291666718749997 0.79765625 0.286875 0.8660937499999999 0.286875
1 0.9042187500000001 0.3104166671875 0.9042187500000001 0.2660416671875 0.86421875 0.2660416671875 0.86421875 0.3104166671875 0.9042187500000001 0.3104166671875
1 0.93359375 0.3260416671875 0.93359375 0.2947916671875 0.9042187500000001 0.2947916671875 0.9042187500000001 0.3260416671875 0.93359375 0.3260416671875
1 0.7810937499999999 0 0.7810937499999999 0.0704166671875 0.8729687500000001 0.0704166671875 0.8729687500000001 0 0.7810937499999999 0
1 0.98046875 0.3625 0.98046875 0.33125 0.94140625 0.33125 0.94140625 0.3625 0.98046875 0.3625
1 0.99515625 0.529375 0.99515625 0.49812500000000004 0.9765625 0.49812500000000004 0.9765625 0.529375 0.99515625 0.529375
1 0.92578125 0.561875 0.92578125 0.5097916671875 0.87984375 0.5097916671875 0.87984375 0.561875 0.92578125 0.561875
1 0.8768750000000001 0.6035416671875 0.8768750000000001 0.5527083328125 0.7859375 0.5527083328125 0.7859375 0.6035416671875 0.8768750000000001 0.6035416671875
1 0.76640625 0.6935416671875 0.76640625 0.5854166671875001 0.5493750000000001 0.5854166671875001 0.5493750000000001 0.6935416671875 0.76640625 0.6935416671875
1 0.5532812500000001 0.8291666671875 0.5532812500000001 0.6622916671875 0.1378125 0.6622916671875 0.1378125 0.8291666671875 0.5532812500000001 0.8291666671875
1 0.95703125 0.5683333328125 0.95703125 0.528125 0.92671875 0.528125 0.92671875 0.5683333328125 0.95703125 0.5683333328125