1 0.91328125 0.6083333328125 0.91328125 0.6754166671874999 0.9737500000000001 0.6754166671874999 0.9737500000000001 0.6083333328125 0.91328125 0.6083333328125
1 0.91890625 0.5739583328125 0.91890625 0.6277083328125 0.97828125 0.6277083328125 0.97828125 0.5739583328125 0.91890625 0.5739583328125
1 0.9223437499999999 0.55 0.9223437499999999 0.5814583328125 0.97828125 0.5814583328125 0.97828125 0.55 0.9223437499999999 0.55
1 0.9076562499999999 0.5081249999999999 0.9076562499999999 0.5514583328125 0.98046875 0.5514583328125 0.98046875 0.5081249999999999 0.9076562499999999 0.5081249999999999
1 0.9121874999999999 0.46645833281250004 0.9121874999999999 0.5081249999999999 0.98046875 0.5081249999999999 0.98046875 0.46645833281250004 0.9121874999999999 0.46645833281250004
1 0.9121874999999999 0.42604166718750003 0.9121874999999999 0.46645833281250004 0.9815625000000001 0.46645833281250004 0.9815625000000001 0.42604166718750003 0.9121874999999999 0.42604166718750003
1 0.78671875 0.3722916671875 0.78671875 0.4216666671875 0.9815625000000001 0.4216666671875 0.9815625000000001 0.3722916671875 0.78671875 0.3722916671875
1 0.8904687499999999 0.775625 0.8904687499999999 0.6779166671875 0.7537499999999999 0.6779166671875 0.7537499999999999 0.775625 0.8904687499999999 0.775625
1 0.7615624999999999 0.8487500000000001 0.7615624999999999 0.7275 0.55921875 0.7275 0.55921875 0.8487500000000001 0.7615624999999999 0.8487500000000001
1 0.78203125 0.5514583328125 0.78203125 0.44729166718749996 0.5659375 0.44729166718749996 0.5659375 0.5514583328125 0.78203125 0.5514583328125
1 0.5767187500000001 0.5670833328125 0.5767187500000001 0.46291666718749996 0.20328125 0.46291666718749996 0.20328125 0.5670833328125 0.5767187500000001 0.5670833328125
1 0 0.7822916671875 0.16515625 0.7822916671875 0.16515625 0.60875 0 0.60875 0 0.7822916671875
1 0 0.928125 0.18375 0.928125 0.18375 0.8408333328125 0 0.8408333328125 0 0.928125
1 0.5610937500000001 0.9333333328125001 0.5610937500000001 0.804375 0.25406249999999997 0.804375 0.25406249999999997 0.9333333328125001 0.5610937500000001 0.9333333328125001
1 0.9051562499999999 0.5827083328125 0.9051562499999999 0.5033333328125 0.7790625 0.5033333328125 0.7790625 0.5827083328125 0.9051562499999999 0.5827083328125
1 0.65296875 0.3325 0.65296875 0.3129166671875 0.61 0.3129166671875 0.61 0.3325 0.65296875 0.3325
1 0.6989062500000001 0.3272916671875 0.6989062500000001 0.3077083328125 0.655 0.3077083328125 0.655 0.3272916671875 0.6989062500000001 0.3272916671875
1 0.61484375 0.33125 0.61484375 0.3104166671875 0.571875 0.3104166671875 0.571875 0.33125 0.61484375 0.33125
1 0.5484375 0.33375 0.5484375 0.31416666718749997 0.5181250000000001 0.31416666718749997 0.5181250000000001 0.33375 0.5484375 0.33375
1 0.1409375 0.42625 0.1409375 0.4158333328125 0.1109375 0.4158333328125 0.1109375 0.42625 0.1409375 0.42625
1 0.1109375 0.4264583328125 0.1109375 0.4166666671875 0.08375 0.4166666671875 0.08375 0.4264583328125 0.1109375 0.4264583328125
1 0.08375 0.42833333281249997 0.08375 0.4185416671875 0.054843750000000004 0.4185416671875 0.054843750000000004 0.42833333281249997 0.08375 0.42833333281249997
1 0.02046875 0.2391666671875 0.02046875 0.2264583328125 0.01046875 0.2264583328125 0.01046875 0.2391666671875 0.02046875 0.2391666671875
1 0.0378125 0.25166666718749997 0.0378125 0.24125000000000002 0.03 0.24125000000000002 0.03 0.25166666718749997 0.0378125 0.25166666718749997
1 0.015312500000000001 0.32625000000000004 0.015312500000000001 0.31437499999999996 0.00390625 0.31437499999999996 0.00390625 0.32625000000000004 0.015312500000000001 0.32625000000000004
1 0.0328125 0.3295833328125 0.0328125 0.32083333281250004 0.0240625 0.32083333281250004 0.0240625 0.3295833328125 0.0328125 0.3295833328125
1 0.039531250000000004 0.43583333281250003 0.039531250000000004 0.425625 0.030625000000000003 0.425625 0.030625000000000003 0.43583333281250003 0.039531250000000004 0.43583333281250003
1 0.0159375 0.4502083328125 0.0159375 0.4375 0.0026562499999999998 0.4375 0.0026562499999999998 0.4502083328125 0.0159375 0.4502083328125
1 1 0.129375 0.8740625 0.129375 0.8740625 0.1620833328125 1 0.1620833328125 1 0.129375
1 0.77109375 0.32145833281249997 0.77109375 0.38125 0.9828125 0.38125 0.9828125 0.32145833281249997 0.77109375 0.32145833281249997
1 0.77 0.2827083328125 0.77 0.339375 0.98609375 0.339375 0.98609375 0.2827083328125 0.77 0.2827083328125
1 0.9121874999999999 0.2408333328125 0.9121874999999999 0.308125 0.99390625 0.308125 0.99390625 0.2408333328125 0.9121874999999999 0.2408333328125
1 0.9099999999999999 0.20354166718750002 0.9099999999999999 0.2558333328125 0.9793749999999999 0.2558333328125 0.9793749999999999 0.20354166718750002 0.9099999999999999 0.20354166718750002
1 0.25015624999999997 0.005 0.25015624999999997 0.1214583328125 0.575 0.1214583328125 0.575 0.005 0.25015624999999997 0.005