1 0.8509375 0.2379166671875 0.8509375 0.1302083328125 0.6384375 0.1302083328125 0.6384375 0.2379166671875 0.8509375 0.2379166671875
1 0.776875 0.1891666671875 0.776875 0.2595833328125 0.8971875 0.2595833328125 0.8971875 0.1891666671875 0.776875 0.1891666671875
1 0.85765625 0.24041666718750002 0.85765625 0.2839583328125 0.92890625 0.2839583328125 0.92890625 0.24041666718750002 0.85765625 0.24041666718750002
1 0.8735937500000001 0.26125 0.8735937500000001 0.320625 0.9296875 0.320625 0.9296875 0.26125 0.8735937500000001 0.26125
1 0.92578125 0.3435416671875 0.92578125 0.37625000000000003 0.95375 0.37625000000000003 0.95375 0.3435416671875 0.92578125 0.3435416671875
1 0.9996875 0.593125 0.9996875 0.5483333328125 0.96421875 0.5483333328125 0.96421875 0.593125 0.9996875 0.593125
1 0.996875 0.5341666671875 0.996875 0.49833333281250003 0.94203125 0.49833333281250003 0.94203125 0.5341666671875 0.996875 0.5341666671875
3 0.43484375000000003 0.5222916671875 0.43484375000000003 0.36312500000000003 0.0875 0.36312500000000003 0.0875 0.5222916671875 0.43484375000000003 0.5222916671875
3 0.58390625 0.3789583328125 0.58390625 0.24874999999999997 0.286875 0.24874999999999997 0.286875 0.3789583328125 0.58390625 0.3789583328125
3 0.58484375 0.5131249999999999 0.58484375 0.36833333281249997 0.42109375 0.36833333281249997 0.42109375 0.5131249999999999 0.58484375 0.5131249999999999
3 0.3115625 0.3670833328125 0.3115625 0.2947916671875 0.1675 0.2947916671875 0.1675 0.3670833328125 0.3115625 0.3670833328125
3 0.10234375 0.5091666671875 0.10234375 0.3591666671875 0.000625 0.3591666671875 0.000625 0.5091666671875 0.10234375 0.5091666671875
3 0.69875 0.484375 0.69875 0.3764583328125 0.56515625 0.3764583328125 0.56515625 0.484375 0.69875 0.484375
3 0.7328125 0.480625 0.7328125 0.4029166671875 0.6759375000000001 0.4029166671875 0.6759375000000001 0.480625 0.7328125 0.480625
3 0.70015625 0.3385416671875 0.70015625 0.3954166671875 0.71578125 0.3954166671875 0.71578125 0.47104166718749996 0.818125 0.47104166718749996 0.818125 0.3914583328125 0.7896875 0.3914583328125 0.7896875 0.3385416671875 0.70015625 0.3385416671875
3 0.7029687499999999 0.38395833281249997 0.7029687499999999 0.3233333328125 0.5821875000000001 0.3233333328125 0.5821875000000001 0.38395833281249997 0.7029687499999999 0.38395833281249997
3 0.74140625 0.7306250000000001 0.74140625 0.5014583328125 0.65890625 0.5014583328125 0.65890625 0.7306250000000001 0.74140625 0.7306250000000001
3 0.6759375000000001 0.6416666671875 0.6759375000000001 0.5204166671875 0.5978125000000001 0.5204166671875 0.5978125000000001 0.6416666671875 0.6759375000000001 0.6416666671875
3 0.5935937499999999 0.6529166671875 0.5935937499999999 0.5279166671875 0.41312499999999996 0.5279166671875 0.41312499999999996 0.6529166671875 0.5935937499999999 0.6529166671875
3 0.59640625 0.7458333328125 0.59640625 0.6264583328125 0.403125 0.6264583328125 0.403125 0.7458333328125 0.59640625 0.7458333328125
3 0.6646875 0.7079166671875 0.6646875 0.6131249999999999 0.58359375 0.6131249999999999 0.58359375 0.7079166671875 0.6646875 0.7079166671875
3 0.6675 0.78 0.6675 0.67 0.59078125 0.67 0.59078125 0.78 0.6675 0.78
3 0.58796875 0.8291666671875 0.58796875 0.7175 0.4884375 0.7175 0.4884375 0.8291666671875 0.58796875 0.8291666671875
3 0.50125 0.9314583328125 0.50125 0.6491666671874999 0.2184375 0.6491666671874999 0.2184375 0.9314583328125 0.50125 0.9314583328125
3 0.32671875 0.9891666671875001 0.32671875 0.7422916671875 0.08328125 0.7422916671875 0.08328125 0.9891666671875001 0.32671875 0.9891666671875001
3 0.04796875 0.9979166671874999 0.04796875 0.844375 0.0025 0.844375 0.0025 0.9979166671874999 0.04796875 0.9979166671874999
3 0.8123437499999999 0.6643749999999999 0.8123437499999999 0.5616666671874999 0.7334375 0.5616666671874999 0.7334375 0.6643749999999999 0.8123437499999999 0.6643749999999999
3 0.845 0.4577083328125 0.845 0.4183333328125 0.8025 0.4183333328125 0.8025 0.4577083328125 0.845 0.4577083328125
3 0.8715624999999999 0.44729166718749996 0.8715624999999999 0.414375 0.8292187500000001 0.414375 0.8292187500000001 0.44729166718749996 0.8715624999999999 0.44729166718749996
3 0.89921875 0.5827083328125 0.89921875 0.5302083328125 0.8360937500000001 0.5302083328125 0.8360937500000001 0.5827083328125 0.89921875 0.5827083328125