1 1 0.5802083328125 0.8543749999999999 0.5802083328125 0.8543749999999999 0.7783333328125 1 0.7783333328125 1 0.5802083328125
1 0.99609375 0.9295833328124999 0.99609375 0.7327083328125 0.8328125 0.7327083328125 0.8328125 0.9295833328124999 0.99609375 0.9295833328124999
1 1 0.1983333328125 0.953125 0.1983333328125 0.953125 0.23479166718750002 1 0.23479166718750002 1 0.1983333328125
1 0.9521875 0.24395833281249998 0.9521875 0.21125 0.9042187500000001 0.21125 0.9042187500000001 0.24395833281249998 0.9521875 0.24395833281249998
1 0.9012499999999999 0 0.9012499999999999 0.028749999999999998 0.94625 0.028749999999999998 0.94625 0 0.9012499999999999 0
1 0.899375 0.058750000000000004 0.899375 0.0079166671875 0.86421875 0.0079166671875 0.86421875 0.058750000000000004 0.899375 0.058750000000000004
1 0.8592187499999999 0.0927083328125 0.8592187499999999 0.053541667187499996 0.8300000000000001 0.053541667187499996 0.8300000000000001 0.0927083328125 0.8592187499999999 0.0927083328125
1 0.8270312499999999 0.1135416671875 0.8270312499999999 0.0770833328125 0.8025 0.0770833328125 0.8025 0.1135416671875 0.8270312499999999 0.1135416671875
1 0.899375 0.23875000000000002 0.899375 0.20875 0.8328125 0.20875 0.8328125 0.23875000000000002 0.899375 0.23875000000000002
1 0.8300000000000001 0.2452083328125 0.8300000000000001 0.21770833281250002 0.8045312499999999 0.21770833281250002 0.8045312499999999 0.2452083328125 0.8300000000000001 0.2452083328125
1 0.78203125 0.258125 0.78203125 0.23479166718750002 0.7615624999999999 0.23479166718750002 0.7615624999999999 0.258125 0.78203125 0.258125
1 0.76046875 0.26208333281249996 0.76046875 0.2425 0.74484375 0.2425 0.74484375 0.26208333281249996 0.76046875 0.26208333281249996
1 0.47546875 0.1608333328125 0.47546875 0.12166666718750001 0.45843749999999994 0.12166666718750001 0.45843749999999994 0.1608333328125 0.47546875 0.1608333328125
1 0.48890625 0.18145833281249998 0.48890625 0.1477083328125 0.47640625 0.1477083328125 0.47640625 0.18145833281249998 0.48890625 0.18145833281249998
1 0.50109375 0.19583333281249998 0.50109375 0.164375 0.48984375 0.164375 0.48984375 0.19583333281249998 0.50109375 0.19583333281249998
3 0.8917187500000001 0.4158333328125 0.8917187500000001 0.36833333281249997 0.844375 0.36833333281249997 0.844375 0.4158333328125 0.8917187500000001 0.4158333328125
3 0.99046875 0.4579166671875 0.99046875 0.4 0.9550000000000001 0.4 0.9550000000000001 0.4579166671875 0.99046875 0.4579166671875
3 0.9493750000000001 0.43062500000000004 0.9493750000000001 0.40499999999999997 0.92875 0.40499999999999997 0.92875 0.43062500000000004 0.9493750000000001 0.43062500000000004
3 0.92875 0.4233333328125 0.92875 0.3977083328125 0.91234375 0.3977083328125 0.91234375 0.4233333328125 0.92875 0.4233333328125
3 0.90078125 0.51375 0.90078125 0.468125 0.8520312499999999 0.468125 0.8520312499999999 0.51375 0.90078125 0.51375
3 0.835625 0.426875 0.835625 0.3977083328125 0.8034375 0.3977083328125 0.8034375 0.426875 0.835625 0.426875
3 0.8328125 0.4525 0.8328125 0.4233333328125 0.8006249999999999 0.4233333328125 0.8006249999999999 0.4525 0.8328125 0.4525
3 0.82875 0.47083333281249995 0.82875 0.43979166718749996 0.79859375 0.43979166718749996 0.79859375 0.47083333281249995 0.82875 0.47083333281249995
3 0.26703125 0.5841666671875 0.26703125 0.36583333281249997 0.10421875 0.36583333281249997 0.10421875 0.5841666671875 0.26703125 0.5841666671875
3 0.16546875 0.6079166671875 0.16546875 0.488125 0.10234375 0.488125 0.10234375 0.6079166671875 0.16546875 0.6079166671875
3 0.000625 0.23291666718749998 0.000625 0.3341666671875 0.09046875 0.3341666671875 0.09046875 0.23291666718749998 0.000625 0.23291666718749998
3 0.2809375 0.20916666718750002 0.2809375 0.164375 0.15359375 0.164375 0.15359375 0.20916666718750002 0.2809375 0.20916666718750002
3 0.27890625 0.2552083328125 0.27890625 0.20916666718750002 0.15453125 0.20916666718750002 0.15453125 0.2552083328125 0.27890625 0.2552083328125
3 0.2759375 0.2802083328125 0.2759375 0.25125000000000003 0.1615625 0.25125000000000003 0.1615625 0.2802083328125 0.2759375 0.2802083328125
3 0.268125 0.313125 0.268125 0.2802083328125 0.1615625 0.2802083328125 0.1615625 0.313125 0.268125 0.313125
3 0.33515625 0.3170833328125 0.33515625 0.18020833281249998 0.268125 0.18020833281249998 0.268125 0.3170833328125 0.33515625 0.3170833328125
3 0.37078125 0.3222916671875 0.37078125 0.285625 0.32328125 0.285625 0.32328125 0.3222916671875 0.37078125 0.3222916671875
3 0.286875 0.5277083328125001 0.286875 0.364375 0.20890625 0.364375 0.20890625 0.5277083328125001 0.286875 0.5277083328125001
3 0.33921875 0.4591666671875 0.33921875 0.3710416671875 0.27109375 0.3710416671875 0.27109375 0.4591666671875 0.33921875 0.4591666671875
3 0.33625 0.5039583328125 0.33625 0.4302083328125 0.27 0.4302083328125 0.27 0.5039583328125 0.33625 0.5039583328125
3 0.35296875 0.46979166718750004 0.35296875 0.40395833281250004 0.3175 0.40395833281250004 0.3175 0.46979166718750004 0.35296875 0.46979166718750004
3 0.36875 0.47104166718749996 0.36875 0.4 0.32625000000000004 0.4 0.32625000000000004 0.47104166718749996 0.36875 0.47104166718749996
3 0.39640624999999996 0.4447916671875 0.39640624999999996 0.38687499999999997 0.3509375 0.38687499999999997 0.3509375 0.4447916671875 0.39640624999999996 0.4447916671875
3 0.41515625 0.4302083328125 0.41515625 0.38166666718750003 0.3825 0.38166666718750003 0.3825 0.4302083328125 0.41515625 0.4302083328125
3 0.43390625 0.38687499999999997 0.43390625 0.3447916671875 0.3628125 0.3447916671875 0.3628125 0.38687499999999997 0.43390625 0.38687499999999997
3 0.43 0.41979166718750005 0.43 0.38416666718750003 0.40828125000000004 0.38416666718750003 0.40828125000000004 0.41979166718750005 0.43 0.41979166718750005
3 0.45968749999999997 0.36833333281249997 0.45968749999999997 0.33729166718750003 0.42265625 0.33729166718750003 0.42265625 0.36833333281249997 0.45968749999999997 0.36833333281249997
3 0.41375 0.31625000000000003 0.41375 0.27229166718750003 0.38093750000000004 0.27229166718750003 0.38093750000000004 0.31625000000000003 0.41375 0.31625000000000003
3 0.385625 0.31895833281249997 0.385625 0.2760416671875 0.34734375 0.2760416671875 0.34734375 0.31895833281249997 0.385625 0.31895833281249997
3 0.36453125000000003 0.1541666671875 0.36453125000000003 0.2108333328125 0.43359375 0.2108333328125 0.43359375 0.1541666671875 0.36453125000000003 0.1541666671875
3 0.43953125000000004 0.2870833328125 0.43953125000000004 0.23854166718749997 0.374375 0.23854166718749997 0.374375 0.2870833328125 0.43953125000000004 0.2870833328125
3 0.4325 0.3135416671875 0.4325 0.2791666671875 0.39015625 0.2791666671875 0.39015625 0.3135416671875 0.4325 0.3135416671875
3 0.83828125 0.39979166718750003 0.83828125 0.36625 0.8285937499999999 0.36625 0.8285937499999999 0.39979166718750003 0.83828125 0.39979166718750003
3 0.85875 0.4066666671875 0.85875 0.36854166718750003 0.8365625 0.36854166718750003 0.8365625 0.4066666671875 0.85875 0.4066666671875
3 0.8690625000000001 0.456875 0.8690625000000001 0.41500000000000004 0.8290625 0.41500000000000004 0.8290625 0.456875 0.8690625000000001 0.456875
3 0.8559374999999999 0.4858333328125 0.8559374999999999 0.4454166671875 0.820625 0.4454166671875 0.820625 0.4858333328125 0.8559374999999999 0.4858333328125
3 0.8451562499999999 0.36312500000000003 0.8451562499999999 0.338125 0.8051562499999999 0.338125 0.8051562499999999 0.36312500000000003 0.8451562499999999 0.36312500000000003
3 0.8359375 0.38895833281250003 0.8359375 0.36625 0.81421875 0.36625 0.81421875 0.38895833281250003 0.8359375 0.38895833281250003
3 0.8057812500000001 0.35562499999999997 0.8057812500000001 0.3341666671875 0.7720312500000001 0.3341666671875 0.7720312500000001 0.35562499999999997 0.8057812500000001 0.35562499999999997
3 0.79484375 0.3745833328125 0.79484375 0.35104166718749996 0.76859375 0.35104166718749996 0.76859375 0.3745833328125 0.79484375 0.3745833328125
3 0.8045312499999999 0.4545833328125 0.8045312499999999 0.429375 0.7840625 0.429375 0.7840625 0.4545833328125 0.8045312499999999 0.4545833328125
3 0.79375 0.43937499999999996 0.79375 0.41875 0.7675 0.41875 0.7675 0.43937499999999996 0.79375 0.43937499999999996
3 0.54015625 0.38145833281249997 0.54015625 0.3410416671875 0.5025000000000001 0.3410416671875 0.5025000000000001 0.38145833281249997 0.54015625 0.38145833281249997
3 0.4796875 0.3929166671875 0.4796875 0.3585416671875 0.46015625 0.3585416671875 0.46015625 0.3929166671875 0.4796875 0.3929166671875
3 0.45218749999999996 0.40812499999999996 0.45218749999999996 0.36854166718750003 0.42703125000000003 0.36854166718750003 0.42703125000000003 0.40812499999999996 0.45218749999999996 0.40812499999999996
3 0.01515625 0.5991666671875 0.01515625 0.4764583328125 0.003125 0.4764583328125 0.003125 0.5991666671875 0.01515625 0.5991666671875
3 0.03390625 0.70375 0.03390625 0.5672916671875 0.00140625 0.5672916671875 0.00140625 0.70375 0.03390625 0.70375