1 0.41125 0.7447916671875 0.41125 0.589375 0.024375 0.589375 0.024375 0.7447916671875 0.41125 0.7447916671875
1 0.59171875 0.6947916671875001 0.59171875 0.6052083328125 0.39734375 0.6052083328125 0.39734375 0.6947916671875001 0.59171875 0.6947916671875001
1 0.7675 0.67375 0.7675 0.6052083328125 0.60359375 0.6052083328125 0.60359375 0.67375 0.7675 0.67375
1 0.8878125000000001 0.6552083328125 0.8878125000000001 0.6039583328125 0.81875 0.6039583328125 0.81875 0.6552083328125 0.8878125000000001 0.6552083328125
1 0.8839062500000001 0.525 0.8839062500000001 0.46708333281250003 0.8246874999999999 0.46708333281250003 0.8246874999999999 0.525 0.8839062500000001 0.525
1 0.9321875000000001 0.5777083328125 0.9321875000000001 0.5460416671874999 0.8878125000000001 0.5460416671874999 0.8878125000000001 0.5777083328125 0.9321875000000001 0.5777083328125
1 0.9707812499999999 0.5118750000000001 0.9707812499999999 0.47625 0.8878125000000001 0.47625 0.8878125000000001 0.5118750000000001 0.9707812499999999 0.5118750000000001
1 0.961875 0.57375 0.961875 0.5579166671875 0.9321875000000001 0.5579166671875 0.9321875000000001 0.57375 0.961875 0.57375
1 0.93515625 0.6552083328125 0.93515625 0.614375 0.87203125 0.614375 0.87203125 0.6552083328125 0.93515625 0.6552083328125
1 0.9607812499999999 0.6447916671875 0.9607812499999999 0.6039583328125 0.9232812499999999 0.6039583328125 0.9232812499999999 0.6447916671875 0.9607812499999999 0.6447916671875
1 0.6381249999999999 0.08937500000000001 0.6381249999999999 0.2039583328125 0.7940625 0.2039583328125 0.7940625 0.08937500000000001 0.6381249999999999 0.08937500000000001
1 0.788125 0.260625 0.788125 0.15125 0.6392187500000001 0.15125 0.6392187500000001 0.260625 0.788125 0.260625
1 0.47125000000000006 0.0008333328124999999 0.47125000000000006 0.1591666671875 0.66921875 0.1591666671875 0.66921875 0.0008333328124999999 0.47125000000000006 0.0008333328124999999
1 0.84109375 0.3102083328125 0.84109375 0.22020833281250002 0.78296875 0.22020833281250002 0.78296875 0.3102083328125 0.84109375 0.3102083328125
1 0.8895312499999999 0.3464583328125 0.8895312499999999 0.258125 0.8387499999999999 0.258125 0.8387499999999999 0.3464583328125 0.8895312499999999 0.3464583328125
1 0.9370312500000001 0.3716666671875 0.9370312500000001 0.3022916671875 0.8895312499999999 0.3022916671875 0.8895312499999999 0.3716666671875 0.9370312500000001 0.3716666671875
1 0.9665625 0.39375 0.9665625 0.3447916671875 0.938125 0.3447916671875 0.938125 0.39375 0.9665625 0.39375
1 0.99375 0.41125 0.99375 0.3764583328125 0.9678125 0.3764583328125 0.9678125 0.41125 0.99375 0.41125
1 0.9926562499999999 0.3464583328125 0.9926562499999999 0.3085416671875 0.9629687499999999 0.3085416671875 0.9629687499999999 0.3464583328125 0.9926562499999999 0.3464583328125
1 0.87890625 0.234375 0.87890625 0.3054166671875 0.9559374999999999 0.3054166671875 0.9559374999999999 0.234375 0.87890625 0.234375
1 0.8096875000000001 0.0016666671875 0.8096875000000001 0.058333332812500006 0.9034375000000001 0.058333332812500006 0.9034375000000001 0.0016666671875 0.8096875000000001 0.0016666671875
1 0.944375 0.1379166671875 0.944375 0.0310416671875 0.8881249999999999 0.0310416671875 0.8881249999999999 0.1379166671875 0.944375 0.1379166671875
1 0.975625 0.1770833328125 0.975625 0.0958333328125 0.936875 0.0958333328125 0.936875 0.1770833328125 0.975625 0.1770833328125
1 0.99609375 0.2141666671875 0.99609375 0.15291666718750002 0.9771875 0.15291666718750002 0.9771875 0.2141666671875 0.99609375 0.2141666671875
1 0.9887499999999999 0.58 0.9887499999999999 0.558125 0.9620312500000001 0.558125 0.9620312500000001 0.58 0.9887499999999999 0.58
4 0.8346875 0.650625 0.8346875 0.364375 0.63171875 0.364375 0.63171875 0.650625 0.8346875 0.650625