1 0 0.08625000000000001 0.30296875 0.08625000000000001 0.30296875 0.00020833281250000002 0 0.00020833281250000002 0 0.08625000000000001
1 0.6265625 0.1747916671875 0.6265625 0.00020833281250000002 0.30593750000000003 0.00020833281250000002 0.30593750000000003 0.1747916671875 0.6265625 0.1747916671875
1 0.7790625 0.2372916671875 0.7790625 0.105625 0.6246875000000001 0.105625 0.6246875000000001 0.2372916671875 0.7790625 0.2372916671875
1 0.8573437500000001 0.29333333281249996 0.8573437500000001 0.20729166718749997 0.778125 0.20729166718749997 0.778125 0.29333333281249996 0.8573437500000001 0.29333333281249996
1 0.2765625 1 0.2765625 0.8943749999999999 0 0.8943749999999999 0 1 0.2765625 1
1 0.56015625 0.9412499999999999 0.56015625 0.805625 0.29328125 0.805625 0.29328125 0.9412499999999999 0.56015625 0.9412499999999999
1 0.7301562500000001 0.8304166671875001 0.7301562500000001 0.6975 0.5709375 0.6975 0.5709375 0.8304166671875001 0.7301562500000001 0.8304166671875001
1 0.7546875 0.530625 0.7546875 0.42895833281250006 0.3959375 0.42895833281250006 0.3959375 0.530625 0.7546875 0.530625
1 0.39203125 0.4329166671875 0.39203125 0.3716666671875 0.21593749999999998 0.3716666671875 0.21593749999999998 0.4329166671875 0.39203125 0.4329166671875
1 0.8543749999999999 0.5579166671875 0.8543749999999999 0.4877083328125 0.7732812499999999 0.4877083328125 0.7732812499999999 0.5579166671875 0.8543749999999999 0.5579166671875
1 0.8504687499999999 0.6714583328125 0.8504687499999999 0.5735416671875 0.7654687499999999 0.5735416671875 0.7654687499999999 0.6714583328125 0.8504687499999999 0.6714583328125
1 0.944375 0.2452083328125 0.944375 0.1775 0.8865624999999999 0.1775 0.8865624999999999 0.2452083328125 0.944375 0.2452083328125
1 0.94828125 0.3416666671875 0.94828125 0.2920833328125 0.9051562499999999 0.2920833328125 0.9051562499999999 0.3416666671875 0.94828125 0.3416666671875
1 0.9775 0.4029166671875 0.9775 0.36124999999999996 0.94625 0.36124999999999996 0.94625 0.4029166671875 0.9775 0.4029166671875
1 0.90625 0.316875 0.90625 0.258125 0.8543749999999999 0.258125 0.8543749999999999 0.316875 0.90625 0.316875
1 0.8357812499999999 0 0.8357812499999999 0.074375 0.8973437499999999 0.074375 0.8973437499999999 0 0.8357812499999999 0
1 0.92671875 0.1266666671875 0.92671875 0.06 0.8915625 0.06 0.8915625 0.1266666671875 0.92671875 0.1266666671875