1 0.91015625 0.559375 0.91015625 0.5214583328125 0.8417187500000001 0.5214583328125 0.8417187500000001 0.559375 0.91015625 0.559375
1 0.9168749999999999 0.1983333328125 0.9168749999999999 0.165625 0.8270312499999999 0.165625 0.8270312499999999 0.1983333328125 0.9168749999999999 0.1983333328125
1 0.921875 0.2452083328125 0.921875 0.2152083328125 0.8309374999999999 0.2152083328125 0.8309374999999999 0.2452083328125 0.921875 0.2452083328125
1 0.9003125000000001 0.073125 0.9003125000000001 0.0379166671875 0.818125 0.0379166671875 0.818125 0.073125 0.9003125000000001 0.073125
1 0.8153124999999999 0.0770833328125 0.8153124999999999 0.048333332812500004 0.7409375 0.048333332812500004 0.7409375 0.0770833328125 0.8153124999999999 0.0770833328125
1 0.73703125 0.09 0.73703125 0.05625 0.6676562500000001 0.05625 0.6676562500000001 0.09 0.73703125 0.09
1 0.65 0.0666666671875 0.65 0.0354166671875 0.5845312500000001 0.0354166671875 0.5845312500000001 0.0666666671875 0.65 0.0666666671875
1 0.5884375000000001 0.053541667187499996 0.5884375000000001 0.028749999999999998 0.5425 0.028749999999999998 0.5425 0.053541667187499996 0.5884375000000001 0.053541667187499996
1 0.6481250000000001 0.104375 0.6481250000000001 0.074375 0.5815625 0.074375 0.5815625 0.104375 0.6481250000000001 0.104375
1 0.755625 0.2008333328125 0.755625 0.1747916671875 0.6676562500000001 0.1747916671875 0.6676562500000001 0.2008333328125 0.755625 0.2008333328125
1 0.73515625 0.24395833281249998 0.73515625 0.21916666718750002 0.6676562500000001 0.21916666718750002 0.6676562500000001 0.24395833281249998 0.73515625 0.24395833281249998
1 0.8300000000000001 0.24395833281249998 0.8300000000000001 0.2152083328125 0.7459374999999999 0.2152083328125 0.7459374999999999 0.24395833281249998 0.8300000000000001 0.24395833281249998
1 0.65296875 0.2491666671875 0.65296875 0.224375 0.5865625 0.224375 0.5865625 0.2491666671875 0.65296875 0.2491666671875
1 0.58546875 0.2504166671875 0.58546875 0.2295833328125 0.53953125 0.2295833328125 0.53953125 0.2504166671875 0.58546875 0.2504166671875
1 0.6520312500000001 0.20875 0.6520312500000001 0.18 0.5865625 0.18 0.5865625 0.20875 0.6520312500000001 0.20875
1 0 0.28291666718749997 0.26390625 0.28291666718749997 0.26390625 0.2164583328125 0 0.2164583328125 0 0.28291666718749997
1 0.26687500000000003 0 0.26687500000000003 0.12395833281249999 0.52109375 0.12395833281249999 0.52109375 0 0.26687500000000003 0
1 0.58265625 0.11750000000000001 0.58265625 0.08625000000000001 0.535625 0.08625000000000001 0.535625 0.11750000000000001 0.58265625 0.11750000000000001
1 0.52109375 0.1395833328125 0.52109375 0.105625 0.473125 0.105625 0.473125 0.1395833328125 0.52109375 0.1395833328125
1 0.473125 0.15270833281250001 0.473125 0.11750000000000001 0.42234375 0.11750000000000001 0.42234375 0.15270833281250001 0.473125 0.15270833281250001
1 0.42125 0.1616666671875 0.42125 0.133125 0.38421875 0.133125 0.38421875 0.1616666671875 0.42125 0.1616666671875
1 0.52 0.1891666671875 0.52 0.1604166671875 0.47015624999999994 0.1604166671875 0.47015624999999994 0.1891666671875 0.52 0.1891666671875
1 0.59828125 0.18 0.59828125 0.1539583328125 0.53859375 0.1539583328125 0.53859375 0.18 0.59828125 0.18
1 0.58265625 0.21125 0.58265625 0.1916666671875 0.53953125 0.1916666671875 0.53953125 0.21125 0.58265625 0.21125
1 0.52109375 0.224375 0.52109375 0.196875 0.475 0.196875 0.475 0.224375 0.52109375 0.224375
2 0.835625 0.40458333281250003 0.835625 0.1879166671875 0.7125 0.1879166671875 0.7125 0.40458333281250003 0.835625 0.40458333281250003
4 0.7565625 0.9981249999999999 0.7565625 0.37374999999999997 0.15765625 0.37374999999999997 0.15765625 0.9981249999999999 0.7565625 0.9981249999999999
3 0.356875 0.36312500000000003 0.356875 0.2920833328125 0.2375 0.2920833328125 0.2375 0.36312500000000003 0.356875 0.36312500000000003
4 0.70609375 0.39625 0.70609375 0.9085416671875001 0.8528125 0.9085416671875001 0.8528125 0.39625 0.70609375 0.39625