1 0 0.6610416671875 0.13484374999999998 0.6610416671875 0.13484374999999998 0.5866666671874999 0 0.5866666671874999 0 0.6610416671875
1 0 0.2960416671875 0.1378125 0.2960416671875 0.1378125 0.19958333281250001 0 0.19958333281250001 0 0.2960416671875
1 0.0478125 0 0.0478125 0.14750000000000002 0.26484375 0.14750000000000002 0.26484375 0 0.0478125 0
1 0.428125 0.193125 0.428125 0.0835416671875 0.289375 0.0835416671875 0.289375 0.193125 0.428125 0.193125
1 0.42421875 0.2372916671875 0.42421875 0.133125 0.28046875 0.133125 0.28046875 0.2372916671875 0.42421875 0.2372916671875
1 0.51125 0.28958333281250004 0.51125 0.196875 0.41937499999999994 0.196875 0.41937499999999994 0.28958333281250004 0.51125 0.28958333281250004
1 0.57875 0.3272916671875 0.57875 0.258125 0.5092187499999999 0.258125 0.5092187499999999 0.3272916671875 0.57875 0.3272916671875
1 0.59046875 0.0627083328125 0.59046875 0.00020833281250000002 0.52296875 0.00020833281250000002 0.52296875 0.0627083328125 0.59046875 0.0627083328125
1 0.6481250000000001 0.29333333281249996 0.6481250000000001 0.2295833328125 0.58359375 0.2295833328125 0.58359375 0.29333333281249996 0.6481250000000001 0.29333333281249996
1 0.64125 0.36124999999999996 0.64125 0.30375 0.5815625 0.30375 0.5815625 0.36124999999999996 0.64125 0.36124999999999996
1 0.56703125 0.5033333328125 0.56703125 0.4485416671875 0.49171875 0.4485416671875 0.49171875 0.5033333328125 0.56703125 0.5033333328125
1 0.396875 0.6414583328125001 0.396875 0.5814583328125 0.258125 0.5814583328125 0.258125 0.6414583328125001 0.396875 0.6414583328125001
1 0.563125 0.6258333328125001 0.563125 0.5879166671875 0.48875 0.5879166671875 0.48875 0.6258333328125001 0.563125 0.6258333328125001
1 0.6265625 0.5566666671875 0.6265625 0.5189583328125 0.5709375 0.5189583328125 0.5709375 0.5566666671875 0.6265625 0.5566666671875
1 0.670625 0.49291666718749994 0.670625 0.46291666718749996 0.6178125 0.46291666718749996 0.6178125 0.49291666718749994 0.670625 0.49291666718749994
1 0.66859375 0.5579166671875 0.66859375 0.529375 0.6285937500000001 0.529375 0.6285937500000001 0.5579166671875 0.66859375 0.5579166671875
1 0.7028125000000001 0.559375 0.7028125000000001 0.5397916671874999 0.665625 0.5397916671874999 0.665625 0.559375 0.7028125000000001 0.559375
1 0.625625 0.621875 0.625625 0.5866666671874999 0.5659375 0.5866666671874999 0.5659375 0.621875 0.625625 0.621875
1 0.665625 0.620625 0.665625 0.590625 0.62265625 0.590625 0.62265625 0.620625 0.665625 0.620625
1 0.73515625 0.6154166671875 0.73515625 0.5879166671875 0.70375 0.5879166671875 0.70375 0.6154166671875 0.73515625 0.6154166671875
1 0.7390625 0.5358333328125 0.7390625 0.5070833328125001 0.7078125 0.5070833328125001 0.7078125 0.5358333328125 0.7390625 0.5358333328125
1 0.7615624999999999 0.6127083328125 0.7615624999999999 0.591875 0.73703125 0.591875 0.73703125 0.6127083328125 0.7615624999999999 0.6127083328125
1 0.78203125 0.6075 0.78203125 0.5879166671875 0.7615624999999999 0.5879166671875 0.7615624999999999 0.6075 0.78203125 0.6075
1 0.786875 0.54625 0.786875 0.5202083328125 0.7634375 0.5202083328125 0.7634375 0.54625 0.786875 0.54625
1 0.67453125 0.37687499999999996 0.67453125 0.3352083328125 0.639375 0.3352083328125 0.639375 0.37687499999999996 0.67453125 0.37687499999999996
1 0.7078125 0.39895833281250004 0.7078125 0.3585416671875 0.6725 0.3585416671875 0.6725 0.39895833281250004 0.7078125 0.39895833281250004
1 0.71265625 0.34562499999999996 0.71265625 0.30375 0.6696875 0.30375 0.6696875 0.34562499999999996 0.71265625 0.34562499999999996
1 0.64515625 0.1266666671875 0.64515625 0.051041667187499994 0.59328125 0.051041667187499994 0.59328125 0.1266666671875 0.64515625 0.1266666671875
1 0.6871875000000001 0.1747916671875 0.6871875000000001 0.104375 0.6421875 0.104375 0.6421875 0.1747916671875 0.6871875000000001 0.1747916671875
1 0.72140625 0.21000000000000002 0.72140625 0.1604166671875 0.68421875 0.1604166671875 0.68421875 0.21000000000000002 0.72140625 0.21000000000000002
1 0.7253125 0.15 0.7253125 0.10187500000000001 0.68921875 0.10187500000000001 0.68921875 0.15 0.7253125 0.15
1 0.69015625 0.105625 0.69015625 0.0458333328125 0.6520312500000001 0.0458333328125 0.6520312500000001 0.105625 0.69015625 0.105625
1 0.6079687500000001 0 0.6079687500000001 0.053541667187499996 0.6520312500000001 0.053541667187499996 0.6520312500000001 0 0.6079687500000001 0
1 0.7253125 0.103125 0.7253125 0.0470833328125 0.69203125 0.0470833328125 0.69203125 0.103125 0.7253125 0.103125
1 0.75078125 0.42104166718749997 0.75078125 0.3845833328125 0.715625 0.3845833328125 0.715625 0.42104166718749997 0.75078125 0.42104166718749997
1 0.78796875 0.440625 0.78796875 0.4158333328125 0.764375 0.4158333328125 0.764375 0.440625 0.78796875 0.440625
1 0.79078125 0.37687499999999996 0.79078125 0.3533333328125 0.7732812499999999 0.3533333328125 0.7732812499999999 0.37687499999999996 0.79078125 0.37687499999999996
1 0.91890625 0.6035416671875 0.91890625 0.5735416671875 0.8192187499999999 0.5735416671875 0.8192187499999999 0.6035416671875 0.91890625 0.6035416671875
1 0.9140625 0.63875 0.9140625 0.6114583328125 0.818125 0.6114583328125 0.818125 0.63875 0.9140625 0.63875
4 0.5115624999999999 0.6391666671875 0.5115624999999999 0.3391666671875 0.25859375 0.3391666671875 0.25859375 0.6391666671875 0.5115624999999999 0.6391666671875