1 0.3290104171875 0.7704629625 0.3290104171875 0.636296296875 0.2979166671875 0.636296296875 0.2979166671875 0.7704629625 0.3290104171875 0.7704629625
1 0.2588541671875 0.2399074078125 0.2588541671875 0.17518518593750002 0.23578125 0.17518518593750002 0.23578125 0.2399074078125 0.2588541671875 0.2399074078125
1 0.3000520828125 0.13101851874999998 0.3000520828125 0.036296296875 0.2382291671875 0.036296296875 0.2382291671875 0.13101851874999998 0.3000520828125 0.13101851874999998
4 0.9946875000000001 0.9993518515625001 0.9946875000000001 0.4570370375 0.55265625 0.4570370375 0.55265625 0.9993518515625001 0.9946875000000001 0.9993518515625001
4 0.5483333328125 0.99805555625 0.5483333328125 0.394259259375 0.37453125 0.394259259375 0.37453125 0.99805555625 0.5483333328125 0.99805555625
4 0.3983333328125 0.923703703125 0.3983333328125 0.36472222187500003 0.3153645828125 0.36472222187500003 0.3153645828125 0.923703703125 0.3983333328125 0.923703703125
3 0.6669270828125 0.0008333328124999999 0.6669270828125 0.1581481484375 0.9983854171875001 0.1581481484375 0.9983854171875001 0.0008333328124999999 0.6669270828125 0.0008333328124999999
3 0.5209374999999999 0.002777778125 0.5209374999999999 0.209259259375 0.72984375 0.209259259375 0.72984375 0.002777778125 0.5209374999999999 0.002777778125
3 0.4292708328125 0.0065740734374999995 0.4292708328125 0.24148148125 0.5230729171874999 0.24148148125 0.5230729171874999 0.0065740734374999995 0.4292708328125 0.0065740734374999995
3 0.45911458281249995 0.24907407343750002 0.45911458281249995 0.0065740734374999995 0.3813020828125 0.0065740734374999995 0.3813020828125 0.24907407343750002 0.45911458281249995 0.24907407343750002
3 0.3823958328125 0.2661111109375 0.3823958328125 0.03305555625 0.33869791718750003 0.03305555625 0.33869791718750003 0.2661111109375 0.3823958328125 0.2661111109375
3 0.3450520828125 0.26805555625 0.3450520828125 0.08425925937499999 0.3088541671875 0.08425925937499999 0.3088541671875 0.26805555625 0.3450520828125 0.26805555625
3 0.2896354171875 0.2718518515625 0.2896354171875 0.163796296875 0.2502083328125 0.163796296875 0.2502083328125 0.2718518515625 0.2896354171875 0.2718518515625
3 0.3227083328125 0.487777778125 0.3227083328125 0.362777778125 0.2864583328125 0.362777778125 0.2864583328125 0.487777778125 0.3227083328125 0.487777778125