1 0.9355729171875 0.18777777812500002 0.9355729171875 0.0788888890625 0.8324479171875 0.0788888890625 0.8324479171875 0.18777777812500002 0.9355729171875 0.18777777812500002
1 0.9363020828125 0.027592592187499997 0.9363020828125 0.126296296875 0.9990625 0.126296296875 0.9990625 0.027592592187499997 0.9363020828125 0.027592592187499997
1 0.8309895828125 0.23009259218749997 0.8309895828125 0.1583333328125 0.6889583328125 0.1583333328125 0.6889583328125 0.23009259218749997 0.8309895828125 0.23009259218749997
1 0.6860416671875 0.25444444375 0.6860416671875 0.20833333281250002 0.6528645828124999 0.20833333281250002 0.6528645828124999 0.25444444375 0.6860416671875 0.25444444375
1 0.6839062499999999 0.31601851875000003 0.6839062499999999 0.26601851875000004 0.6565104171875 0.26601851875000004 0.6565104171875 0.31601851875000003 0.6839062499999999 0.31601851875000003
1 0.8584375 0.2916666671875 0.8584375 0.23777777812499998 0.6867708328125001 0.23777777812499998 0.6867708328125001 0.2916666671875 0.8584375 0.2916666671875
1 0.6521874999999999 0.337777778125 0.6521874999999999 0.3109259265625 0.6117708328125 0.3109259265625 0.6117708328125 0.337777778125 0.6521874999999999 0.337777778125
1 0.6146874999999999 0.3609259265625 0.6146874999999999 0.33398148125 0.5851041671874999 0.33398148125 0.5851041671874999 0.3609259265625 0.6146874999999999 0.3609259265625
1 0.6132291671875 0.3186111109375 0.6132291671875 0.294259259375 0.5886979171875 0.294259259375 0.5886979171875 0.3186111109375 0.6132291671875 0.3186111109375
1 0.5851041671874999 0.376296296875 0.5851041671874999 0.35444444375 0.5699479171874999 0.35444444375 0.5699479171874999 0.376296296875 0.5851041671874999 0.376296296875
1 0.0023958328125 0.003240740625 0.0023958328125 0.146759259375 0.153125 0.146759259375 0.153125 0.003240740625 0.0023958328125 0.003240740625
1 0.4639583328125 0.664722221875 0.4639583328125 0.6096296296875 0.37161458281250004 0.6096296296875 0.37161458281250004 0.664722221875 0.4639583328125 0.664722221875
1 0.3305208328125 0.5673148140625 0.3305208328125 0.603240740625 0.4625 0.603240740625 0.4625 0.5673148140625 0.3305208328125 0.5673148140625
1 0.0413541671875 0.21342592656249998 0.0413541671875 0.29805555625 0.2613020828125 0.29805555625 0.2613020828125 0.21342592656249998 0.0413541671875 0.21342592656249998
1 0.2519270828125 0.25194444374999997 0.2519270828125 0.3134259265625 0.28942708281249996 0.3134259265625 0.28942708281249996 0.25194444374999997 0.2519270828125 0.25194444374999997
1 0.2577083328125 0.2865740734375 0.2577083328125 0.3403703703125 0.3233333328125 0.3403703703125 0.3233333328125 0.2865740734375 0.2577083328125 0.2865740734375
1 0.30281250000000004 0.31416666718749997 0.30281250000000004 0.358703703125 0.3413541671875 0.358703703125 0.3413541671875 0.31416666718749997 0.30281250000000004 0.31416666718749997
1 0.3283333328125 0.34629629687499996 0.3283333328125 0.36944444375 0.351875 0.36944444375 0.351875 0.34629629687499996 0.3283333328125 0.34629629687499996
1 0.3503645828125 0.35694444375 0.3503645828125 0.3774074078125 0.3633854171875 0.3774074078125 0.3633854171875 0.35694444375 0.3503645828125 0.35694444375
1 0.33036458281250003 0.386296296875 0.33036458281250003 0.423703703125 0.354375 0.423703703125 0.354375 0.386296296875 0.33036458281250003 0.386296296875
1 0.3483854171875 0.40055555624999994 0.3483854171875 0.42194444375 0.36140625000000004 0.42194444375 0.36140625000000004 0.40055555624999994 0.3483854171875 0.40055555624999994
1 0.27328125000000003 0.13703703750000001 0.27328125000000003 0.1833333328125 0.3458854171875 0.1833333328125 0.3458854171875 0.13703703750000001 0.27328125000000003 0.13703703750000001
1 0.33234375 0.1646296296875 0.33234375 0.20824074062500003 0.3573958328125 0.20824074062500003 0.3573958328125 0.1646296296875 0.33234375 0.1646296296875
1 0.6013020828125 0.1551851859375 0.6013020828125 0.21574074062499998 0.6954166671875 0.21574074062499998 0.6954166671875 0.1551851859375 0.6013020828125 0.1551851859375
1 0.6308333328125 0.09555555624999999 0.6308333328125 0.150740740625 0.7019270828125 0.150740740625 0.7019270828125 0.09555555624999999 0.6308333328125 0.09555555624999999
1 0.6498437499999999 0.24870370312499998 0.6498437499999999 0.2086111109375 0.5752604171875 0.2086111109375 0.5752604171875 0.24870370312499998 0.6498437499999999 0.24870370312499998
1 0.6113020828125 0 0.6113020828125 0.0311111109375 0.6358854171874999 0.0311111109375 0.6358854171874999 0 0.6113020828125 0
1 0.6204166671875 0.0704629625 0.6204166671875 0.029259259375000003 0.5989583328125 0.029259259375000003 0.5989583328125 0.0704629625 0.6204166671875 0.0704629625
1 0.6001562500000001 0.0958333328125 0.6001562500000001 0.056296296875 0.5866145828125 0.056296296875 0.5866145828125 0.0958333328125 0.6001562500000001 0.0958333328125
2 0.48723958281249996 0.5390740734375 0.48723958281249996 0.3879629625 0.4516666671875 0.3879629625 0.4516666671875 0.5390740734375 0.48723958281249996 0.5390740734375
2 0.43723958281249997 0.5134259265625001 0.43723958281249997 0.43009259218749996 0.41921875000000003 0.43009259218749996 0.41921875000000003 0.5134259265625001 0.43723958281249997 0.5134259265625001
2 0.434375 0.5083333328124999 0.434375 0.3813888890625 0.3925520828125 0.3813888890625 0.3925520828125 0.5083333328124999 0.434375 0.5083333328124999
3 0.8660416671875 0.36305555625 0.8660416671875 0.3024074078125 0.81484375 0.3024074078125 0.81484375 0.36305555625 0.8660416671875 0.36305555625
3 0.8510937500000001 0.541203703125 0.8510937500000001 0.46351851875000005 0.7956770828125 0.46351851875000005 0.7956770828125 0.541203703125 0.8510937500000001 0.541203703125
3 0.9853645828125 0.49000000000000005 0.9853645828125 0.4161111109375 0.8479166671874999 0.4161111109375 0.8479166671874999 0.49000000000000005 0.9853645828125 0.49000000000000005
3 0.9960416671875001 0.5563888890625 0.9960416671875001 0.49759259218749996 0.9320833328125 0.49759259218749996 0.9320833328125 0.5563888890625 0.9960416671875001 0.5563888890625
3 0.9320833328125 0.548796296875 0.9320833328125 0.486203703125 0.8489583328125001 0.486203703125 0.8489583328125001 0.548796296875 0.9320833328125 0.548796296875
3 0.9864583328125001 0.6965740734375 0.9864583328125001 0.5923148140625 0.86390625 0.5923148140625 0.86390625 0.6965740734375 0.9864583328125001 0.6965740734375
3 0.9864583328125001 0.79694444375 0.9864583328125001 0.6871296296875 0.9086458328125 0.6871296296875 0.9086458328125 0.79694444375 0.9864583328125001 0.79694444375
3 0.9992708328125 0.8045370374999999 0.9992708328125 0.7079629625 0.94703125 0.7079629625 0.94703125 0.8045370374999999 0.9992708328125 0.8045370374999999
3 0.9193229171875 0.7496296296875 0.9193229171875 0.675740740625 0.8649479171875001 0.675740740625 0.8649479171875001 0.7496296296875 0.9193229171875 0.7496296296875
3 0.8713541671874999 0.7041666671875 0.8713541671874999 0.630277778125 0.8052604171875 0.630277778125 0.8052604171875 0.7041666671875 0.8713541671874999 0.7041666671875
3 0.8159375000000001 0.6813888890625 0.8159375000000001 0.6131481484375 0.7722395828125 0.6131481484375 0.7722395828125 0.6813888890625 0.8159375000000001 0.6813888890625
3 0.7775520828125 0.6529629625 0.7775520828125 0.6150925921875 0.7466666671875 0.6150925921875 0.7466666671875 0.6529629625 0.7775520828125 0.6529629625
3 0.78078125 0.6453703703125 0.78078125 0.58851851875 0.7178645828125 0.58851851875 0.7178645828125 0.6453703703125 0.78078125 0.6453703703125
3 0.7594270828125 0.5980555562500001 0.7594270828125 0.55444444375 0.6827083328125 0.55444444375 0.6827083328125 0.5980555562500001 0.7594270828125 0.5980555562500001
3 0.7242708328125 0.6283333328125 0.7242708328125 0.5923148140625 0.6837500000000001 0.5923148140625 0.6837500000000001 0.6283333328125 0.7242708328125 0.6283333328125
3 0.7402604171875 0.62648148125 0.7402604171875 0.5279629625 0.6763020828124999 0.5279629625 0.6763020828124999 0.62648148125 0.7402604171875 0.62648148125
3 0.7765104171874999 0.5146296296874999 0.7765104171874999 0.41805555625 0.6997395828124999 0.41805555625 0.6997395828124999 0.5146296296874999 0.7765104171874999 0.5146296296874999
3 0.7519791671875 0.5184259265625 0.7519791671875 0.4749074078125 0.7253125 0.4749074078125 0.7253125 0.5184259265625 0.7519791671875 0.5184259265625
3 0.7978125 0.5241666671874999 0.7978125 0.486203703125 0.7509375 0.486203703125 0.7509375 0.5241666671874999 0.7978125 0.5241666671874999
3 0.7029687499999999 0.4556481484375 0.7029687499999999 0.4256481484375 0.68875 0.4256481484375 0.68875 0.4556481484375 0.7029687499999999 0.4556481484375
3 0.7038541671874999 0.47296296250000003 0.7038541671874999 0.45407407343750006 0.68875 0.45407407343750006 0.68875 0.47296296250000003 0.7038541671874999 0.47296296250000003
3 0.7065104171875001 0.5061111109375 0.7065104171875001 0.47453703750000004 0.68875 0.47453703750000004 0.68875 0.5061111109375 0.7065104171875001 0.5061111109375
3 0.6852083328125 0.608796296875 0.6852083328125 0.52351851875 0.6567708328124999 0.52351851875 0.6567708328124999 0.608796296875 0.6852083328125 0.608796296875
3 0.6620833328125 0.5629629625 0.6620833328125 0.5261111109375001 0.6413541671874999 0.5261111109375001 0.6413541671874999 0.5629629625 0.6620833328125 0.5629629625
3 0.6583854171875 0.5840740734375001 0.6583854171875 0.5590740734375 0.6428645828125 0.5590740734375 0.6428645828125 0.5840740734375001 0.6583854171875 0.5840740734375001
3 0.6480208328125 0.5590740734375 0.6480208328125 0.5261111109375001 0.6309895828125 0.5261111109375001 0.6309895828125 0.5590740734375 0.6480208328125 0.5590740734375
3 0.6450520828124999 0.5840740734375001 0.6450520828124999 0.5550925921875 0.6317708328125 0.5550925921875 0.6317708328125 0.5840740734375001 0.6450520828124999 0.5840740734375001
3 0.6546875 0.46953703750000003 0.6546875 0.44194444375 0.6302604171875 0.44194444375 0.6302604171875 0.46953703750000003 0.6546875 0.46953703750000003
3 0.640625 0.49453703750000005 0.640625 0.4656481484375 0.6272916671875 0.4656481484375 0.6272916671875 0.49453703750000005 0.640625 0.49453703750000005
3 0.6724479171875 0.4998148140625 0.6724479171875 0.46296296249999996 0.6421354171875 0.46296296249999996 0.6421354171875 0.4998148140625 0.6724479171875 0.4998148140625
3 0.6465625 0.49194444375 0.6465625 0.4313888890625 0.6103125 0.4313888890625 0.6103125 0.49194444375 0.6465625 0.49194444375
3 0.6339583328125 0.5722222218749999 0.6339583328125 0.5511111109375 0.6214062499999999 0.5511111109375 0.6214062499999999 0.5722222218749999 0.6339583328125 0.5722222218749999
3 0.22614583281249998 0.59194444375 0.22614583281249998 0.5063888890625 0.1218229171875 0.5063888890625 0.1218229171875 0.59194444375 0.22614583281249998 0.59194444375
3 0.1617708328125 0.618240740625 0.1617708328125 0.5300925921874999 0.11145833281249999 0.5300925921874999 0.11145833281249999 0.618240740625 0.1617708328125 0.618240740625
3 0.12552083281249998 0.6353703703125 0.12552083281249998 0.5156481484375 0.0655729171875 0.5156481484375 0.0655729171875 0.6353703703125 0.12552083281249998 0.6353703703125
3 0.0783854171875 0.5790740734375001 0.0783854171875 0.45027777812499997 0.000625 0.45027777812499997 0.000625 0.5790740734375001 0.0783854171875 0.5790740734375001
3 0.0794791671875 0.68898148125 0.0794791671875 0.55444444375 0.0027083328125 0.55444444375 0.0027083328125 0.68898148125 0.0794791671875 0.68898148125
3 0.08265625 0.8253703703124999 0.08265625 0.70601851875 0.0027083328125 0.70601851875 0.0027083328125 0.8253703703124999 0.08265625 0.8253703703124999
3 0.08375 0.905 0.08375 0.783703703125 0.0027083328125 0.783703703125 0.0027083328125 0.905 0.08375 0.905
3 0.0869270828125 0.9959259265625 0.0869270828125 0.855740740625 0.0080729171875 0.855740740625 0.0080729171875 0.9959259265625 0.0869270828125 0.9959259265625
3 0.04109375 0.9977777781249999 0.04109375 0.9258333328124999 0.0038020828125000005 0.9258333328124999 0.0038020828125000005 0.9977777781249999 0.04109375 0.9977777781249999
3 0.12317708281249999 0.7648148140625 0.12317708281249999 0.67 0.0634895828125 0.67 0.0634895828125 0.7648148140625 0.12317708281249999 0.7648148140625
3 0.12744791718749998 0.8537962968749999 0.12744791718749998 0.7438888890625 0.0698958328125 0.7438888890625 0.0698958328125 0.8537962968749999 0.12744791718749998 0.8537962968749999
3 0.12421875 0.9276851859375 0.12421875 0.8253703703124999 0.07203125 0.8253703703124999 0.07203125 0.9276851859375 0.12421875 0.9276851859375
3 0.1711458328125 0.8633333328124999 0.1711458328125 0.6549074078125 0.1050520828125 0.6549074078125 0.1050520828125 0.8633333328124999 0.1711458328125 0.8633333328124999
3 0.22015625 0.7818518515624999 0.22015625 0.692777778125 0.1828645828125 0.692777778125 0.1828645828125 0.7818518515624999 0.22015625 0.7818518515624999
3 0.2425520828125 0.5658333328125 0.2425520828125 0.512777778125 0.2190625 0.512777778125 0.2190625 0.5658333328125 0.2425520828125 0.5658333328125
3 0.2553125 0.5468518515625 0.2553125 0.5165740734375001 0.23828125 0.5165740734375001 0.23828125 0.5468518515625 0.2553125 0.5468518515625
3 0.26598958281249996 0.5506481484375 0.26598958281249996 0.5108333328125 0.2457291671875 0.5108333328125 0.2457291671875 0.5506481484375 0.26598958281249996 0.5506481484375
3 0.2958333328125 0.6813888890625 0.2958333328125 0.6188888890625 0.26171875 0.6188888890625 0.26171875 0.6813888890625 0.2958333328125 0.6813888890625
3 0.6251041671875 0.570740740625 0.6251041671875 0.5404629625 0.6132291671875 0.5404629625 0.6132291671875 0.570740740625 0.6251041671875 0.570740740625
3 0.6103125 0.4891666671875 0.6103125 0.46805555625000006 0.5940104171875 0.46805555625000006 0.5940104171875 0.4891666671875 0.6103125 0.4891666671875
3 0.6021354171875 0.46805555625000006 0.6021354171875 0.4470370375 0.5836458328125 0.4470370375 0.5836458328125 0.46805555625000006 0.6021354171875 0.46805555625000006
3 0.5962500000000001 0.4904629625 0.5962500000000001 0.46944444374999994 0.5799479171875 0.46944444374999994 0.5799479171875 0.4904629625 0.5962500000000001 0.4904629625
3 0.323125 0.520740740625 0.323125 0.48518518593750004 0.3083333328125 0.48518518593750004 0.3083333328125 0.520740740625 0.323125 0.520740740625
3 0.2757291671875 0.5404629625 0.2757291671875 0.4891666671875 0.2431770828125 0.4891666671875 0.2431770828125 0.5404629625 0.2757291671875 0.5404629625
3 0.2883333328125 0.52601851875 0.2883333328125 0.49833333281250003 0.2765104171875 0.49833333281250003 0.2765104171875 0.52601851875 0.2883333328125 0.52601851875