1 0 0 0 0.1135416671875 0.17984375 0.1135416671875 0.17984375 0 0 0
1 0 0.44333333281250004 0.17781249999999998 0.44333333281250004 0.17781249999999998 0.348125 0 0.348125 0 0.44333333281250004
1 0.38515625 0.3716666671875 0.38515625 0.2804166671875 0.19640625 0.2804166671875 0.19640625 0.3716666671875 0.38515625 0.3716666671875
1 0 0.5958333328125 0.16515625 0.5958333328125 0.16515625 0.5189583328125 0 0.5189583328125 0 0.5958333328125
1 0 0.7535416671874999 0.159375 0.7535416671874999 0.159375 0.6754166671874999 0 0.6754166671874999 0 0.7535416671874999
1 0.525 0.27375 0.525 0.165625 0.40374999999999994 0.165625 0.40374999999999994 0.27375 0.525 0.27375
1 0.51125 0.653125 0.51125 0.60625 0.38125 0.60625 0.38125 0.653125 0.51125 0.653125
1 0.5064062500000001 0.7052083328125 0.5064062500000001 0.6466666671875 0.37921875 0.6466666671875 0.37921875 0.7052083328125 0.5064062500000001 0.7052083328125
1 0.688125 0.7379166671874999 0.688125 0.6595833328125 0.504375 0.6595833328125 0.504375 0.7379166671874999 0.688125 0.7379166671874999
1 0.92671875 0.7835416671875 0.92671875 0.6883333328125001 0.6832812500000001 0.6883333328125001 0.6832812500000001 0.7835416671875 0.92671875 0.7835416671875
1 1 0.7275 0.9315625000000001 0.7275 0.9315625000000001 0.8016666671875001 1 0.8016666671875001 1 0.7275
1 0.21703125 0.0845833328125 0.21703125 0.2166666671875 0.405625 0.2166666671875 0.405625 0.0845833328125 0.21703125 0.0845833328125
4 0.39609375 0.7364583328125 0.39609375 0.3172916671875 0.16828125 0.3172916671875 0.16828125 0.7364583328125 0.39609375 0.7364583328125
3 0.69140625 0.688125 0.69140625 0.5316666671875 0.5809375 0.5316666671875 0.5809375 0.688125 0.69140625 0.688125
3 0.58984375 0.47625 0.58984375 0.5527083328125 0.6865625 0.5527083328125 0.6865625 0.47625 0.58984375 0.47625
3 0.5857812499999999 0.42374999999999996 0.5857812499999999 0.47895833281250005 0.70234375 0.47895833281250005 0.70234375 0.42374999999999996 0.5857812499999999 0.42374999999999996
3 0.59171875 0.361875 0.59171875 0.42374999999999996 0.70234375 0.42374999999999996 0.70234375 0.361875 0.59171875 0.361875
3 0.59171875 0.30520833281250004 0.59171875 0.361875 0.70625 0.361875 0.70625 0.30520833281250004 0.59171875 0.30520833281250004
3 0.5946875 0.25125000000000003 0.5946875 0.30520833281250004 0.70625 0.30520833281250004 0.70625 0.25125000000000003 0.5946875 0.25125000000000003
3 0.5946875 0.1920833328125 0.5946875 0.2539583328125 0.71421875 0.2539583328125 0.71421875 0.1920833328125 0.5946875 0.1920833328125
3 0.6075 0.135625 0.6075 0.1920833328125 0.71421875 0.1920833328125 0.71421875 0.135625 0.6075 0.135625
3 0.6075 0.0702083328125 0.6075 0.135625 0.70546875 0.135625 0.70546875 0.0702083328125 0.6075 0.0702083328125
3 0.72828125 0.0702083328125 0.72828125 0.0020833328125000002 0.61609375 0.0020833328125000002 0.61609375 0.0702083328125 0.72828125 0.0702083328125
3 0.82296875 0.000625 0.82296875 0.1029166671875 0.991875 0.1029166671875 0.991875 0.000625 0.82296875 0.000625
3 0.8128125 0.1460416671875 0.8128125 0.2164583328125 0.9746874999999999 0.2164583328125 0.9746874999999999 0.16875 0.985 0.16875 0.985 0.061875 0.82640625 0.061875 0.82640625 0.1460416671875 0.8128125 0.1460416671875
3 0.978125 0.275625 0.978125 0.2164583328125 0.8145312499999999 0.2164583328125 0.8145312499999999 0.275625 0.978125 0.275625
3 0.9832812499999999 0.3302083328125 0.9832812499999999 0.2779166671875 0.81953125 0.2779166671875 0.81953125 0.3302083328125 0.9832812499999999 0.3302083328125
3 0.9746874999999999 0.3985416671875 0.9746874999999999 0.3302083328125 0.81953125 0.3302083328125 0.81953125 0.3985416671875 0.9746874999999999 0.3985416671875
3 0.9746874999999999 0.453125 0.9746874999999999 0.3985416671875 0.8178124999999999 0.3985416671875 0.8178124999999999 0.453125 0.9746874999999999 0.453125
3 0.9731249999999999 0.5258333328125 0.9731249999999999 0.453125 0.82125 0.453125 0.82125 0.5258333328125 0.9731249999999999 0.5258333328125
3 0.9731249999999999 0.5827083328125 0.9731249999999999 0.5258333328125 0.8025 0.5258333328125 0.8025 0.5827083328125 0.9731249999999999 0.5827083328125
3 0.93046875 0.6622916671875 0.93046875 0.585 0.8025 0.585 0.8025 0.6622916671875 0.93046875 0.6622916671875
3 0.9253125000000001 0.7258333328125001 0.9253125000000001 0.6622916671875 0.7940625 0.6622916671875 0.7940625 0.7258333328125001 0.9253125000000001 0.7258333328125001
3 0.996875 0.6758333328125 0.996875 0.5916666671875 0.92703125 0.5916666671875 0.92703125 0.6758333328125 0.996875 0.6758333328125
3 0.996875 0.7462500000000001 0.996875 0.6758333328125 0.9253125000000001 0.6758333328125 0.9253125000000001 0.7462500000000001 0.996875 0.7462500000000001
3 0.58640625 0.6722916671875 0.58640625 0.6185416671875 0.5059375 0.6185416671875 0.5059375 0.6722916671875 0.58640625 0.6722916671875
3 0.5059375 0.5727083328125 0.5059375 0.6327083328125 0.5817187500000001 0.6327083328125 0.5817187500000001 0.5727083328125 0.5059375 0.5727083328125
3 0.5059375 0.5316666671875 0.5059375 0.5727083328125 0.5923437500000001 0.5727083328125 0.5923437500000001 0.5316666671875 0.5059375 0.5316666671875
3 0.510625 0.48125 0.510625 0.5316666671875 0.5923437500000001 0.5316666671875 0.5923437500000001 0.48125 0.510625 0.48125
3 0.510625 0.43062500000000004 0.510625 0.48125 0.59109375 0.48125 0.59109375 0.43062500000000004 0.510625 0.43062500000000004
3 0.5118750000000001 0.3722916671875 0.5118750000000001 0.43062500000000004 0.59109375 0.43062500000000004 0.59109375 0.3722916671875 0.5118750000000001 0.3722916671875
3 0.5118750000000001 0.31062500000000004 0.5118750000000001 0.3722916671875 0.59703125 0.3722916671875 0.59703125 0.31062500000000004 0.5118750000000001 0.31062500000000004
3 0.5923437500000001 0.3154166671875 0.5923437500000001 0.2664583328125 0.51765625 0.2664583328125 0.51765625 0.3154166671875 0.5923437500000001 0.3154166671875
3 0.52109375 0.021041667187499998 0.52109375 0.12104166718750001 0.61484375 0.12104166718750001 0.61484375 0.021041667187499998 0.52109375 0.021041667187499998
3 0.6079687500000001 0.1572916671875 0.6079687500000001 0.0845833328125 0.52109375 0.0845833328125 0.52109375 0.1572916671875 0.6079687500000001 0.1572916671875
3 0.61140625 0.200625 0.61140625 0.1572916671875 0.52109375 0.1572916671875 0.52109375 0.200625 0.61140625 0.200625
3 0.61140625 0.26187499999999997 0.61140625 0.2029166671875 0.5159374999999999 0.2029166671875 0.5159374999999999 0.26187499999999997 0.61140625 0.26187499999999997
3 0.8279687499999999 0.05729166718749999 0.8279687499999999 0.011875 0.71546875 0.011875 0.71546875 0.05729166718749999 0.8279687499999999 0.05729166718749999
3 0.82453125 0.10500000000000001 0.82453125 0.05729166718749999 0.70859375 0.05729166718749999 0.70859375 0.10500000000000001 0.82453125 0.10500000000000001
3 0.82453125 0.1460416671875 0.82453125 0.10500000000000001 0.70859375 0.10500000000000001 0.70859375 0.1460416671875 0.82453125 0.1460416671875
3 0.82453125 0.1845833328125 0.82453125 0.1460416671875 0.71203125 0.1460416671875 0.71203125 0.1845833328125 0.82453125 0.1845833328125
3 0.81953125 0.21875 0.81953125 0.1845833328125 0.71203125 0.1845833328125 0.71203125 0.21875 0.81953125 0.21875
3 0.81953125 0.2710416671875 0.81953125 0.21875 0.71203125 0.21875 0.71203125 0.2710416671875 0.81953125 0.2710416671875
3 0.8178124999999999 0.2983333328125 0.8178124999999999 0.2710416671875 0.71203125 0.2710416671875 0.71203125 0.2983333328125 0.8178124999999999 0.2983333328125
3 0.8178124999999999 0.3460416671875 0.8178124999999999 0.2983333328125 0.70015625 0.2983333328125 0.70015625 0.3460416671875 0.8178124999999999 0.3460416671875
3 0.8126562500000001 0.3825 0.8126562500000001 0.3460416671875 0.70015625 0.3460416671875 0.70015625 0.3825 0.8126562500000001 0.3825
3 0.8109375 0.414375 0.8109375 0.3847916671875 0.6984375 0.3847916671875 0.6984375 0.414375 0.8109375 0.414375
3 0.80234375 0.4597916671875 0.80234375 0.414375 0.6984375 0.414375 0.6984375 0.4597916671875 0.80234375 0.4597916671875
3 0.7990625 0.5120833328125001 0.7990625 0.46666666718750005 0.6984375 0.46666666718750005 0.6984375 0.5120833328125001 0.7990625 0.5120833328125001
3 0.7990625 0.57125 0.7990625 0.5120833328125001 0.6984375 0.5120833328125001 0.6984375 0.57125 0.7990625 0.57125
3 0.7990625 0.6439583328125 0.7990625 0.5735416671875 0.688125 0.5735416671875 0.688125 0.6439583328125 0.7990625 0.6439583328125
3 0.7887500000000001 0.7120833328125 0.7887500000000001 0.6439583328125 0.688125 0.6439583328125 0.688125 0.7120833328125 0.7887500000000001 0.7120833328125
1 0.21937500000000001 0.0270833328125 0.21937500000000001 0.14666666718750002 0.39875 0.14666666718750002 0.39875 0.0270833328125 0.21937500000000001 0.0270833328125
1 0.2321875 0.0039583328125 0.2321875 0.0908333328125 0.39984375 0.0908333328125 0.39984375 0.0039583328125 0.2321875 0.0039583328125