1 0.45187499999999997 0.42740740781250003 0.45187499999999997 0.397777778125 0.33166666718750004 0.397777778125 0.33166666718750004 0.42740740781250003 0.45187499999999997 0.42740740781250003
1 0.4467708328125 0.48879629687500004 0.4467708328125 0.44333333281250004 0.3367708328125 0.44333333281250004 0.3367708328125 0.48879629687500004 0.4467708328125 0.48879629687500004
1 0.8308333328125 0.7934259265625 0.8308333328125 0.93555555625 0.9150520828125 0.93555555625 0.9150520828125 0.7934259265625 0.8308333328125 0.7934259265625
1 0.9971354171875 0.99805555625 0.9971354171875 0.9525925921875 0.9331770828125 0.9525925921875 0.9331770828125 0.99805555625 0.9971354171875 0.99805555625
1 0.6720312500000001 0.20416666718749998 0.6720312500000001 0.1568518515625 0.535625 0.1568518515625 0.535625 0.20416666718749998 0.6720312500000001 0.20416666718749998
1 0.5782812500000001 0.1473148140625 0.5782812500000001 0.1 0.5015104171875 0.1 0.5015104171875 0.1473148140625 0.5782812500000001 0.1473148140625
1 0.50578125 0.1700925921875 0.50578125 0.12648148125 0.4844791671875 0.12648148125 0.4844791671875 0.1700925921875 0.50578125 0.1700925921875
1 0.5026041671875 0.2401851859375 0.5026041671875 0.19851851874999998 0.48234374999999996 0.19851851874999998 0.48234374999999996 0.2401851859375 0.5026041671875 0.2401851859375
1 0.54734375 0.230740740625 0.54734375 0.1833333328125 0.50046875 0.1833333328125 0.50046875 0.230740740625 0.54734375 0.230740740625
1 0.4844791671875 0.18898148125 0.4844791671875 0.1416666671875 0.46421875 0.1416666671875 0.46421875 0.18898148125 0.4844791671875 0.18898148125
1 0.4599479171875 0.19851851874999998 0.4599479171875 0.16055555625 0.44718749999999996 0.16055555625 0.44718749999999996 0.19851851874999998 0.4599479171875 0.19851851874999998
1 0.0059375 0.0791666671875 0.0059375 0.1378703703125 0.0763020828125 0.1378703703125 0.0763020828125 0.0791666671875 0.0059375 0.0791666671875
1 0.0805208328125 0.1473148140625 0.0805208328125 0.175740740625 0.12744791718749998 0.175740740625 0.12744791718749998 0.1473148140625 0.0805208328125 0.1473148140625
1 0.0677604171875 0.077222221875 0.0677604171875 0.1226851859375 0.12744791718749998 0.1226851859375 0.12744791718749998 0.077222221875 0.0677604171875 0.077222221875
1 0.1477083328125 0.1246296296875 0.1477083328125 0.10185185156250001 0.12421875 0.10185185156250001 0.12421875 0.1246296296875 0.1477083328125 0.1246296296875
1 0.1444791671875 0.1738888890625 0.1444791671875 0.1454629625 0.1253125 0.1454629625 0.1253125 0.1738888890625 0.1444791671875 0.1738888890625
1 0.47489583281250003 0.4750925921875 0.47489583281250003 0.51305555625 0.5036458328125 0.51305555625 0.5036458328125 0.4750925921875 0.47489583281250003 0.4750925921875
1 0.5270833328125 0.5338888890625 0.5270833328125 0.5016666671875 0.5026041671875 0.5016666671875 0.5026041671875 0.5338888890625 0.5270833328125 0.5338888890625
3 0.93234375 0.1575 0.93234375 0.05898148125 0.78421875 0.05898148125 0.78421875 0.1575 0.93234375 0.1575
3 0.9259375000000001 0.21435185156249997 0.9259375000000001 0.1593518515625 0.783125 0.1593518515625 0.783125 0.21435185156249997 0.9259375000000001 0.21435185156249997
3 0.9259375000000001 0.288240740625 0.9259375000000001 0.21435185156249997 0.7692708328125 0.21435185156249997 0.7692708328125 0.288240740625 0.9259375000000001 0.288240740625
3 0.9217187499999999 0.3659259265625 0.9217187499999999 0.288240740625 0.77140625 0.288240740625 0.77140625 0.3659259265625 0.9217187499999999 0.3659259265625
3 0.0040625 0.28064814843749997 0.0040625 0.386759259375 0.0647916671875 0.386759259375 0.0647916671875 0.28064814843749997 0.0040625 0.28064814843749997
3 0.0168229171875 0.48148148125 0.0168229171875 0.41518518593750003 0.0040625 0.41518518593750003 0.0040625 0.48148148125 0.0168229171875 0.48148148125
3 0.02109375 0.528796296875 0.02109375 0.4720370375 0.0008333328124999999 0.4720370375 0.0008333328124999999 0.528796296875 0.02109375 0.528796296875
3 0.02109375 0.57055555625 0.02109375 0.5099074078125 0.00296875 0.5099074078125 0.00296875 0.57055555625 0.02109375 0.57055555625
3 0.0434895828125 0.5383333328125001 0.0434895828125 0.5004629625 0.014687500000000001 0.5004629625 0.014687500000000001 0.5383333328125001 0.0434895828125 0.5383333328125001
3 0.054166667187499996 0.5325925921875 0.054166667187499996 0.4738888890625 0.0189583328125 0.4738888890625 0.0189583328125 0.5325925921875 0.054166667187499996 0.5325925921875
3 0.074375 0.521296296875 0.074375 0.4625 0.045625 0.4625 0.045625 0.521296296875 0.074375 0.521296296875
3 0.0914583328125 0.4625 0.0914583328125 0.4113888890625 0.0413541671875 0.4113888890625 0.0413541671875 0.4625 0.0914583328125 0.4625
3 0.1053125 0.45685185156249997 0.1053125 0.4 0.0765104171875 0.4 0.0765104171875 0.45685185156249997 0.1053125 0.45685185156249997
3 0.10848958281250001 0.4966666671875 0.10848958281250001 0.4378703703125 0.0797395828125 0.4378703703125 0.0797395828125 0.4966666671875 0.10848958281250001 0.4966666671875
3 0.14046875 0.45870370312500003 0.14046875 0.3659259265625 0.1148958328125 0.3659259265625 0.1148958328125 0.45870370312500003 0.14046875 0.45870370312500003
3 0.09359375 0.34120370312500004 0.09359375 0.29907407343750003 0.0551041671875 0.29907407343750003 0.0551041671875 0.34120370312500004 0.09359375 0.34120370312500004
3 0.0920833328125 0.3779629625 0.0920833328125 0.34120370312500004 0.0565625 0.34120370312500004 0.0565625 0.3779629625 0.0920833328125 0.3779629625
3 0.10838541718750001 0.3713888890625 0.10838541718750001 0.3253703703125 0.090625 0.3253703703125 0.090625 0.3713888890625 0.10838541718750001 0.3713888890625
3 0.1350520828125 0.3095370375 0.1350520828125 0.287222221875 0.10838541718750001 0.287222221875 0.10838541718750001 0.3095370375 0.1350520828125 0.3095370375
3 0.12984374999999998 0.33194444375 0.12984374999999998 0.30694444375 0.11281250000000001 0.30694444375 0.11281250000000001 0.33194444375 0.12984374999999998 0.33194444375
3 0.1320833328125 0.3595370375 0.1320833328125 0.3306481484375 0.10838541718750001 0.3306481484375 0.10838541718750001 0.3595370375 0.1320833328125 0.3595370375
3 0.1476041671875 0.3516666671875 0.1476041671875 0.28064814843749997 0.12984374999999998 0.28064814843749997 0.12984374999999998 0.3516666671875 0.1476041671875 0.3516666671875
3 0.1609375 0.4148148140625 0.1609375 0.383240740625 0.1416666671875 0.383240740625 0.1416666671875 0.4148148140625 0.1609375 0.4148148140625
3 0.1623958328125 0.4556481484375 0.1623958328125 0.408240740625 0.1350520828125 0.408240740625 0.1350520828125 0.4556481484375 0.1623958328125 0.4556481484375
3 0.1865104171875 0.3890740734375 0.1865104171875 0.36898148124999997 0.16953125 0.36898148124999997 0.16953125 0.3890740734375 0.1865104171875 0.3890740734375
3 0.1895833328125 0.40648148125 0.1895833328125 0.3890740734375 0.17671874999999998 0.3890740734375 0.17671874999999998 0.40648148125 0.1895833328125 0.40648148125
3 0.16953125 0.3451851859375 0.16953125 0.318703703125 0.15567708281249998 0.318703703125 0.15567708281249998 0.3451851859375 0.16953125 0.3451851859375
3 0.2538541671875 0.39 0.2538541671875 0.3515740734375 0.22916666718749998 0.3515740734375 0.22916666718749998 0.39 0.2538541671875 0.39
3 0.4861458328125 0.3579629625 0.4861458328125 0.29407407343749997 0.47484374999999995 0.29407407343749997 0.47484374999999995 0.3579629625 0.4861458328125 0.3579629625
3 0.47791666718750003 0.32601851875 0.47791666718750003 0.2976851859375 0.4615104171875 0.2976851859375 0.4615104171875 0.32601851875 0.47791666718750003 0.32601851875
3 0.47791666718750003 0.34888888906250004 0.47791666718750003 0.32601851875 0.4640625 0.32601851875 0.4640625 0.34888888906250004 0.47791666718750003 0.34888888906250004
3 0.4635416671875 0.350740740625 0.4635416671875 0.33055555625 0.45531249999999995 0.33055555625 0.45531249999999995 0.350740740625 0.4635416671875 0.350740740625
3 0.4810416671875 0.4375 0.4810416671875 0.36805555624999997 0.46046875 0.36805555624999997 0.46046875 0.4375 0.4810416671875 0.4375
3 0.48151041718750004 0.44574074062499996 0.48151041718750004 0.41287037031249996 0.4681770828125 0.41287037031249996 0.4681770828125 0.44574074062499996 0.48151041718750004 0.44574074062499996
3 0.48921875000000004 0.4484259265625 0.48921875000000004 0.4201851859375 0.47791666718750003 0.4201851859375 0.47791666718750003 0.4484259265625 0.48921875000000004 0.4484259265625
1 0.5814583328125 0.51305555625 0.5814583328125 0.46342592656250003 0.5361458328125 0.46342592656250003 0.5361458328125 0.51305555625 0.5814583328125 0.51305555625
1 0.5292708328125 0.4950925921875 0.5292708328125 0.5545370375 0.5796354171875 0.5545370375 0.5796354171875 0.4950925921875 0.5292708328125 0.4950925921875
1 0.5247395828125 0.5325 0.5247395828125 0.5675 0.5622395828125 0.5675 0.5622395828125 0.5325 0.5247395828125 0.5325