1 0.6958854171875 0.5928703703125 0.6958854171875 0.48675925937500003 0.5392187500000001 0.48675925937500003 0.5392187500000001 0.5928703703125 0.6958854171875 0.5928703703125
1 0.5563020828125 0.5378703703125 0.5563020828125 0.4659259265625 0.4838020828125 0.4659259265625 0.4838020828125 0.5378703703125 0.5563020828125 0.5378703703125
1 0.5434895828124999 0.6363888890625 0.5434895828124999 0.5606481484375 0.4848958328125 0.5606481484375 0.4848958328125 0.6363888890625 0.5434895828124999 0.6363888890625
1 0.6628645828125 0.7046296296875 0.6628645828125 0.5928703703125 0.54453125 0.5928703703125 0.54453125 0.7046296296875 0.6628645828125 0.7046296296875
1 0.8600520828124999 0.8448148140624999 0.8600520828124999 0.6591666671875 0.6927083328125 0.6591666671875 0.6927083328125 0.8448148140624999 0.8600520828124999 0.8448148140624999
1 0.9964583328125001 0.9452777781249999 0.9964583328125001 0.7804629624999999 0.8739062499999999 0.7804629624999999 0.8739062499999999 0.9452777781249999 0.9964583328125001 0.9452777781249999
1 0.49234375 0.59851851875 0.49234375 0.522777778125 0.4369270828125 0.522777778125 0.4369270828125 0.59851851875 0.49234375 0.59851851875
1 0.49124999999999996 0.4583333328125 0.49124999999999996 0.4090740734375 0.43479166718749995 0.4090740734375 0.43479166718749995 0.4583333328125 0.49124999999999996 0.4583333328125
1 0.44437499999999996 0.448796296875 0.44437499999999996 0.4033333328125 0.3825520828125 0.4033333328125 0.3825520828125 0.448796296875 0.44437499999999996 0.448796296875
1 0.4454166671875 0.47722222187499996 0.4454166671875 0.431759259375 0.3697916671875 0.431759259375 0.3697916671875 0.47722222187499996 0.4454166671875 0.47722222187499996
1 0.39828125000000003 0.23481481406250002 0.39828125000000003 0.1993518515625 0.3686458328125 0.1993518515625 0.3686458328125 0.23481481406250002 0.39828125000000003 0.23481481406250002
1 0.43156249999999996 0.23092592656250002 0.43156249999999996 0.1848148140625 0.3997395828125 0.1848148140625 0.3997395828125 0.23092592656250002 0.43156249999999996 0.23092592656250002
1 0.43234374999999997 0.1625 0.43234374999999997 0.10851851875 0.39015625 0.10851851875 0.39015625 0.1625 0.43234374999999997 0.1625
1 0.5907291671875 0.09935185156250001 0.5907291671875 0.02694444375 0.47375 0.02694444375 0.47375 0.09935185156250001 0.5907291671875 0.09935185156250001
1 0.6284375 0.2006481484375 0.6284375 0.0900925921875 0.5344791671875 0.0900925921875 0.5344791671875 0.2006481484375 0.6284375 0.2006481484375
1 0.53078125 0.213796296875 0.53078125 0.1400925921875 0.4730208328125 0.1400925921875 0.4730208328125 0.213796296875 0.53078125 0.213796296875
1 0.47375 0.2190740734375 0.47375 0.1663888890625 0.43677083281250006 0.1663888890625 0.43677083281250006 0.2190740734375 0.47375 0.2190740734375
1 0.1399479171875 0.4575 0.1399479171875 0.541203703125 0.24479166718749998 0.541203703125 0.24479166718749998 0.4575 0.1399479171875 0.4575
1 0.1453125 0.5585185187499999 0.1453125 0.5095370375 0.0360416671875 0.5095370375 0.0360416671875 0.5585185187499999 0.1453125 0.5585185187499999
1 0.0022916671874999997 0.5269444437499999 0.0022916671874999997 0.5600925921875 0.0342708328125 0.5600925921875 0.0342708328125 0.5269444437499999 0.0022916671874999997 0.5269444437499999
1 0.9965104171875 0.3691666671875 0.9965104171875 0.26462962968750003 0.8570833328124999 0.26462962968750003 0.8570833328124999 0.3691666671875 0.9965104171875 0.3691666671875
1 0.3652604171875 0.000277778125 0.3652604171875 0.0265740734375 0.39859374999999997 0.0265740734375 0.39859374999999997 0.000277778125 0.3652604171875 0.000277778125
1 0.3689583328125 0.0621296296875 0.3689583328125 0.0068518515625 0.3467708328125 0.0068518515625 0.3467708328125 0.0621296296875 0.3689583328125 0.0621296296875
1 0.3482291671875 0.0818518515625 0.3482291671875 0.033148148437500004 0.3319791671875 0.033148148437500004 0.3319791671875 0.0818518515625 0.3482291671875 0.0818518515625
1 0.33046875 0.095 0.33046875 0.060833332812499995 0.3156770828125 0.060833332812499995 0.3156770828125 0.095 0.33046875 0.095
4 0.43510416718749995 0.3686111109375 0.43510416718749995 0.2890740734375 0.3269270828125 0.2890740734375 0.3269270828125 0.3686111109375 0.43510416718749995 0.3686111109375
4 0.40552083281250006 0.444259259375 0.40552083281250006 0.3634259265625 0.3334375 0.3634259265625 0.3334375 0.444259259375 0.40552083281250006 0.444259259375
4 0.34411458281249996 0.4356481484375 0.34411458281249996 0.292777778125 0.3211458328125 0.292777778125 0.3211458328125 0.4356481484375 0.34411458281249996 0.4356481484375
4 0.3201041671875 0.4263888890625 0.3201041671875 0.3051851859375 0.30515625 0.3051851859375 0.30515625 0.4263888890625 0.3201041671875 0.4263888890625
4 0.3244791671875 0.162777778125 0.3244791671875 0.24907407343750002 0.38708333281249996 0.24907407343750002 0.38708333281249996 0.162777778125 0.3244791671875 0.162777778125
4 0.36604166718750003 0.25 0.36604166718750003 0.101296296875 0.32046874999999997 0.101296296875 0.32046874999999997 0.25 0.36604166718750003 0.25
4 0.31994791718750004 0.248240740625 0.31994791718750004 0.12 0.30692708281250003 0.12 0.30692708281250003 0.248240740625 0.31994791718750004 0.248240740625
3 0.2433854171875 0.4653703703125 0.2433854171875 0.42148148125 0.1915625 0.42148148125 0.1915625 0.4653703703125 0.2433854171875 0.4653703703125
3 0.2433854171875 0.49935185156250006 0.2433854171875 0.4653703703125 0.1933854171875 0.4653703703125 0.1933854171875 0.49935185156250006 0.2433854171875 0.49935185156250006
3 0.1909375 0.48509259218749995 0.1909375 0.435740740625 0.14098958281250001 0.435740740625 0.14098958281250001 0.48509259218749995 0.1909375 0.48509259218749995
3 0.1952604171875 0.5168518515625 0.1952604171875 0.47296296250000003 0.1440625 0.47296296250000003 0.1440625 0.5168518515625 0.1952604171875 0.5168518515625
3 0.024531249999999998 0.1528703703125 0.024531249999999998 0.11194444374999998 0.0027604171875 0.11194444374999998 0.0027604171875 0.1528703703125 0.024531249999999998 0.1528703703125
3 0.0142708328125 0.18694444375 0.0142708328125 0.1528703703125 0.0015104171875000001 0.1528703703125 0.0015104171875000001 0.18694444375 0.0142708328125 0.18694444375
3 0.0142708328125 0.22555555625 0.0142708328125 0.18694444375 0.0040625 0.18694444375 0.0040625 0.22555555625 0.0142708328125 0.22555555625
3 0.018125 0.259722221875 0.018125 0.22555555625 0.0027604171875 0.22555555625 0.0027604171875 0.259722221875 0.018125 0.259722221875
3 0.018125 0.3006481484375 0.018125 0.259722221875 0.00020833281250000002 0.259722221875 0.00020833281250000002 0.3006481484375 0.018125 0.3006481484375
3 0.0206770828125 0.3256481484375 0.0206770828125 0.3006481484375 0.00020833281250000002 0.3006481484375 0.00020833281250000002 0.3256481484375 0.0206770828125 0.3256481484375
3 0.0206770828125 0.3711111109375 0.0206770828125 0.334722221875 0.0040625 0.334722221875 0.0040625 0.3711111109375 0.0206770828125 0.3711111109375
3 0.024531249999999998 0.3984259265625 0.024531249999999998 0.3734259265625 0.0040625 0.3734259265625 0.0040625 0.3984259265625 0.024531249999999998 0.3984259265625
3 0.024531249999999998 0.44611111093750005 0.024531249999999998 0.4029629625 0.00020833281250000002 0.4029629625 0.00020833281250000002 0.44611111093750005 0.024531249999999998 0.44611111093750005
3 0.0283854171875 0.5416666671875 0.0283854171875 0.44611111093750005 0.00020833281250000002 0.44611111093750005 0.00020833281250000002 0.5416666671875 0.0283854171875 0.5416666671875
3 0.0716666671875 0.16231481406249998 0.0716666671875 0.1320370375 0.0183333328125 0.1320370375 0.0183333328125 0.16231481406249998 0.0716666671875 0.16231481406249998
3 0.0716666671875 0.1833333328125 0.0716666671875 0.16231481406249998 0.0213020828125 0.16231481406249998 0.0213020828125 0.1833333328125 0.0716666671875 0.1833333328125
3 0.0723958328125 0.21101851875 0.0723958328125 0.1833333328125 0.0213020828125 0.1833333328125 0.0213020828125 0.21101851875 0.0723958328125 0.21101851875
3 0.073125 0.230740740625 0.073125 0.21101851875 0.0191145828125 0.21101851875 0.0191145828125 0.230740740625 0.073125 0.230740740625
3 0.0745833328125 0.25574074062499996 0.0745833328125 0.230740740625 0.01984375 0.230740740625 0.01984375 0.25574074062499996 0.0745833328125 0.25574074062499996
3 0.0859375 0.531296296875 0.0859375 0.4874074078125 0.027968749999999997 0.4874074078125 0.027968749999999997 0.531296296875 0.0859375 0.531296296875
3 0.0310416671875 0.45342592656249997 0.0310416671875 0.49620370312500006 0.0853125 0.49620370312500006 0.0853125 0.45342592656249997 0.0310416671875 0.45342592656249997
3 0.0236458328125 0.4216666671875 0.0236458328125 0.45342592656249997 0.0846875 0.45342592656249997 0.0846875 0.4216666671875 0.0236458328125 0.4216666671875
3 0.0236458328125 0.3843518515625 0.0236458328125 0.4216666671875 0.0803645828125 0.4216666671875 0.0803645828125 0.3843518515625 0.0236458328125 0.3843518515625
3 0.025468750000000002 0.360277778125 0.025468750000000002 0.3843518515625 0.0803645828125 0.3843518515625 0.0803645828125 0.360277778125 0.025468750000000002 0.360277778125
3 0.025468750000000002 0.337222221875 0.025468750000000002 0.360277778125 0.0772916671875 0.360277778125 0.0772916671875 0.337222221875 0.025468750000000002 0.337222221875
3 0.02609375 0.315277778125 0.02609375 0.337222221875 0.0772916671875 0.337222221875 0.0772916671875 0.315277778125 0.02609375 0.315277778125
3 0.025468750000000002 0.291203703125 0.025468750000000002 0.3175 0.0686458328125 0.3175 0.0686458328125 0.291203703125 0.025468750000000002 0.291203703125
3 0.0297916671875 0.26592592656249997 0.0297916671875 0.2900925921875 0.0698958328125 0.2900925921875 0.0698958328125 0.26592592656249997 0.0297916671875 0.26592592656249997
3 0.14453125 0.5203703703125 0.14453125 0.48962962968749996 0.08838541718750001 0.48962962968749996 0.08838541718750001 0.5203703703125 0.14453125 0.5203703703125
3 0.0828645828125 0.4501851859375 0.0828645828125 0.4874074078125 0.1395833328125 0.4874074078125 0.1395833328125 0.4501851859375 0.0828645828125 0.4501851859375
3 0.0828645828125 0.41398148125 0.0828645828125 0.451296296875 0.14265624999999998 0.451296296875 0.14265624999999998 0.41398148125 0.0828645828125 0.41398148125
3 0.0822395828125 0.3854629625 0.0822395828125 0.41398148125 0.14265624999999998 0.41398148125 0.14265624999999998 0.3854629625 0.0822395828125 0.3854629625
3 0.0822395828125 0.3471296296875 0.0822395828125 0.3854629625 0.1414583328125 0.3854629625 0.1414583328125 0.3471296296875 0.0822395828125 0.3471296296875
3 0.07546875 0.3175 0.07546875 0.3471296296875 0.1408333328125 0.3471296296875 0.1408333328125 0.3175 0.07546875 0.3175
3 0.07546875 0.2758333328125 0.07546875 0.3175 0.1389583328125 0.3175 0.1389583328125 0.2758333328125 0.07546875 0.2758333328125
3 0.07359375 0.255 0.07359375 0.27694444375 0.1383333328125 0.27694444375 0.1383333328125 0.255 0.07359375 0.255
3 0.07359375 0.22314814843750003 0.07359375 0.255 0.1346354171875 0.255 0.1346354171875 0.22314814843750003 0.07359375 0.22314814843750003
3 0.07296875 0.1848148140625 0.07296875 0.2308333328125 0.13218749999999999 0.2308333328125 0.13218749999999999 0.1848148140625 0.07296875 0.1848148140625
3 0.13458333281249998 0.1795370375 0.13458333281249998 0.1359259265625 0.0695833328125 0.1359259265625 0.0695833328125 0.1795370375 0.13458333281249998 0.1795370375
3 0.18895833281250002 0.21925925937500002 0.18895833281250002 0.1871296296875 0.135625 0.1871296296875 0.135625 0.21925925937500002 0.18895833281250002 0.21925925937500002
3 0.18895833281250002 0.2476851859375 0.18895833281250002 0.22120370312499998 0.135625 0.22120370312499998 0.135625 0.2476851859375 0.18895833281250002 0.2476851859375
3 0.19109375 0.28185185156250003 0.19109375 0.2476851859375 0.135625 0.2476851859375 0.135625 0.28185185156250003 0.19109375 0.28185185156250003
3 0.19109375 0.3140740734375 0.19109375 0.28185185156250003 0.14098958281250001 0.28185185156250003 0.14098958281250001 0.3140740734375 0.19109375 0.3140740734375
3 0.19 0.3708333328125 0.19 0.34055555625 0.14203125 0.34055555625 0.14203125 0.3708333328125 0.19 0.3708333328125
3 0.14630208281249998 0.3708333328125 0.14630208281249998 0.4106481484375 0.19317708281249998 0.4106481484375 0.19317708281249998 0.3708333328125 0.14630208281249998 0.3708333328125
3 0.18895833281250002 0.45046296249999995 0.18895833281250002 0.40305555625 0.1377604171875 0.40305555625 0.1377604171875 0.45046296249999995 0.18895833281250002 0.45046296249999995
3 0.2340104171875 0.17101851875000001 0.2340104171875 0.14601851875 0.1873958328125 0.14601851875 0.1873958328125 0.17101851875000001 0.2340104171875 0.17101851875000001
3 0.2318229171875 0.20518518593750001 0.2318229171875 0.17629629687499998 0.1903645828125 0.17629629687499998 0.1903645828125 0.20518518593750001 0.2318229171875 0.20518518593750001
3 0.23109375000000001 0.22629629687500002 0.23109375000000001 0.20518518593750001 0.1903645828125 0.20518518593750001 0.1903645828125 0.22629629687500002 0.23109375000000001 0.22629629687500002
3 0.23109375000000001 0.2551851859375 0.23109375000000001 0.2275925921875 0.1903645828125 0.2275925921875 0.1903645828125 0.2551851859375 0.23109375000000001 0.2551851859375
3 0.23552083281249997 0.2801851859375 0.23552083281249997 0.2551851859375 0.1918229171875 0.2551851859375 0.1918229171875 0.2801851859375 0.23552083281249997 0.2801851859375
3 0.23552083281249997 0.311759259375 0.23552083281249997 0.28157407343749996 0.18812500000000001 0.28157407343749996 0.18812500000000001 0.311759259375 0.23552083281249997 0.311759259375
3 0.23625 0.33546296249999996 0.23625 0.311759259375 0.18812500000000001 0.311759259375 0.18812500000000001 0.33546296249999996 0.23625 0.33546296249999996
3 0.23625 0.37101851875 0.23625 0.33546296249999996 0.1918229171875 0.33546296249999996 0.1918229171875 0.37101851875 0.23625 0.37101851875
3 0.23921874999999998 0.3920370375 0.23921874999999998 0.37101851875 0.1918229171875 0.37101851875 0.1918229171875 0.3920370375 0.23921874999999998 0.3920370375
3 0.23921874999999998 0.4301851859375 0.23921874999999998 0.3933333328125 0.1852083328125 0.3933333328125 0.1852083328125 0.4301851859375 0.23921874999999998 0.4301851859375
4 0.6290625000000001 0.0026851859375 0.6290625000000001 0.13916666718749998 0.8081250000000001 0.13916666718749998 0.8081250000000001 0.0026851859375 0.6290625000000001 0.0026851859375