1 0.99921875 0.1497916671875 0.99921875 0.0475 0.79640625 0.0475 0.79640625 0.1497916671875 0.99921875 0.1497916671875
1 0.9925 0.20895833281249998 0.9925 0.13625 0.798125 0.13625 0.798125 0.20895833281249998 0.9925 0.20895833281249998
1 0.7946875 0.2475 0.7946875 0.15437499999999998 0.65140625 0.15437499999999998 0.65140625 0.2475 0.7946875 0.2475
1 0.7128125 0.165625 0.7128125 0.12020833281250001 0.5354687499999999 0.12020833281250001 0.5354687499999999 0.165625 0.7128125 0.165625
1 0.7196875 0.6864583328125 0.7196875 0.625 0.63953125 0.625 0.63953125 0.6864583328125 0.7196875 0.6864583328125
1 0.95828125 0.7068749999999999 0.95828125 0.6614583328125 0.89359375 0.6614583328125 0.89359375 0.7068749999999999 0.95828125 0.7068749999999999
1 0.433125 0.0066666671875 0.433125 0.03375 0.53203125 0.03375 0.53203125 0.0066666671875 0.433125 0.0066666671875
1 0.36484375 0.0066666671875 0.36484375 0.0429166671875 0.42296875 0.0429166671875 0.42296875 0.0066666671875 0.36484375 0.0066666671875
2 0.93359375 0.72875 0.93359375 0.1185416671875 0.69609375 0.1185416671875 0.69609375 0.72875 0.93359375 0.72875
3 0.78125 0.4658333328125 0.78125 0.4302083328125 0.73 0.4302083328125 0.73 0.4658333328125 0.78125 0.4658333328125
4 0.00640625 0.015 0.00640625 0.9727083328124999 0.26171875 0.9727083328124999 0.26171875 0.015 0.00640625 0.015
4 0.6640625 0.9727083328124999 0.6640625 0.015 0.2790625 0.015 0.2790625 0.9727083328124999 0.6640625 0.9727083328124999