1 0.24140625 0.0058333328125 0.24140625 0.10958333281249999 0.49140625 0.10958333281249999 0.49140625 0.0058333328125 0.24140625 0.0058333328125
1 0.40578125 0.08395833281250001 0.40578125 0.000625 0.1615625 0.000625 0.1615625 0.08395833281250001 0.40578125 0.08395833281250001
1 0.5865625 0.6095833328125 0.5865625 0.5364583328125 0.48562500000000003 0.5364583328125 0.48562500000000003 0.6095833328125 0.5865625 0.6095833328125
3 0.54296875 0.426875 0.54296875 0.3920833328125 0.48624999999999996 0.3920833328125 0.48624999999999996 0.426875 0.54296875 0.426875
3 0.56203125 0.4220833328125 0.56203125 0.4016666671875 0.53953125 0.4016666671875 0.53953125 0.4220833328125 0.56203125 0.4220833328125
3 0.56078125 0.456875 0.56078125 0.4220833328125 0.49093749999999997 0.4220833328125 0.49093749999999997 0.456875 0.56078125 0.456875
3 0.56078125 0.4916666671875 0.56078125 0.45375 0.49093749999999997 0.45375 0.49093749999999997 0.4916666671875 0.56078125 0.4916666671875
3 0.56078125 0.5372916671875 0.56078125 0.4916666671875 0.48734374999999996 0.4916666671875 0.48734374999999996 0.5372916671875 0.56078125 0.5372916671875
3 0.56546875 0.58 0.56546875 0.5389583328125 0.48734374999999996 0.5389583328125 0.48734374999999996 0.58 0.56546875 0.58
3 0.46953125 0.5658333328125 0.46953125 0.49000000000000005 0.3440625 0.49000000000000005 0.3440625 0.5658333328125 0.46953125 0.5658333328125
3 0.38671875 0.553125 0.38671875 0.49625 0.2765625 0.49625 0.2765625 0.553125 0.38671875 0.553125
3 0.38796875000000003 0.5927083328125 0.38796875000000003 0.54375 0.33453125 0.54375 0.33453125 0.5927083328125 0.38796875000000003 0.5927083328125
3 0.32984375 0.60375 0.32984375 0.5341666671875 0.23156249999999998 0.5341666671875 0.23156249999999998 0.60375 0.32984375 0.60375
3 0.271875 0.6416666671875 0.271875 0.5420833328125 0.18296874999999999 0.5420833328125 0.18296874999999999 0.6416666671875 0.271875 0.6416666671875
3 0.18890625 0.6541666671875 0.18890625 0.5231250000000001 0.0528125 0.5231250000000001 0.0528125 0.6541666671875 0.18890625 0.6541666671875
3 0.15703125 0.396875 0.15703125 0.319375 0.057499999999999996 0.319375 0.057499999999999996 0.396875 0.15703125 0.396875
3 0.2990625 0.3872916671875 0.2990625 0.31625000000000003 0.17234375 0.31625000000000003 0.17234375 0.3872916671875 0.2990625 0.3872916671875
3 0.39625 0.3320833328125 0.39625 0.26729166718749997 0.24937499999999999 0.26729166718749997 0.24937499999999999 0.3320833328125 0.39625 0.3320833328125
3 0.40093750000000006 0.39375 0.40093750000000006 0.3258333328125 0.29671875000000003 0.3258333328125 0.29671875000000003 0.39375 0.40093750000000006 0.39375
3 0.42453124999999997 0.3952083328125 0.42453124999999997 0.3416666671875 0.3903125 0.3416666671875 0.3903125 0.3952083328125 0.42453124999999997 0.3952083328125
3 0.4803125 0.3952083328125 0.4803125 0.2641666671875 0.3903125 0.2641666671875 0.3903125 0.3952083328125 0.4803125 0.3952083328125
3 0.40453124999999995 0.20729166718749997 0.40453124999999995 0.1472916671875 0.30375 0.1472916671875 0.30375 0.20729166718749997 0.40453124999999995 0.20729166718749997