1 0.22526041718749998 0.1070370375 0.22526041718749998 0.045555556250000004 0.1610416671875 0.045555556250000004 0.1610416671875 0.1070370375 0.22526041718749998 0.1070370375
1 0.1603125 0.0826851859375 0.1603125 0.0365740734375 0.10984374999999999 0.0365740734375 0.10984374999999999 0.0826851859375 0.1603125 0.0826851859375
1 0.1538541671875 0.1634259265625 0.1538541671875 0.11601851875 0.11781250000000001 0.11601851875 0.11781250000000001 0.1634259265625 0.1538541671875 0.1634259265625
1 0.1163541671875 0.175 0.1163541671875 0.146759259375 0.09182291718749999 0.146759259375 0.09182291718749999 0.175 0.1163541671875 0.175
1 0.09036458281250001 0.1916666671875 0.09036458281250001 0.15194444375 0.078125 0.15194444375 0.078125 0.1916666671875 0.09036458281250001 0.1916666671875
1 0.0803125 0.20444444375 0.0803125 0.1686111109375 0.06442708281250001 0.1686111109375 0.06442708281250001 0.20444444375 0.0803125 0.20444444375
3 0.9991145828124999 0.39953703749999997 0.9991145828124999 0.23157407343749997 0.8582291671875 0.23157407343749997 0.8582291671875 0.39953703749999997 0.9991145828124999 0.39953703749999997
3 0.9965624999999999 0.5700925921875 0.9965624999999999 0.3904629625 0.8609895828124999 0.3904629625 0.8609895828124999 0.5700925921875 0.9965624999999999 0.5700925921875
3 0.9965624999999999 0.9384259265624999 0.9965624999999999 0.7724074078125 0.9505208328125001 0.7724074078125 0.9505208328125001 0.9384259265624999 0.9965624999999999 0.9384259265624999
3 0.9978125 0.9974999999999999 0.9978125 0.9270370375000001 0.9415625000000001 0.9270370375000001 0.9415625000000001 0.9974999999999999 0.9978125 0.9974999999999999
3 0.9313020828124999 0.9520370375 0.9313020828124999 0.6974074078125 0.6780729171875 0.6974074078125 0.6780729171875 0.9520370375 0.9313020828124999 0.9520370375
3 0.7714583328125 0.8406481484375 0.7714583328125 0.6291666671875 0.5578645828125001 0.6291666671875 0.5578645828125001 0.8406481484375 0.7714583328125 0.8406481484375
3 0.8622395828125 0.5008333328125001 0.8622395828125 0.3641666671875 0.641875 0.3641666671875 0.641875 0.5008333328125001 0.8622395828125 0.5008333328125001
3 0.6947395828125 0.0016666671875 0.6947395828125 0.07898148125 0.9031770828125 0.07898148125 0.9031770828125 0.0016666671875 0.6947395828125 0.0016666671875
3 0.6318229171875 0.471759259375 0.6318229171875 0.3675 0.49328125 0.3675 0.49328125 0.471759259375 0.6318229171875 0.471759259375
3 0.57234375 0.7353703703125001 0.57234375 0.621759259375 0.47463541718749996 0.621759259375 0.47463541718749996 0.7353703703125001 0.57234375 0.7353703703125001
3 0.5669791671875 0.6959259265625 0.5669791671875 0.55694444375 0.4027083328125 0.55694444375 0.4027083328125 0.6959259265625 0.5669791671875 0.6959259265625
3 0.48708333281250005 0.5949074078125001 0.48708333281250005 0.4875 0.3369791671875 0.4875 0.3369791671875 0.5949074078125001 0.48708333281250005 0.5949074078125001
3 0.416875 0.6500925921875 0.416875 0.5664814812500001 0.3369791671875 0.5664814812500001 0.3369791671875 0.6500925921875 0.416875 0.6500925921875
3 0.41244791718749996 0.6200925921875 0.41244791718749996 0.4543518515625 0.315625 0.4543518515625 0.315625 0.6200925921875 0.41244791718749996 0.6200925921875
3 0.5003645828125001 0.43851851875000003 0.5003645828125001 0.3675 0.4213541671875 0.3675 0.4213541671875 0.43851851875000003 0.5003645828125001 0.43851851875000003
3 0.49635416718750003 0.41944444374999995 0.49635416718750003 0.24944444375 0.3571875 0.24944444375 0.3571875 0.41944444374999995 0.49635416718750003 0.41944444374999995
3 0.3591666671875 0.3059259265625 0.3591666671875 0.2553703703125 0.3227604171875 0.2553703703125 0.3227604171875 0.3059259265625 0.3591666671875 0.3059259265625
3 0.35828125 0.342222221875 0.35828125 0.3075 0.3254166671875 0.3075 0.3254166671875 0.342222221875 0.35828125 0.342222221875
3 0.3609375 0.373796296875 0.3609375 0.342222221875 0.3254166671875 0.342222221875 0.3254166671875 0.373796296875 0.3609375 0.373796296875
3 0.3609375 0.40851851874999995 0.3609375 0.373796296875 0.3263020828125 0.373796296875 0.3263020828125 0.40851851874999995 0.3609375 0.40851851874999995
3 0.3316145828125 0.59648148125 0.3316145828125 0.43537037031250003 0.2774479171875 0.43537037031250003 0.2774479171875 0.59648148125 0.3316145828125 0.59648148125
3 0.3120833328125 0.391203703125 0.3120833328125 0.3390740734375 0.2303645828125 0.3390740734375 0.2303645828125 0.391203703125 0.3120833328125 0.391203703125
3 0.2765625 0.33648148125 0.2765625 0.29555555624999996 0.2061458328125 0.29555555624999996 0.2061458328125 0.33648148125 0.2765625 0.33648148125
3 0.2286458328125 0.37851851875000003 0.2286458328125 0.3346296296875 0.20557291718749998 0.3346296296875 0.20557291718749998 0.37851851875000003 0.2286458328125 0.37851851875000003
3 0.2730208328125 0.5000925921875 0.2730208328125 0.44805555625000004 0.22682291718749997 0.44805555625000004 0.22682291718749997 0.5000925921875 0.2730208328125 0.5000925921875
3 0.2658854171875 0.55694444375 0.2658854171875 0.493796296875 0.22593749999999999 0.493796296875 0.22593749999999999 0.55694444375 0.2658854171875 0.55694444375
3 0.2303645828125 0.481203703125 0.2303645828125 0.43379629687500004 0.20375000000000001 0.43379629687500004 0.20375000000000001 0.481203703125 0.2303645828125 0.481203703125
3 0.22770833281249997 0.5190740734375 0.22770833281249997 0.481203703125 0.21171875 0.481203703125 0.21171875 0.5190740734375 0.22770833281249997 0.5190740734375
3 0.2161979171875 0.511203703125 0.2161979171875 0.4749074078125 0.1966145828125 0.4749074078125 0.1966145828125 0.511203703125 0.2161979171875 0.511203703125
3 0.2099479171875 0.4890740734375 0.2099479171875 0.45277777812500003 0.1744270828125 0.45277777812500003 0.1744270828125 0.4890740734375 0.2099479171875 0.4890740734375
3 0.22328125000000001 0.370740740625 0.22328125000000001 0.2740740734375 0.1720833328125 0.2740740734375 0.1720833328125 0.370740740625 0.22328125000000001 0.370740740625
3 0.1540104171875 0.361203703125 0.1540104171875 0.3390740734375 0.1380208328125 0.3390740734375 0.1380208328125 0.361203703125 0.1540104171875 0.361203703125
3 0.1993229171875 0.42907407343750004 0.1993229171875 0.38333333281250004 0.14421875 0.38333333281250004 0.14421875 0.42907407343750004 0.1993229171875 0.42907407343750004
3 0.2099479171875 0.44805555625000004 0.2099479171875 0.41805555625 0.1477604171875 0.41805555625 0.1477604171875 0.44805555625000004 0.2099479171875 0.44805555625000004
3 0.16375 0.481203703125 0.16375 0.4575 0.1495833328125 0.4575 0.1495833328125 0.481203703125 0.16375 0.481203703125
3 0.146875 0.4149074078125 0.146875 0.38333333281250004 0.13 0.38333333281250004 0.13 0.4149074078125 0.146875 0.4149074078125
3 0.1477604171875 0.43694444375 0.1477604171875 0.411759259375 0.1344791671875 0.411759259375 0.1344791671875 0.43694444375 0.1477604171875 0.43694444375
3 0.1486979171875 0.46851851875 0.1486979171875 0.44333333281250004 0.1371354171875 0.44333333281250004 0.1371354171875 0.46851851875 0.1486979171875 0.46851851875
3 0.1619791671875 0.332777778125 0.1619791671875 0.3043518515625 0.1140104171875 0.3043518515625 0.1140104171875 0.332777778125 0.1619791671875 0.332777778125
3 0.14510416718750002 0.3659259265625 0.14510416718750002 0.332777778125 0.12203125 0.332777778125 0.12203125 0.3659259265625 0.14510416718750002 0.3659259265625
3 0.1025 0.3990740734375 0.1025 0.373796296875 0.0802604171875 0.373796296875 0.0802604171875 0.3990740734375 0.1025 0.3990740734375
3 0.13 0.4400925921875 0.13 0.40222222187499995 0.0909375 0.40222222187499995 0.0909375 0.4400925921875 0.13 0.4400925921875