1 0.8748437499999999 0.651875 0.8748437499999999 0.5345833328125 0.7693749999999999 0.5345833328125 0.7693749999999999 0.651875 0.8748437499999999 0.651875
1 0.778125 0.410625 0.778125 0.375625 0.688125 0.375625 0.688125 0.410625 0.778125 0.410625
1 0.7771874999999999 0.4458333328125 0.7771874999999999 0.409375 0.68421875 0.409375 0.68421875 0.4458333328125 0.7771874999999999 0.4458333328125
1 0.9228125 0.13708333281250001 0.9228125 0.0991666671875 0.8885937500000001 0.0991666671875 0.8885937500000001 0.13708333281250001 0.9228125 0.13708333281250001
1 0.9775 0.1147916671875 0.9775 0.071875 0.9228125 0.071875 0.9228125 0.1147916671875 0.9775 0.1147916671875
1 0.921875 0.1864583328125 0.921875 0.1447916671875 0.88765625 0.1447916671875 0.88765625 0.1864583328125 0.921875 0.1864583328125
1 0.9746874999999999 0.1708333328125 0.9746874999999999 0.1266666671875 0.9237500000000001 0.1266666671875 0.9237500000000001 0.1708333328125 0.9746874999999999 0.1708333328125
1 1 0.1070833328125 0.9746874999999999 0.1070833328125 0.9746874999999999 0.1395833328125 1 0.1395833328125 1 0.1070833328125
1 1 0.17875000000000002 0.97171875 0.17875000000000002 0.97171875 0.20354166718750002 1 0.20354166718750002 1 0.17875000000000002
1 0.9696875 0.2216666671875 0.9696875 0.1864583328125 0.92578125 0.1864583328125 0.92578125 0.2216666671875 0.9696875 0.2216666671875
1 0.9237500000000001 0.2372916671875 0.9237500000000001 0.2047916671875 0.8895312499999999 0.2047916671875 0.8895312499999999 0.2372916671875 0.9237500000000001 0.2372916671875
1 0.9550000000000001 0.0391666671875 0.9550000000000001 0.0014583328125 0.9228125 0.0014583328125 0.9228125 0.0391666671875 0.9550000000000001 0.0391666671875
1 0.9198437500000001 0.0704166671875 0.9198437500000001 0.0235416671875 0.88765625 0.0235416671875 0.88765625 0.0704166671875 0.9198437500000001 0.0704166671875
1 0.8865624999999999 0.0991666671875 0.8865624999999999 0.0614583328125 0.8612500000000001 0.0614583328125 0.8612500000000001 0.0991666671875 0.8865624999999999 0.0991666671875
1 0.35812499999999997 0 0.35812499999999997 0.044375 0.40125 0.044375 0.40125 0 0.35812499999999997 0
1 0.44125 0.0939583328125 0.44125 0.014374999999999999 0.39921875 0.014374999999999999 0.39921875 0.0939583328125 0.44125 0.0939583328125
1 0.47453124999999996 0.12375 0.47453124999999996 0.06395833281249999 0.44125 0.06395833281249999 0.44125 0.12375 0.47453124999999996 0.12375
1 0.5234375 0.1304166671875 0.5234375 0.0872916671875 0.47359375000000004 0.0872916671875 0.47359375000000004 0.1304166671875 0.5234375 0.1304166671875
1 0.5184375 0.1708333328125 0.5184375 0.134375 0.48421875 0.134375 0.48421875 0.1708333328125 0.5184375 0.1708333328125
1 0.8521875 0.27125 0.8521875 0.24854166718749998 0.83375 0.24854166718749998 0.83375 0.27125 0.8521875 0.27125
1 0.83375 0.275625 0.83375 0.25645833281249997 0.8198437500000001 0.25645833281249997 0.8198437500000001 0.275625 0.83375 0.275625
1 0.851875 0.31 0.851875 0.29333333281249996 0.8324999999999999 0.29333333281249996 0.8324999999999999 0.31 0.851875 0.31
1 0.83203125 0.3110416671875 0.83203125 0.2958333328125 0.81703125 0.2958333328125 0.81703125 0.3110416671875 0.83203125 0.3110416671875
1 0.81546875 0.2760416671875 0.81546875 0.25916666718750003 0.80171875 0.25916666718750003 0.80171875 0.2760416671875 0.81546875 0.2760416671875
2 0.8384375000000001 0.2545833328125 0.8384375000000001 0.8954166671875001 0.9981249999999999 0.8954166671875001 0.9981249999999999 0.2545833328125 0.8384375000000001 0.2545833328125
2 0.875 0.5327083328125 0.875 0.2814583328125 0.7692187500000001 0.2814583328125 0.7692187500000001 0.5327083328125 0.875 0.5327083328125
4 0.1221875 0.7620833328125001 0.1221875 0.2697916671875 0.0028125 0.2697916671875 0.0028125 0.7620833328125001 0.1221875 0.7620833328125001
3 0.0615625 0.446875 0.0615625 0.5839583328125 0.226875 0.5839583328125 0.226875 0.446875 0.0615625 0.446875
3 0.15 0.4379166671875 0.15 0.5379166671875 0.28171875 0.5379166671875 0.28171875 0.4379166671875 0.15 0.4379166671875
3 0.226875 0.3725 0.226875 0.4327083328125 0.36343749999999997 0.4327083328125 0.36343749999999997 0.3725 0.226875 0.3725
3 0.34609375 0.5083333328124999 0.34609375 0.4185416671875 0.276875 0.4185416671875 0.276875 0.5083333328124999 0.34609375 0.5083333328124999
3 0.35 0.4172916671875 0.35 0.45583333281250005 0.375 0.45583333281250005 0.375 0.4172916671875 0.35 0.4172916671875
3 0.148125 0.351875 0.148125 0.43520833281250004 0.2884375 0.43520833281250004 0.2884375 0.351875 0.148125 0.351875
3 0.09328125000000001 0.248125 0.09328125000000001 0.3314583328125 0.273125 0.3314583328125 0.273125 0.248125 0.09328125000000001 0.248125
3 0.20484375 0.1916666671875 0.20484375 0.3135416671875 0.3471875 0.3135416671875 0.3471875 0.1916666671875 0.20484375 0.1916666671875
3 0.38656250000000003 0.32125 0.38656250000000003 0.26208333281249996 0.32984375 0.26208333281249996 0.32984375 0.32125 0.38656250000000003 0.32125
3 0.38468749999999996 0.2827083328125 0.38468749999999996 0.3185416671875 0.42109375 0.3185416671875 0.42109375 0.2827083328125 0.38468749999999996 0.2827083328125
3 0.35390625 0.22125 0.35390625 0.2839583328125 0.41828125 0.2839583328125 0.41828125 0.22125 0.35390625 0.22125
3 0.44234375000000004 0.28791666718750003 0.44234375000000004 0.250625 0.41640625 0.250625 0.41640625 0.28791666718750003 0.44234375000000004 0.28791666718750003
3 0.4625 0.2864583328125 0.4625 0.253125 0.44140625 0.253125 0.44140625 0.2864583328125 0.4625 0.2864583328125
3 0.4375 0.2852083328125 0.4375 0.3185416671875 0.46640625 0.3185416671875 0.46640625 0.2852083328125 0.4375 0.2852083328125
3 0.41156249999999994 0.29041666718750003 0.41156249999999994 0.3185416671875 0.44609375 0.3185416671875 0.44609375 0.29041666718750003 0.41156249999999994 0.29041666718750003
3 0.4615625 0.399375 0.4615625 0.349375 0.401875 0.349375 0.401875 0.399375 0.4615625 0.399375
3 0.45093750000000005 0.44166666718750003 0.45093750000000005 0.3891666671875 0.3903125 0.3891666671875 0.3903125 0.44166666718750003 0.45093750000000005 0.44166666718750003
3 0.45484375000000005 0.2929166671875 0.45484375000000005 0.3225 0.48078125 0.3225 0.48078125 0.2929166671875 0.45484375000000005 0.2929166671875
3 0.45093750000000005 0.253125 0.45093750000000005 0.2954166671875 0.476875 0.2954166671875 0.476875 0.253125 0.45093750000000005 0.253125
3 0.49234375 0.2839583328125 0.49234375 0.2608333328125 0.4721875 0.2608333328125 0.4721875 0.2839583328125 0.49234375 0.2839583328125
3 0.46734375000000006 0.37666666718749997 0.46734375000000006 0.40083333281250005 0.5001562500000001 0.40083333281250005 0.5001562500000001 0.37666666718749997 0.46734375000000006 0.37666666718749997
3 0.46109375 0.35 0.46109375 0.3772916671875 0.49515624999999996 0.3772916671875 0.49515624999999996 0.35 0.46109375 0.35
3 0.45062499999999994 0.3339583328125 0.45062499999999994 0.3545833328125 0.49781250000000005 0.3545833328125 0.49781250000000005 0.3339583328125 0.45062499999999994 0.3339583328125