3 0.71640625 0.6960416671874999 0.71640625 0.475 0.47828125000000005 0.475 0.47828125000000005 0.6960416671874999 0.71640625 0.6960416671874999
3 0.8128125 0.6947916671875001 0.8128125 0.5393749999999999 0.70921875 0.5393749999999999 0.70921875 0.6947916671875001 0.8128125 0.6947916671875001
3 0.8699999999999999 0.6947916671875001 0.8699999999999999 0.6079166671875 0.80890625 0.6079166671875 0.80890625 0.6947916671875001 0.8699999999999999 0.6947916671875001
3 0.99875 0.781875 0.99875 0.6072916671875 0.9271874999999999 0.6072916671875 0.9271874999999999 0.781875 0.99875 0.781875
3 0.819375 0.446875 0.819375 0.3464583328125 0.60625 0.3464583328125 0.60625 0.446875 0.819375 0.446875
3 0.88765625 0.4658333328125 0.88765625 0.3729166671875 0.81375 0.3729166671875 0.81375 0.4658333328125 0.88765625 0.4658333328125
3 0.9559374999999999 0.39375 0.9559374999999999 0.3445833328125 0.8109375 0.3445833328125 0.8109375 0.39375 0.9559374999999999 0.39375
3 0.9529687499999999 0.43166666718749996 0.9529687499999999 0.39 0.8692187499999999 0.39 0.8692187499999999 0.43166666718749996 0.9529687499999999 0.43166666718749996
3 0.9473437499999999 0.4733333328125 0.9473437499999999 0.4297916671875 0.87765625 0.4297916671875 0.87765625 0.4733333328125 0.9473437499999999 0.4733333328125
3 0.6190625 0.403125 0.6190625 0.2629166671875 0.36328125 0.2629166671875 0.36328125 0.403125 0.6190625 0.403125
3 0.2965625 0.340625 0.2965625 0.215625 0.1075 0.215625 0.1075 0.340625 0.2965625 0.340625
3 0.18 0.28770833281249997 0.18 0.10187500000000001 0.00234375 0.10187500000000001 0.00234375 0.28770833281249997 0.18 0.28770833281249997
3 0.0478125 0.7177083328125 0.0478125 0.5756249999999999 0.00375 0.5756249999999999 0.00375 0.7177083328125 0.0478125 0.7177083328125
3 0.278125 0.6989583328125 0.278125 0.599375 0.09578125 0.599375 0.09578125 0.6989583328125 0.278125 0.6989583328125
3 0.4996875 0.58125 0.4996875 0.5075000000000001 0.3434375 0.5075000000000001 0.3434375 0.58125 0.4996875 0.58125
3 0.49828124999999995 0.63625 0.49828124999999995 0.5775 0.3490625 0.5775 0.3490625 0.63625 0.49828124999999995 0.63625
3 0.5053124999999999 0.69875 0.5053124999999999 0.6439583328125 0.35328125 0.6439583328125 0.35328125 0.69875 0.5053124999999999 0.69875