1 0.9893750000000001 0.10187500000000001 0.9893750000000001 0.0185416671875 0.62015625 0.0185416671875 0.62015625 0.10187500000000001 0.9893750000000001 0.10187500000000001
3 0.48671875 0.2289583328125 0.48671875 0.053958332812499996 0.1990625 0.053958332812499996 0.1990625 0.2289583328125 0.48671875 0.2289583328125
3 0.83359375 0.3777083328125 0.83359375 0.1079166671875 0.6214062499999999 0.1079166671875 0.6214062499999999 0.3777083328125 0.83359375 0.3777083328125
3 0.9490624999999999 0.36312500000000003 0.9490624999999999 0.275 0.8285937499999999 0.275 0.8285937499999999 0.36312500000000003 0.9490624999999999 0.36312500000000003
3 0.9440625 0.41979166718750005 0.9440625 0.361875 0.8246874999999999 0.361875 0.8246874999999999 0.41979166718750005 0.9440625 0.41979166718750005
3 0.9875 0.44875 0.9875 0.3777083328125 0.93328125 0.3777083328125 0.93328125 0.44875 0.9875 0.44875
3 0.37671875 0.5131249999999999 0.37671875 0.23937499999999998 0.005625 0.23937499999999998 0.005625 0.5131249999999999 0.37671875 0.5131249999999999
3 0.57203125 0.5302083328125 0.57203125 0.32375 0.37374999999999997 0.32375 0.37374999999999997 0.5302083328125 0.57203125 0.5302083328125
3 0.3628125 0.6710416671874999 0.3628125 0.44604166718749994 0.0035937499999999997 0.44604166718749994 0.0035937499999999997 0.6710416671874999 0.3628125 0.6710416671874999
3 0.5740624999999999 0.660625 0.5740624999999999 0.47625 0.3696875 0.47625 0.3696875 0.660625 0.5740624999999999 0.660625
3 0.36078125 0.8487500000000001 0.36078125 0.6487499999999999 0.0017187500000000002 0.6487499999999999 0.0017187500000000002 0.8487500000000001 0.36078125 0.8487500000000001
3 0.568125 0.8039583328125 0.568125 0.6472916671875 0.36875 0.6472916671875 0.36875 0.8039583328125 0.568125 0.8039583328125
3 0.70234375 0.775 0.70234375 0.6420833328125 0.57890625 0.6420833328125 0.57890625 0.775 0.70234375 0.775
3 0.7693749999999999 0.7302083328125 0.7693749999999999 0.6012500000000001 0.6559375000000001 0.6012500000000001 0.6559375000000001 0.7302083328125 0.7693749999999999 0.7302083328125
3 0.6598437500000001 0.65 0.6598437500000001 0.5933333328125 0.59171875 0.5933333328125 0.59171875 0.65 0.6598437500000001 0.65
3 0.85234375 0.7170833328125 0.85234375 0.6289583328125 0.7654687499999999 0.6289583328125 0.7654687499999999 0.7170833328125 0.85234375 0.7170833328125
3 0.91640625 0.6341666671875 0.91640625 0.5237499999999999 0.70421875 0.5237499999999999 0.70421875 0.6341666671875 0.91640625 0.6341666671875
3 0.91640625 0.6920833328125 0.91640625 0.6118750000000001 0.8295312499999999 0.6118750000000001 0.8295312499999999 0.6920833328125 0.91640625 0.6920833328125
3 0.9628125000000001 0.62375 0.9628125000000001 0.5460416671874999 0.9154687499999999 0.5460416671874999 0.9154687499999999 0.62375 0.9628125000000001 0.62375
3 0.9559374999999999 0.67625 0.9559374999999999 0.6222916671875 0.91640625 0.6222916671875 0.91640625 0.67625 0.9559374999999999 0.67625
3 0.99828125 0.660625 0.99828125 0.6052083328125 0.97953125 0.6052083328125 0.97953125 0.660625 0.99828125 0.660625