1 0.5709375 0 0.5709375 0.0470833328125 0.6118750000000001 0.0470833328125 0.6118750000000001 0 0.5709375 0
1 0.5709375 0.08625000000000001 0.5709375 0.021041667187499998 0.535625 0.021041667187499998 0.535625 0.08625000000000001 0.5709375 0.08625000000000001
1 0.07921875 0.471875 0.07921875 0.436875 0.015625 0.436875 0.015625 0.471875 0.07921875 0.471875
3 0.99734375 0.47104166718749996 0.99734375 0.2527083328125 0.835625 0.2527083328125 0.835625 0.47104166718749996 0.99734375 0.47104166718749996
3 0.931875 0.0070833328125 0.931875 0.1845833328125 0.9953125 0.1845833328125 0.9953125 0.0070833328125 0.931875 0.0070833328125
3 0.87046875 0.0016666671875 0.87046875 0.045416667187499996 0.93390625 0.045416667187499996 0.93390625 0.0016666671875 0.87046875 0.0016666671875
3 0.93390625 0.0945833328125 0.93390625 0.0208333328125 0.8765625 0.0208333328125 0.8765625 0.0945833328125 0.93390625 0.0945833328125
3 0.9359375 0.1435416671875 0.9359375 0.0835416671875 0.8724999999999999 0.0835416671875 0.8724999999999999 0.1435416671875 0.9359375 0.1435416671875
3 0.9359375 0.19 0.9359375 0.1272916671875 0.8684375 0.1272916671875 0.8684375 0.19 0.9359375 0.19
3 0.7926562500000001 0.25 0.7926562500000001 0.1845833328125 0.72109375 0.1845833328125 0.72109375 0.25 0.7926562500000001 0.25
3 0.7271875 0.26916666718750004 0.7271875 0.1872916671875 0.6515625 0.1872916671875 0.6515625 0.26916666718750004 0.7271875 0.26916666718750004
3 0.78859375 0.4491666671875 0.78859375 0.3810416671875 0.73125 0.3810416671875 0.73125 0.4491666671875 0.78859375 0.4491666671875
3 0.650625 0.42437500000000006 0.650625 0.3727083328125 0.59546875 0.3727083328125 0.59546875 0.42437500000000006 0.650625 0.42437500000000006
3 0.6470312500000001 0.23583333281250002 0.6470312500000001 0.1922916671875 0.5873437499999999 0.1922916671875 0.5873437499999999 0.23583333281250002 0.6470312500000001 0.23583333281250002
3 0.6625 0.2735416671875 0.6625 0.22875 0.63890625 0.22875 0.63890625 0.2735416671875 0.6625 0.2735416671875
3 0.635 0.27749999999999997 0.635 0.241875 0.61515625 0.241875 0.61515625 0.27749999999999997 0.635 0.27749999999999997
3 0.62015625 0.2852083328125 0.62015625 0.24583333281250003 0.5915625 0.24583333281250003 0.5915625 0.2852083328125 0.62015625 0.2852083328125
3 0.59546875 0.2852083328125 0.59546875 0.2525 0.5815625 0.2525 0.5815625 0.2852083328125 0.59546875 0.2852083328125
3 0.599375 0.41958333281250004 0.599375 0.3735416671875 0.56984375 0.3735416671875 0.56984375 0.41958333281250004 0.599375 0.41958333281250004
3 0.57375 0.4102083328125 0.57375 0.3735416671875 0.5609375 0.3735416671875 0.5609375 0.4102083328125 0.57375 0.4102083328125
3 0.5628124999999999 0.4077083328125 0.5628124999999999 0.3852083328125 0.5440625 0.3852083328125 0.5440625 0.4077083328125 0.5628124999999999 0.4077083328125
3 0.06953125 0.32875 0.06953125 0.291875 0.0073437500000000005 0.291875 0.0073437500000000005 0.32875 0.06953125 0.32875
3 0.0665625 0.355 0.0665625 0.32875 0.0073437500000000005 0.32875 0.0073437500000000005 0.355 0.0665625 0.355
3 0.0625 0.38395833281249997 0.0625 0.3564583328125 0.01125 0.3564583328125 0.01125 0.38395833281249997 0.0625 0.38395833281249997
3 0.07046875 0.415625 0.07046875 0.38395833281249997 0.009218750000000001 0.38395833281249997 0.009218750000000001 0.415625 0.07046875 0.415625
3 0.07046875 0.4458333328125 0.07046875 0.415625 0.02109375 0.415625 0.02109375 0.4458333328125 0.07046875 0.4458333328125