1 0.66359375 0.7914583328125 0.66359375 0.6891666671875 0.5090625 0.6891666671875 0.5090625 0.7914583328125 0.66359375 0.7914583328125
1 0.7735937500000001 0.7572916671875001 0.7735937500000001 0.6783333328125 0.6560937499999999 0.6783333328125 0.6560937499999999 0.7572916671875001 0.7735937500000001 0.7572916671875001
1 0.81796875 0.7270833328124999 0.81796875 0.673125 0.76171875 0.673125 0.76171875 0.7270833328124999 0.81796875 0.7270833328124999
1 0.7821875 0.26395833281250003 0.7821875 0.1389583328125 0.686875 0.1389583328125 0.686875 0.26395833281250003 0.7821875 0.26395833281250003
1 0.8375 0.30375 0.8375 0.2241666671875 0.779375 0.2241666671875 0.779375 0.30375 0.8375 0.30375
1 0.19375 0.000625 0.19375 0.16354166718750002 0.47375 0.16354166718750002 0.47375 0.000625 0.19375 0.000625
4 0.45968749999999997 0.8860416671875001 0.45968749999999997 0.15270833281250001 0.16734374999999999 0.15270833281250001 0.16734374999999999 0.8860416671875001 0.45968749999999997 0.8860416671875001
4 0.5393749999999999 0.003125 0.5393749999999999 0.1916666671875 0.7153125 0.1916666671875 0.7153125 0.003125 0.5393749999999999 0.003125
4 0.9018750000000001 0.3635416671875 0.9018750000000001 0.032708332812500004 0.7576562499999999 0.032708332812500004 0.7576562499999999 0.3635416671875 0.9018750000000001 0.3635416671875
3 0.764375 0.5470833328125 0.764375 0.469375 0.66578125 0.469375 0.66578125 0.5470833328125 0.764375 0.5470833328125
1 0.0071874999999999994 0.3872916671875 0.0071874999999999994 0.4858333328125 0.181875 0.4858333328125 0.181875 0.3872916671875 0.0071874999999999994 0.3872916671875
1 0.00046875 0.8054166671875 0.00046875 0.9054166671875 0.15718749999999998 0.9054166671875 0.15718749999999998 0.8054166671875 0.00046875 0.8054166671875