1 0.9997395828125001 0.7506481484374999 0.9997395828125001 0.6403703703125 0.7329166671875 0.6403703703125 0.7329166671875 0.7506481484374999 0.9997395828125001 0.7506481484374999
1 0.9997395828125001 0.8890740734374999 0.9997395828125001 0.7570370375000001 0.7321875 0.7570370375000001 0.7321875 0.8890740734374999 0.9997395828125001 0.8890740734374999
1 0.9809895828125 0.26342592656249997 0.9809895828125 0.1609259265625 0.8980729171874999 0.1609259265625 0.8980729171874999 0.26342592656249997 0.9809895828125 0.26342592656249997
1 0.9954166671875001 0.22629629687500002 0.9954166671875001 0.155740740625 0.9766666671875001 0.155740740625 0.9766666671875001 0.22629629687500002 0.9954166671875001 0.22629629687500002
1 0.9023958328124999 0.2929629625 0.9023958328124999 0.223703703125 0.8389583328124999 0.223703703125 0.8389583328124999 0.2929629625 0.9023958328124999 0.2929629625
1 0.8101041671875 0.3173148140625 0.8101041671875 0.2699074078125 0.7466145828124999 0.2699074078125 0.7466145828124999 0.3173148140625 0.8101041671875 0.3173148140625
1 0.7466145828124999 0.335277778125 0.7466145828124999 0.2916666671875 0.71921875 0.2916666671875 0.71921875 0.335277778125 0.7466145828124999 0.335277778125
1 0.8043229171874999 0.214722221875 0.8043229171874999 0.1800925921875 0.74375 0.1800925921875 0.74375 0.214722221875 0.8043229171874999 0.214722221875
1 0.8035937499999999 0.004444443750000001 0.8035937499999999 0.0403703703125 0.8367708328125 0.0403703703125 0.8367708328125 0.004444443750000001 0.8035937499999999 0.004444443750000001
1 0.8035937499999999 0.08398148125 0.8035937499999999 0.005740740625 0.7690104171875001 0.005740740625 0.7690104171875001 0.08398148125 0.8035937499999999 0.08398148125
1 0.7711458328125 0.1390740734375 0.7711458328125 0.06601851875 0.7415625 0.06601851875 0.7415625 0.1390740734375 0.7711458328125 0.1390740734375
1 0.7415625 0.16472222187500002 0.7415625 0.11342592656249999 0.7178125 0.11342592656249999 0.7178125 0.16472222187500002 0.7415625 0.16472222187500002
1 0.3492708328125 0.21861111093750002 0.3492708328125 0.0890740734375 0.07453125000000001 0.0890740734375 0.07453125000000001 0.21861111093750002 0.3492708328125 0.21861111093750002
1 0.38244791718750004 0.246759259375 0.38244791718750004 0.1788888890625 0.3485416671875 0.1788888890625 0.3485416671875 0.246759259375 0.38244791718750004 0.246759259375
1 0.35578125 0.06731481406249999 0.35578125 0.1570370375 0.3853125 0.1570370375 0.3853125 0.06731481406249999 0.35578125 0.06731481406249999
1 0.0983333328125 0.0083333328125 0.0983333328125 0.0916666671875 0.3507291671875 0.0916666671875 0.3507291671875 0.0083333328125 0.0983333328125 0.0083333328125
3 0.0936458328125 0.7117592593750001 0.0936458328125 0.373703703125 0.0035416671875 0.373703703125 0.0035416671875 0.7117592593750001 0.0936458328125 0.7117592593750001
3 0.15437499999999998 0.991203703125 0.15437499999999998 0.923703703125 0.0196354171875 0.923703703125 0.0196354171875 0.991203703125 0.15437499999999998 0.991203703125
3 0.2433854171875 0.54555555625 0.2433854171875 0.43944444374999997 0.0909895828125 0.43944444374999997 0.0909895828125 0.54555555625 0.2433854171875 0.54555555625
3 0.24656250000000002 0.6384259265625001 0.24656250000000002 0.5190740734375 0.09203125 0.5190740734375 0.09203125 0.6384259265625001 0.24656250000000002 0.6384259265625001
3 0.2902604171875 0.5948148140625 0.2902604171875 0.5095370375 0.2422916671875 0.5095370375 0.2422916671875 0.5948148140625 0.2902604171875 0.5948148140625
3 0.21354166718749998 0.8771296296875001 0.21354166718749998 0.738796296875 0.08140625 0.738796296875 0.08140625 0.8771296296875001 0.21354166718749998 0.8771296296875001
3 0.2199479171875 0.9681481484375001 0.2199479171875 0.8430555562500001 0.0824479171875 0.8430555562500001 0.0824479171875 0.9681481484375001 0.2199479171875 0.9681481484375001
3 0.27749999999999997 0.7881481484374999 0.27749999999999997 0.6725 0.17515624999999999 0.6725 0.17515624999999999 0.7881481484374999 0.27749999999999997 0.7881481484374999
3 0.27749999999999997 0.875277778125 0.27749999999999997 0.7653703703125 0.1901041671875 0.7653703703125 0.1901041671875 0.875277778125 0.27749999999999997 0.875277778125
3 0.3680729171875 0.7539814812500001 0.3680729171875 0.579722221875 0.30093749999999997 0.579722221875 0.30093749999999997 0.7539814812500001 0.3680729171875 0.7539814812500001
3 0.3222395828125 0.7843518515625 0.3222395828125 0.704722221875 0.2753645828125 0.704722221875 0.2753645828125 0.7843518515625 0.3222395828125 0.7843518515625
3 0.3766145828125 0.5266666671875 0.3766145828125 0.416759259375 0.36276041718749996 0.416759259375 0.36276041718749996 0.5266666671875 0.3766145828125 0.5266666671875
3 0.3573958328125 0.4716666671875 0.3573958328125 0.42055555624999996 0.2913541671875 0.42055555624999996 0.2913541671875 0.4716666671875 0.3573958328125 0.4716666671875
3 0.35421874999999997 0.5038888890625 0.35421874999999997 0.4546296296875 0.2966666671875 0.4546296296875 0.2966666671875 0.5038888890625 0.35421874999999997 0.5038888890625
3 0.34890625000000003 0.541759259375 0.34890625000000003 0.49444444374999996 0.29984375 0.49444444374999996 0.29984375 0.541759259375 0.34890625000000003 0.541759259375
3 0.3883333328125 0.6516666671875 0.3883333328125 0.5891666671875 0.34890625000000003 0.5891666671875 0.34890625000000003 0.6516666671875 0.3883333328125 0.6516666671875
3 0.39046875000000003 0.67444444375 0.39046875000000003 0.632777778125 0.3713020828125 0.632777778125 0.3713020828125 0.67444444375 0.39046875000000003 0.67444444375
3 0.8988541671875 0.5114814812499999 0.8988541671875 0.46601851875 0.8572916671874999 0.46601851875 0.8572916671874999 0.5114814812499999 0.8988541671875 0.5114814812499999
3 0.8530208328125 0.5038888890625 0.8530208328125 0.47361111093749997 0.8295833328125 0.47361111093749997 0.8295833328125 0.5038888890625 0.8530208328125 0.5038888890625