1 0.62609375 0.7424999999999999 0.62609375 0.6591666671875 0.5930729171875 0.6591666671875 0.5930729171875 0.7424999999999999 0.62609375 0.7424999999999999
1 0.6826041671875 0.8221296296875 0.6826041671875 0.6913888890625 0.6250520828125 0.6913888890625 0.6250520828125 0.8221296296875 0.6826041671875 0.8221296296875
1 0.9884895828125 0.8998148140625 0.9884895828125 0.7538888890625 0.6879166671875 0.7538888890625 0.6879166671875 0.8998148140625 0.9884895828125 0.8998148140625
1 0.1475520828125 0.3256481484375 0.1475520828125 0.27074074062500003 0.00046875 0.27074074062500003 0.00046875 0.3256481484375 0.1475520828125 0.3256481484375
1 0.1475520828125 0.469722221875 0.1475520828125 0.40148148125 0.0015625 0.40148148125 0.0015625 0.469722221875 0.1475520828125 0.469722221875
1 0.28651041718750003 0.3631481484375 0.28651041718750003 0.3324074078125 0.2291145828125 0.3324074078125 0.2291145828125 0.3631481484375 0.28651041718750003 0.3631481484375
1 0.34817708281250004 0.3181481484375 0.34817708281250004 0.28638888906250004 0.2815625 0.28638888906250004 0.2815625 0.3181481484375 0.34817708281250004 0.3181481484375
1 0.34817708281250004 0.21944444375 0.34817708281250004 0.1833333328125 0.2833854171875 0.1833333328125 0.2833854171875 0.21944444375 0.34817708281250004 0.21944444375
1 0.2809375 0.20962962968749999 0.2809375 0.18222222187499998 0.2266666671875 0.18222222187499998 0.2266666671875 0.20962962968749999 0.2809375 0.20962962968749999
1 0.22359374999999998 0.21944444375 0.22359374999999998 0.18222222187499998 0.16312500000000002 0.18222222187499998 0.16312500000000002 0.21944444375 0.22359374999999998 0.21944444375
1 0.24640625 0.32148148125 0.24640625 0.2929629625 0.1668229171875 0.2929629625 0.1668229171875 0.32148148125 0.24640625 0.32148148125
1 0.2260416671875 0.3675 0.2260416671875 0.32805555625 0.15328124999999998 0.32805555625 0.15328124999999998 0.3675 0.2260416671875 0.3675
2 0.6053124999999999 0.6929629625 0.6053124999999999 0.423703703125 0.53171875 0.423703703125 0.53171875 0.6929629625 0.6053124999999999 0.6929629625
2 0.3456770828125 0.4686111109375 0.3456770828125 0.33398148125 0.2764583328125 0.33398148125 0.2764583328125 0.4686111109375 0.3456770828125 0.4686111109375
4 0.3521875 0.7199074078125001 0.3521875 0.4699074078125 0.1603125 0.4699074078125 0.1603125 0.7199074078125001 0.3521875 0.7199074078125001