1 0.35578125 0.0891666671875 0.35578125 0.1775 0.43359375 0.1775 0.43359375 0.0891666671875 0.35578125 0.0891666671875
1 0.36640625 0.153125 0.36640625 0.0852083328125 0.30671875000000004 0.0852083328125 0.30671875000000004 0.153125 0.36640625 0.153125
1 0.31062500000000004 0.1879166671875 0.31062500000000004 0.1339583328125 0.27015625 0.1339583328125 0.27015625 0.1879166671875 0.31062500000000004 0.1879166671875
1 0.36640625 0.22875 0.36640625 0.1608333328125 0.3096875 0.1608333328125 0.3096875 0.22875 0.36640625 0.22875
1 0.31437499999999996 0.2570833328125 0.31437499999999996 0.196875 0.275 0.196875 0.275 0.2570833328125 0.31437499999999996 0.2570833328125
1 0.27890625 0.2864583328125 0.27890625 0.22625 0.2346875 0.22625 0.2346875 0.2864583328125 0.27890625 0.2864583328125
2 0.0028125 0.4095833328125 0.0028125 0.5429166671875 0.0384375 0.5429166671875 0.0384375 0.4095833328125 0.0028125 0.4095833328125
3 0.99828125 0.2960416671875 0.99828125 0.160625 0.9175000000000001 0.160625 0.9175000000000001 0.2960416671875 0.99828125 0.2960416671875
3 0.9232812499999999 0.3579166671875 0.9232812499999999 0.234375 0.701875 0.234375 0.701875 0.3579166671875 0.9232812499999999 0.3579166671875
3 0.7190624999999999 0.38416666718750003 0.7190624999999999 0.27770833281249996 0.6095312500000001 0.27770833281249996 0.6095312500000001 0.38416666718750003 0.7190624999999999 0.38416666718750003
3 0.6125 0.3329166671875 0.6125 0.275 0.53421875 0.275 0.53421875 0.3329166671875 0.6125 0.3329166671875
3 0.6214062499999999 0.3670833328125 0.6214062499999999 0.3222916671875 0.5276562499999999 0.3222916671875 0.5276562499999999 0.3670833328125 0.6214062499999999 0.3670833328125
3 0.619375 0.41312499999999996 0.619375 0.3670833328125 0.52671875 0.3670833328125 0.52671875 0.41312499999999996 0.619375 0.41312499999999996
3 0.7731250000000001 0.655625 0.7731250000000001 0.5743750000000001 0.6131249999999999 0.5743750000000001 0.6131249999999999 0.655625 0.7731250000000001 0.655625
3 0.93921875 0.6039583328125 0.93921875 0.510625 0.72203125 0.510625 0.72203125 0.6039583328125 0.93921875 0.6039583328125
3 0.93921875 0.6527083328125001 0.93921875 0.6039583328125 0.76453125 0.6039583328125 0.76453125 0.6527083328125001 0.93921875 0.6527083328125001
3 0.999375 0.7262500000000001 0.999375 0.586875 0.9223437499999999 0.586875 0.9223437499999999 0.7262500000000001 0.999375 0.7262500000000001
3 0.60265625 0.586875 0.60265625 0.5433333328125001 0.505 0.5433333328125001 0.505 0.586875 0.60265625 0.586875
3 0.60265625 0.6368750000000001 0.60265625 0.5841666671875 0.5128125 0.5841666671875 0.5128125 0.6368750000000001 0.60265625 0.6368750000000001
3 0.5784374999999999 0.6289583328125 0.5784374999999999 0.506875 0.4625 0.506875 0.4625 0.6289583328125 0.5784374999999999 0.6289583328125
3 0.44765625 0.59875 0.44765625 0.5408333328125 0.39046875000000003 0.5408333328125 0.39046875000000003 0.59875 0.44765625 0.59875
3 0.45453124999999994 0.5447916671875 0.45453124999999994 0.48687500000000006 0.343125 0.48687500000000006 0.343125 0.5447916671875 0.45453124999999994 0.5447916671875
3 0.39828125000000003 0.5933333328125 0.39828125000000003 0.5447916671875 0.34796875 0.5447916671875 0.34796875 0.5933333328125 0.39828125000000003 0.5933333328125
3 0.35390625 0.6447916671875 0.35390625 0.5316666671875 0.24046875 0.5316666671875 0.24046875 0.6447916671875 0.35390625 0.6447916671875
3 0.40031249999999996 0.38687499999999997 0.40031249999999996 0.35 0.35890625 0.35 0.35890625 0.38687499999999997 0.40031249999999996 0.38687499999999997
3 0.40125 0.40395833281250004 0.40125 0.38687499999999997 0.3559375 0.38687499999999997 0.3559375 0.40395833281250004 0.40125 0.40395833281250004
3 0.38953125 0.43937499999999996 0.38953125 0.40791666718749997 0.355 0.40791666718749997 0.355 0.43937499999999996 0.38953125 0.43937499999999996
3 0.43390625 0.436875 0.43390625 0.38166666718750003 0.39046875000000003 0.38166666718750003 0.39046875000000003 0.436875 0.43390625 0.436875
3 0.47234375 0.40791666718749997 0.47234375 0.36062500000000003 0.43296875 0.36062500000000003 0.43296875 0.40791666718749997 0.47234375 0.40791666718749997
3 0.5384375 0.42374999999999996 0.5384375 0.3829166671875 0.4615625 0.3829166671875 0.4615625 0.42374999999999996 0.5384375 0.42374999999999996
3 0.47437500000000005 0.4341666671875 0.47437500000000005 0.40520833281249996 0.43296875 0.40520833281249996 0.43296875 0.4341666671875 0.47437500000000005 0.4341666671875
3 0.35390625 0.4091666671875 0.35390625 0.3777083328125 0.32328125 0.3777083328125 0.32328125 0.4091666671875 0.35390625 0.4091666671875
3 0.35390625 0.4408333328125 0.35390625 0.4091666671875 0.32734375 0.4091666671875 0.32734375 0.4408333328125 0.35390625 0.4408333328125
3 0.3253125 0.4658333328125 0.3253125 0.41979166718750005 0.28484375 0.41979166718750005 0.28484375 0.4658333328125 0.3253125 0.4658333328125
3 0.29171874999999997 0.475 0.29171874999999997 0.43562500000000004 0.24937499999999999 0.43562500000000004 0.24937499999999999 0.475 0.29171874999999997 0.475
3 0.30062500000000003 0.55 0.30062500000000003 0.4920833328125 0.24546874999999999 0.4920833328125 0.24546874999999999 0.55 0.30062500000000003 0.55