1 0.10359375 0 0.10359375 0.12125 0.441875 0.12125 0.441875 0 0.10359375 0
1 0.6793750000000001 0.21000000000000002 0.6793750000000001 0.074375 0.44484375 0.074375 0.44484375 0.21000000000000002 0.6793750000000001 0.21000000000000002
1 0 0.6895833328125 0.0840625 0.6895833328125 0.0840625 0.5854166671875001 0 0.5854166671875001 0 0.6895833328125
1 0.4290625 0.635 0.4290625 0.561875 0.2765625 0.561875 0.2765625 0.635 0.4290625 0.635
1 0.41937499999999994 0.3325 0.41937499999999994 0.31416666718749997 0.3725 0.31416666718749997 0.3725 0.3325 0.41937499999999994 0.3325
1 0.37046875 0.2804166671875 0.37046875 0.2972916671875 0.42328124999999994 0.2972916671875 0.42328124999999994 0.2804166671875 0.37046875 0.2804166671875
1 0.3596875 0.2920833328125 0.3596875 0.27 0.30109375 0.27 0.30109375 0.2920833328125 0.3596875 0.2920833328125
1 0.36359375 0.3285416671875 0.36359375 0.3064583328125 0.3040625 0.3064583328125 0.3040625 0.3285416671875 0.36359375 0.3285416671875
1 0.8309374999999999 0.346875 0.8309374999999999 0.27 0.69984375 0.27 0.69984375 0.346875 0.8309374999999999 0.346875
1 0.85640625 0.620625 0.85640625 0.5827083328125 0.77421875 0.5827083328125 0.77421875 0.620625 0.85640625 0.620625
1 0.7721875 0.7314583328125 0.7721875 0.6297916671875 0.6793750000000001 0.6297916671875 0.6793750000000001 0.7314583328125 0.7721875 0.7314583328125
1 0.11140625 0.896875 0.11140625 0.8016666671875001 0.0009375 0.8016666671875001 0.0009375 0.896875 0.11140625 0.896875
1 0.8435937499999999 0.0991666671875 0.8435937499999999 0.0014583328125 0.78 0.0014583328125 0.78 0.0991666671875 0.8435937499999999 0.0991666671875
4 0.27218749999999997 0.6352083328125 0.27218749999999997 0.303125 0.059687500000000004 0.303125 0.059687500000000004 0.6352083328125 0.27218749999999997 0.6352083328125