1 0.50890625 0.4579166671875 0.50890625 0.361875 0.1240625 0.361875 0.1240625 0.4579166671875 0.50890625 0.4579166671875
1 0.343125 0.688125 0.343125 0.5972916671874999 0.094375 0.5972916671874999 0.094375 0.688125 0.343125 0.688125
1 0.506875 0.6710416671874999 0.506875 0.5947916671875 0.3490625 0.5947916671875 0.3490625 0.6710416671874999 0.506875 0.6710416671874999
1 0.09640625 0.7197916671875 0.09640625 0.59875 0.0017187500000000002 0.59875 0.0017187500000000002 0.7197916671875 0.09640625 0.7197916671875
1 0.0035937499999999997 0.2552083328125 0.0035937499999999997 0.38687499999999997 0.12593749999999998 0.38687499999999997 0.12593749999999998 0.2552083328125 0.0035937499999999997 0.2552083328125
1 0.91640625 0.6381249999999999 0.91640625 0.5658333328125 0.6253124999999999 0.5658333328125 0.6253124999999999 0.6381249999999999 0.91640625 0.6381249999999999
1 0.89375 0.775 0.89375 0.6697916671875 0.63328125 0.6697916671875 0.63328125 0.775 0.89375 0.775
1 0.73 0.3135416671875 0.73 0.1695833328125 0.53953125 0.1695833328125 0.53953125 0.3135416671875 0.73 0.3135416671875
1 0.40031249999999996 0.033125 0.40031249999999996 0.17520833281249998 0.5309375000000001 0.17520833281249998 0.5309375000000001 0.033125 0.40031249999999996 0.033125
1 0.12593749999999998 0.0008333328124999999 0.12593749999999998 0.09375 0.39171875 0.09375 0.39171875 0.0008333328124999999 0.12593749999999998 0.0008333328124999999
1 0.6571875 0.49770833281250004 0.6571875 0.44125 0.52734375 0.44125 0.52734375 0.49770833281250004 0.6571875 0.49770833281250004