1 0.8427604171875 0.28296296249999997 0.8427604171875 0.24 0.74671875 0.24 0.74671875 0.28296296249999997 0.8427604171875 0.28296296249999997
1 0.9321875000000001 0.2803703703125 0.9321875000000001 0.2451851859375 0.8456770828125 0.2451851859375 0.8456770828125 0.2803703703125 0.9321875000000001 0.2803703703125
1 0.9996875 0.28555555625 0.9996875 0.24907407343750002 0.9278124999999999 0.24907407343750002 0.9278124999999999 0.28555555625 0.9996875 0.28555555625
1 0.3185416671875 0.6284259265625 0.3185416671875 0.543703703125 0.0384375 0.543703703125 0.0384375 0.6284259265625 0.3185416671875 0.6284259265625
1 0.3075520828125 0.887777778125 0.3075520828125 0.7626851859375 0.1872916671875 0.7626851859375 0.1872916671875 0.887777778125 0.3075520828125 0.887777778125
1 0.9996875 0.0431481484375 0.9996875 0.002777778125 0.9256249999999999 0.002777778125 0.9256249999999999 0.0431481484375 0.9996875 0.0431481484375
1 0.8266145828125 0.161759259375 0.8266145828125 0.1265740734375 0.7526041671875 0.1265740734375 0.7526041671875 0.161759259375 0.8266145828125 0.161759259375
1 0.7503645828125001 0.1956481484375 0.7503645828125001 0.11351851875 0.6359895828125001 0.11351851875 0.6359895828125001 0.1956481484375 0.7503645828125001 0.1956481484375
1 0.9087500000000001 0.16694444375 0.9087500000000001 0.12787037031249998 0.8310416671875 0.12787037031249998 0.8310416671875 0.16694444375 0.9087500000000001 0.16694444375
1 0.9725520828124999 0.1695370375 0.9725520828124999 0.14351851875 0.9168229171875 0.14351851875 0.9168229171875 0.1695370375 0.9725520828124999 0.1695370375
1 0.6076041671875 0.1666666671875 0.6076041671875 0.14398148125000002 0.5494791671875 0.14398148125000002 0.5494791671875 0.1666666671875 0.6076041671875 0.1666666671875
1 0.60546875 0.1809259265625 0.60546875 0.16138888906249999 0.5490104171875 0.16138888906249999 0.5490104171875 0.1809259265625 0.60546875 0.1809259265625
1 0.6080208328125 0.35750000000000004 0.6080208328125 0.32277777812499997 0.5396875 0.32277777812499997 0.5396875 0.35750000000000004 0.6080208328125 0.35750000000000004
1 0.6487499999999999 0.34694444375 0.6487499999999999 0.32805555625 0.61265625 0.32805555625 0.61265625 0.34694444375 0.6487499999999999 0.34694444375
1 0.5965625 0.4675925921875 0.5965625 0.44870370312499996 0.54734375 0.44870370312499996 0.54734375 0.4675925921875 0.5965625 0.4675925921875
1 0.6080208328125 0.48722222187500003 0.6080208328125 0.4653703703125 0.5465104171874999 0.4653703703125 0.5465104171874999 0.48722222187500003 0.6080208328125 0.48722222187500003
1 0.5354687499999999 0.6003703703125 0.5354687499999999 0.568703703125 0.46203125 0.568703703125 0.46203125 0.6003703703125 0.5354687499999999 0.6003703703125
1 0.43666666718749997 0.2821296296875 0.43666666718749997 0.27305555625 0.40864583281250005 0.27305555625 0.40864583281250005 0.2821296296875 0.43666666718749997 0.2821296296875
1 0.40760416718750003 0.2821296296875 0.40760416718750003 0.2708333328125 0.3765104171875 0.2708333328125 0.3765104171875 0.2821296296875 0.40760416718750003 0.2821296296875
1 0.3753125 0.2799074078125 0.3753125 0.2715740734375 0.3468229171875 0.2715740734375 0.3468229171875 0.2799074078125 0.3753125 0.2799074078125
1 0.3791666671875 0.34398148125 0.3791666671875 0.3326851859375 0.3507291671875 0.3326851859375 0.3507291671875 0.34398148125 0.3791666671875 0.34398148125
1 0.40822916718749996 0.343240740625 0.40822916718749996 0.33342592656250003 0.38140625 0.33342592656250003 0.38140625 0.343240740625 0.40822916718749996 0.343240740625
1 0.40822916718749996 0.36287037031249997 0.40822916718749996 0.35305555625 0.3818229171875 0.35305555625 0.3818229171875 0.36287037031249997 0.40822916718749996 0.36287037031249997
1 0.3808333328125 0.363240740625 0.3808333328125 0.3541666671875 0.3515625 0.3541666671875 0.3515625 0.363240740625 0.3808333328125 0.363240740625
1 0.4375 0.40546296249999997 0.4375 0.3945370375 0.4094791671875 0.3945370375 0.4094791671875 0.40546296249999997 0.4375 0.40546296249999997
1 0.40984375 0.4050925921875 0.40984375 0.393796296875 0.3802083328125 0.393796296875 0.3802083328125 0.4050925921875 0.40984375 0.4050925921875
1 0.3797916671875 0.4258333328125 0.3797916671875 0.41342592656250005 0.3544270828125 0.41342592656250005 0.3544270828125 0.4258333328125 0.3797916671875 0.4258333328125
1 0.4379166671875 0.42435185156250005 0.4379166671875 0.41305555624999996 0.41046875 0.41305555624999996 0.41046875 0.42435185156250005 0.4379166671875 0.42435185156250005
1 0.4092708328125 0.4236111109375 0.4092708328125 0.4145370375 0.3836979171875 0.4145370375 0.3836979171875 0.4236111109375 0.4092708328125 0.4236111109375
1 0.4379166671875 0.4421296296875 0.4379166671875 0.43194444374999996 0.41088541718749994 0.43194444374999996 0.41088541718749994 0.4421296296875 0.4379166671875 0.4421296296875
1 0.4102604171875 0.44398148125 0.4102604171875 0.4345370375 0.3855208328125 0.4345370375 0.3855208328125 0.44398148125 0.4102604171875 0.44398148125
1 0.37609375 0.4450925921875 0.37609375 0.43638888906249995 0.3533854171875 0.43638888906249995 0.3533854171875 0.4450925921875 0.37609375 0.4450925921875
1 0.40843749999999995 0.5 0.40843749999999995 0.48944444374999996 0.3888020828125 0.48944444374999996 0.3888020828125 0.5 0.40843749999999995 0.5
1 0.40760416718750003 0.519259259375 0.40760416718750003 0.508703703125 0.38859374999999996 0.508703703125 0.38859374999999996 0.519259259375 0.40760416718750003 0.519259259375
1 0.3748958328125 0.5025925921875001 0.3748958328125 0.4890740734375 0.3579166671875 0.4890740734375 0.3579166671875 0.5025925921875001 0.3748958328125 0.5025925921875001
2 0.7761979171875 0.7904629625 0.7761979171875 0.1775925921875 0.6198958328125 0.1775925921875 0.6198958328125 0.7904629625 0.7761979171875 0.7904629625
2 0.3636979171875 0.69555555625 0.3636979171875 0.44037037031250004 0.3117708328125 0.44037037031250004 0.3117708328125 0.69555555625 0.3636979171875 0.69555555625
2 0.3153645828125 0.3634259265625 0.3153645828125 0.5699074078125 0.37234375000000003 0.5699074078125 0.37234375000000003 0.3634259265625 0.3153645828125 0.3634259265625
4 0.6809895828125 0.676296296875 0.6809895828125 0.47240740781249996 0.528125 0.47240740781249996 0.528125 0.676296296875 0.6809895828125 0.676296296875
3 0.8204687500000001 0.5210185187499999 0.8204687500000001 0.47101851874999995 0.7464583328125001 0.47101851874999995 0.7464583328125001 0.5210185187499999 0.8204687500000001 0.5210185187499999
1 0.47072916718749996 0.465 0.47072916718749996 0.487777778125 0.5265625 0.487777778125 0.5265625 0.465 0.47072916718749996 0.465
1 0.4688541671875 0.455277778125 0.4688541671875 0.465 0.5265625 0.465 0.5265625 0.455277778125 0.4688541671875 0.455277778125
1 0.4688541671875 0.4373148140625 0.4688541671875 0.455277778125 0.5118750000000001 0.455277778125 0.5118750000000001 0.4373148140625 0.4688541671875 0.4373148140625
1 0.4643229171875 0.42592592656250006 0.4643229171875 0.4373148140625 0.5118750000000001 0.4373148140625 0.5118750000000001 0.42592592656250006 0.4643229171875 0.42592592656250006
1 0.4643229171875 0.40972222187499996 0.4643229171875 0.42592592656250006 0.5128125 0.42592592656250006 0.5128125 0.40972222187499996 0.4643229171875 0.40972222187499996