1 0.5403125 0.003125 0.5403125 0.1379166671875 0.79609375 0.1379166671875 0.79609375 0.003125 0.5403125 0.003125
1 0.62984375 0.1135416671875 0.62984375 0.2379166671875 0.8817187499999999 0.2379166671875 0.8817187499999999 0.1135416671875 0.62984375 0.1135416671875
1 0.8346875 0.203125 0.8346875 0.303125 0.91640625 0.303125 0.91640625 0.203125 0.8346875 0.203125
1 0.89140625 0.27875 0.89140625 0.3379166671875 0.94140625 0.3379166671875 0.94140625 0.27875 0.89140625 0.27875
1 0.9432812500000001 0.31604166718750004 0.9432812500000001 0.3608333328125 0.960625 0.3608333328125 0.960625 0.31604166718750004 0.9432812500000001 0.31604166718750004
1 0.8432812500000001 0.32875 0.8432812500000001 0.4058333328125 0.9278124999999999 0.4058333328125 0.9278124999999999 0.32875 0.8432812500000001 0.32875
1 0.9057812500000001 0.3879166671875 0.9057812500000001 0.4225 0.95 0.4225 0.95 0.3879166671875 0.9057812500000001 0.3879166671875
3 0.56015625 0.36062500000000003 0.56015625 0.17625 0.34015625 0.17625 0.34015625 0.36062500000000003 0.56015625 0.36062500000000003
3 0.6321875 0.39729166718750003 0.6321875 0.313125 0.5443749999999999 0.313125 0.5443749999999999 0.39729166718750003 0.6321875 0.39729166718750003
3 0.68953125 0.42895833281250006 0.68953125 0.3447916671875 0.6303124999999999 0.3447916671875 0.6303124999999999 0.42895833281250006 0.68953125 0.42895833281250006
3 0.70828125 0.42374999999999996 0.70828125 0.3697916671875 0.6696875 0.3697916671875 0.6696875 0.42374999999999996 0.70828125 0.42374999999999996
3 0.7457812500000001 0.44604166718749994 0.7457812500000001 0.3591666671875 0.68453125 0.3591666671875 0.68453125 0.44604166718749994 0.7457812500000001 0.44604166718749994
3 0.7675 0.4527083328125 0.7675 0.4066666671875 0.73984375 0.4066666671875 0.73984375 0.4527083328125 0.7675 0.4527083328125
3 0.55859375 0.7079166671875 0.55859375 0.5958333328125 0.39046875000000003 0.5958333328125 0.39046875000000003 0.7079166671875 0.55859375 0.7079166671875
3 0.36078125 0.7683333328125 0.36078125 0.361875 0.10921875 0.361875 0.10921875 0.7683333328125 0.36078125 0.7683333328125
3 0.145 0.46312499999999995 0.145 0.2716666671875 0.00296875 0.2716666671875 0.00296875 0.46312499999999995 0.145 0.46312499999999995
3 0.11953125 0.6316666671875 0.11953125 0.4575 0.0015625 0.4575 0.0015625 0.6316666671875 0.11953125 0.6316666671875
3 0.11953125 0.7927083328125 0.11953125 0.6241666671874999 0.00296875 0.6241666671874999 0.00296875 0.7927083328125 0.11953125 0.7927083328125
3 0.00015625 0.0045833328125 0.00015625 0.228125 0.2203125 0.228125 0.2203125 0.0045833328125 0.00015625 0.0045833328125
3 0.3440625 0.290625 0.3440625 0.1277083328125 0.19765625 0.1277083328125 0.19765625 0.290625 0.3440625 0.290625
3 0.7759375000000001 0.6602083328125 0.7759375000000001 0.5825 0.7134375000000001 0.5825 0.7134375000000001 0.6602083328125 0.7759375000000001 0.6602083328125
3 0.81015625 0.6204166671875 0.81015625 0.525625 0.74765625 0.525625 0.74765625 0.6204166671875 0.81015625 0.6204166671875
3 0.85703125 0.4877083328125 0.85703125 0.44604166718749994 0.8129687499999999 0.44604166718749994 0.8129687499999999 0.4877083328125 0.85703125 0.4877083328125
3 0.8996875 0.46875 0.8996875 0.41958333281250004 0.8370312500000001 0.41958333281250004 0.8370312500000001 0.46875 0.8996875 0.46875
3 0.8953125 0.521875 0.8953125 0.465 0.8456250000000001 0.465 0.8456250000000001 0.521875 0.8953125 0.521875
3 0.866875 0.6185416671875 0.866875 0.5237499999999999 0.80015625 0.5237499999999999 0.80015625 0.6185416671875 0.866875 0.6185416671875