1 0.74296875 0 0.74296875 0.0810416671875 0.8339062500000001 0.0810416671875 0.8339062500000001 0 0.74296875 0
1 0.746875 0.14875 0.746875 0.026250000000000002 0.67640625 0.026250000000000002 0.67640625 0.14875 0.746875 0.14875
1 0.6775 0.18125 0.6775 0.08875 0.62171875 0.08875 0.62171875 0.18125 0.6775 0.18125
1 0.62171875 0.2060416671875 0.62171875 0.15 0.5923437500000001 0.15 0.5923437500000001 0.2060416671875 0.62171875 0.2060416671875
1 0.594375 0.226875 0.594375 0.1720833328125 0.5709375 0.1720833328125 0.5709375 0.226875 0.594375 0.226875
1 0.08890624999999999 0.5385416671875001 0.08890624999999999 0.469375 0.025312499999999998 0.469375 0.025312499999999998 0.5385416671875001 0.08890624999999999 0.5385416671875001
1 0.09281249999999999 0.42104166718749997 0.09281249999999999 0.3664583328125 0.024375 0.3664583328125 0.024375 0.42104166718749997 0.09281249999999999 0.42104166718749997
1 0.08703125 0 0.08703125 0.06 0.13968750000000002 0.06 0.13968750000000002 0 0.08703125 0
1 0.17296875 0.10187500000000001 0.17296875 0.040625 0.13874999999999998 0.040625 0.13874999999999998 0.10187500000000001 0.17296875 0.10187500000000001
1 0.2296875 0.1564583328125 0.2296875 0.1108333328125 0.20140625 0.1108333328125 0.20140625 0.1564583328125 0.2296875 0.1564583328125
1 0.26296875000000003 0.1916666671875 0.26296875000000003 0.16312500000000002 0.24234375 0.16312500000000002 0.24234375 0.1916666671875 0.26296875000000003 0.1916666671875
1 0.34796875 0.40416666718750005 0.34796875 0.38333333281250004 0.2815625 0.38333333281250004 0.2815625 0.40416666718750005 0.34796875 0.40416666718750005
1 0.41156249999999994 0.40541666718749997 0.41156249999999994 0.3860416671875 0.34890625000000003 0.3860416671875 0.34890625000000003 0.40541666718749997 0.41156249999999994 0.40541666718749997
1 0.47609375 0.40416666718750005 0.47609375 0.3845833328125 0.4125 0.3845833328125 0.4125 0.40416666718750005 0.47609375 0.40416666718750005
1 0.83859375 0.5495833328125 0.83859375 0.4747916671875 0.68671875 0.4747916671875 0.68671875 0.5495833328125 0.83859375 0.5495833328125
1 0.8821875 0.56125 0.8821875 0.499375 0.8357812499999999 0.499375 0.8357812499999999 0.56125 0.8821875 0.56125
1 0.63671875 0.3497916671875 0.63671875 0.3177083328125 0.5784374999999999 0.3177083328125 0.5784374999999999 0.3497916671875 0.63671875 0.3497916671875
1 0.6364062500000001 0.476875 0.6364062500000001 0.4441666671875 0.5990624999999999 0.4441666671875 0.5990624999999999 0.476875 0.6364062500000001 0.476875
1 0.6014062499999999 0.4608333328125 0.6014062499999999 0.4302083328125 0.57921875 0.4302083328125 0.57921875 0.4608333328125 0.6014062499999999 0.4608333328125
1 0.58078125 0.446875 0.58078125 0.4204166671875 0.56015625 0.4204166671875 0.56015625 0.446875 0.58078125 0.446875
4 1 0.0083333328125 0.8634375000000001 0.0083333328125 0.8634375000000001 0.6993750000000001 1 0.6993750000000001 1 0.0083333328125