1 0.8027083328125 0.6828703703125 0.8027083328125 0.5525925921875 0.6346875 0.5525925921875 0.6346875 0.6828703703125 0.8027083328125 0.6828703703125
1 0.77015625 0.8525925921875 0.77015625 0.6841666671875 0.6251041671875 0.6841666671875 0.6251041671875 0.8525925921875 0.77015625 0.8525925921875
1 0.9995312500000001 0.9925 0.9995312500000001 0.8333333328125001 0.7693229171875 0.8333333328125001 0.7693229171875 0.9925 0.9995312500000001 0.9925
1 0.9969791671875001 0.803796296875 0.9969791671875001 0.5718518515625 0.7654687499999999 0.5718518515625 0.7654687499999999 0.803796296875 0.9969791671875001 0.803796296875
1 0.7974479171875 0.0034259265625 0.7974479171875 0.10574074062500001 0.99828125 0.10574074062500001 0.99828125 0.0034259265625 0.7974479171875 0.0034259265625
1 0.826875 0.17851851875 0.826875 0.023888889062499998 0.62734375 0.023888889062499998 0.62734375 0.17851851875 0.826875 0.17851851875
1 0.62734375 0.2058333328125 0.62734375 0.0943518515625 0.52890625 0.0943518515625 0.52890625 0.2058333328125 0.62734375 0.2058333328125
1 0.7258333328125001 0.367222221875 0.7258333328125001 0.317222221875 0.5391145828125 0.317222221875 0.5391145828125 0.367222221875 0.7258333328125001 0.367222221875
1 0.54296875 0.392222221875 0.54296875 0.326296296875 0.46364583281250005 0.326296296875 0.46364583281250005 0.392222221875 0.54296875 0.392222221875
1 0.5467708328125 0.4786111109375 0.5467708328125 0.417222221875 0.46749999999999997 0.417222221875 0.46749999999999997 0.4786111109375 0.5467708328125 0.4786111109375
1 0.5404166671875 0.6537037031249999 0.5404166671875 0.5673148140625 0.46875 0.5673148140625 0.46875 0.6537037031249999 0.5404166671875 0.6537037031249999
1 0.47390625000000003 0.5946296296875 0.47390625000000003 0.5286111109375 0.42786458281249995 0.5286111109375 0.42786458281249995 0.5946296296875 0.47390625000000003 0.5946296296875
1 0.0894791671875 0.41907407343749997 0.0894791671875 0.381203703125 0.00953125 0.381203703125 0.00953125 0.41907407343749997 0.0894791671875 0.41907407343749997
1 0.0921354171875 0.45222222187499994 0.0921354171875 0.41907407343749997 0.0113020828125 0.41907407343749997 0.0113020828125 0.45222222187499994 0.0921354171875 0.45222222187499994
1 0.5361979171875 0.1159259265625 0.5361979171875 0.033796296875 0.45890624999999996 0.033796296875 0.45890624999999996 0.1159259265625 0.5361979171875 0.1159259265625
1 0.5326562499999999 0.22324074062500002 0.5326562499999999 0.152222221875 0.4625 0.152222221875 0.4625 0.22324074062500002 0.5326562499999999 0.22324074062500002
1 0.4633854171875 0.242222221875 0.4633854171875 0.17907407343749998 0.41453125 0.17907407343749998 0.41453125 0.242222221875 0.4633854171875 0.242222221875
1 0.41453125 0.2453703703125 0.41453125 0.19805555625 0.3825520828125 0.19805555625 0.3825520828125 0.2453703703125 0.41453125 0.2453703703125
1 0.53 0.0037962968749999998 0.53 0.0590740734375 0.64546875 0.0590740734375 0.64546875 0.0037962968749999998 0.53 0.0037962968749999998
1 0.40864583281250005 0.12 0.40864583281250005 0.0651851859375 0.3536458328125 0.0651851859375 0.3536458328125 0.12 0.40864583281250005 0.12
1 0.38703125 0.17851851875 0.38703125 0.1383333328125 0.3556770828125 0.1383333328125 0.3556770828125 0.17851851875 0.38703125 0.17851851875
1 0.38395833281249997 0.2515740734375 0.38395833281249997 0.2150925921875 0.3572395828125 0.2150925921875 0.3572395828125 0.2515740734375 0.38395833281249997 0.2515740734375
1 0.35671875000000003 0.19953703750000001 0.35671875000000003 0.1611111109375 0.3397395828125 0.1611111109375 0.3397395828125 0.19953703750000001 0.35671875000000003 0.19953703750000001
1 0.3561979171875 0.13287037031249999 0.3561979171875 0.0981481484375 0.33921875 0.0981481484375 0.33921875 0.13287037031249999 0.3561979171875 0.13287037031249999
1 0.3613541671875 0.256203703125 0.3613541671875 0.2196296296875 0.3413020828125 0.2196296296875 0.3413020828125 0.256203703125 0.3613541671875 0.256203703125
1 0.34078125 0.1976851859375 0.34078125 0.1648148140625 0.3207291671875 0.1648148140625 0.3207291671875 0.1976851859375 0.34078125 0.1976851859375
1 0.3418229171875 0.25888888906249996 0.3418229171875 0.229722221875 0.3222916671875 0.229722221875 0.3222916671875 0.25888888906249996 0.3418229171875 0.25888888906249996
1 0.3222916671875 0.2104629625 0.3222916671875 0.18398148125 0.3022395828125 0.18398148125 0.3022395828125 0.2104629625 0.3222916671875 0.2104629625
1 0.33151041718749996 0.16388888906250001 0.33151041718749996 0.1374074078125 0.30375 0.1374074078125 0.30375 0.16388888906250001 0.33151041718749996 0.16388888906250001
1 0.3011979171875 0.18490740781249998 0.3011979171875 0.160277778125 0.2827083328125 0.160277778125 0.2827083328125 0.18490740781249998 0.3011979171875 0.18490740781249998
1 0.2976041671875 0.22601851874999998 0.2976041671875 0.21138888906250003 0.28578125 0.21138888906250003 0.28578125 0.22601851874999998 0.2976041671875 0.22601851874999998
1 0.3202083328125 0.266203703125 0.3202083328125 0.2370370375 0.30994791718750003 0.2370370375 0.30994791718750003 0.266203703125 0.3202083328125 0.266203703125
1 0.30890625 0.2671296296875 0.30890625 0.2406481484375 0.2996875 0.2406481484375 0.2996875 0.2671296296875 0.30890625 0.2671296296875
1 0.2976041671875 0.27444444375 0.2976041671875 0.2515740734375 0.2852604171875 0.2515740734375 0.2852604171875 0.27444444375 0.2976041671875 0.27444444375
1 0.3310416671875 0.3320370375 0.3310416671875 0.3100925921875 0.2832291671875 0.3100925921875 0.2832291671875 0.3320370375 0.3310416671875 0.3320370375
1 0.2878645828125 0.2625925921875 0.2878645828125 0.238796296875 0.2693229171875 0.238796296875 0.2693229171875 0.2625925921875 0.2878645828125 0.2625925921875
1 0.32828124999999997 0.00055555625 0.32828124999999997 0.02555555625 0.36604166718750003 0.02555555625 0.36604166718750003 0.00055555625 0.32828124999999997 0.00055555625
1 0.33421875 0.067222221875 0.33421875 0.0050925921875 0.3126041671875 0.0050925921875 0.3126041671875 0.067222221875 0.33421875 0.067222221875
1 0.3038541671875 0.09638888906250001 0.3038541671875 0.06629629687500001 0.2910416671875 0.06629629687500001 0.2910416671875 0.09638888906250001 0.3038541671875 0.09638888906250001
1 0.29 0.12203703749999999 0.29 0.0818518515625 0.28072916718749996 0.0818518515625 0.28072916718749996 0.12203703749999999 0.29 0.12203703749999999
2 0.30671875000000004 0.4583333328125 0.30671875000000004 0.2673148140625 0.25625 0.2673148140625 0.25625 0.4583333328125 0.30671875000000004 0.4583333328125
4 0.7372395828125 0.74555555625 0.7372395828125 0.353240740625 0.5303125 0.353240740625 0.5303125 0.74555555625 0.7372395828125 0.74555555625
4 0.3860416671875 0.4609259265625 0.3860416671875 0.31222222187500004 0.2915625 0.31222222187500004 0.2915625 0.4609259265625 0.3860416671875 0.4609259265625
4 0.2959375 0.44555555625 0.2959375 0.3134259265625 0.284375 0.3134259265625 0.284375 0.44555555625 0.2959375 0.44555555625
4 0.28869791718750004 0.003240740625 0.28869791718750004 0.0929629625 0.3261979171875 0.0929629625 0.3261979171875 0.003240740625 0.28869791718750004 0.003240740625