1 0.8009375000000001 0.8904166671875 0.8009375000000001 0.6070833328125 0.2625 0.6070833328125 0.2625 0.8904166671875 0.8009375000000001 0.8904166671875
1 0.7884375 0.9904166671875 0.7884375 0.7570833328125001 0.28078125 0.7570833328125001 0.28078125 0.9904166671875 0.7884375 0.9904166671875
1 0.19140625 0.9954166671875001 0.19140625 0.8839583328125 0.001875 0.8839583328125 0.001875 0.9954166671875001 0.19140625 0.9954166671875001
1 0.45578124999999997 0.02375 0.45578124999999997 0.1570833328125 0.6 0.1570833328125 0.6 0.02375 0.45578124999999997 0.02375
1 0.2865625 0.0045833328125 0.2865625 0.075 0.45484375000000005 0.075 0.45484375000000005 0.0045833328125 0.2865625 0.0045833328125
1 0.70140625 0.1966666671875 0.70140625 0.1120833328125 0.45859375 0.1120833328125 0.45859375 0.1966666671875 0.70140625 0.1966666671875
1 0.6965625 0.2735416671875 0.6965625 0.20187499999999997 0.4971875 0.20187499999999997 0.4971875 0.2735416671875 0.6965625 0.2735416671875
1 0.7535937500000001 0.2960416671875 0.7535937500000001 0.23937499999999998 0.6965625 0.23937499999999998 0.6965625 0.2960416671875 0.7535937500000001 0.2960416671875
1 0.7887500000000001 0.30874999999999997 0.7887500000000001 0.26395833281250003 0.751875 0.26395833281250003 0.751875 0.30874999999999997 0.7887500000000001 0.30874999999999997
1 0.70140625 0.1602083328125 0.70140625 0.216875 0.7590625 0.216875 0.7590625 0.1602083328125 0.70140625 0.1602083328125
1 0.7446875000000001 0.15812500000000002 0.7446875000000001 0.2008333328125 0.82484375 0.2008333328125 0.82484375 0.15812500000000002 0.7446875000000001 0.15812500000000002
1 0.69578125 0.10145833281250001 0.69578125 0.155 0.82 0.155 0.82 0.10145833281250001 0.69578125 0.10145833281250001
1 0.711875 0.0020833328125000002 0.711875 0.0385416671875 0.78 0.0385416671875 0.78 0.0020833328125000002 0.711875 0.0020833328125000002
1 0.76390625 0.0372916671875 0.76390625 0.08979166718750001 0.81609375 0.08979166718750001 0.81609375 0.0372916671875 0.76390625 0.0372916671875
1 0.8040625 0.0725 0.8040625 0.1222916671875 0.83953125 0.1222916671875 0.83953125 0.0725 0.8040625 0.0725
1 0.8215625 0.18562499999999998 0.8215625 0.22291666718749997 0.8474999999999999 0.22291666718749997 0.8474999999999999 0.18562499999999998 0.8215625 0.18562499999999998
1 0.81953125 0.1454166671875 0.81953125 0.1739583328125 0.83953125 0.1739583328125 0.83953125 0.1454166671875 0.81953125 0.1454166671875
1 0.7775000000000001 0.213125 0.7775000000000001 0.255 0.8262499999999999 0.255 0.8262499999999999 0.213125 0.7775000000000001 0.213125
1 0.81484375 0.2389583328125 0.81484375 0.2664583328125 0.8474999999999999 0.2664583328125 0.8474999999999999 0.2389583328125 0.81484375 0.2389583328125
1 0.8435937499999999 0.2647916671875 0.8435937499999999 0.284375 0.8574999999999999 0.284375 0.8574999999999999 0.2647916671875 0.8435937499999999 0.2647916671875
1 0.8409375000000001 0.2095833328125 0.8409375000000001 0.2370833328125 0.8615625 0.2370833328125 0.8615625 0.2095833328125 0.8409375000000001 0.2095833328125
1 0.75 0.5229166671875001 0.75 0.46770833281249996 0.6832812500000001 0.46770833281249996 0.6832812500000001 0.5229166671875001 0.75 0.5229166671875001
1 0.7940625 0.525625 0.7940625 0.4891666671875 0.73265625 0.4891666671875 0.73265625 0.525625 0.7940625 0.525625
1 0.7921875 0.54875 0.7921875 0.5104166671875 0.73875 0.5104166671875 0.73875 0.54875 0.7921875 0.54875
1 0.8201562499999999 0.5541666671875001 0.8201562499999999 0.5131249999999999 0.78015625 0.5131249999999999 0.78015625 0.5541666671875001 0.8201562499999999 0.5541666671875001
1 0.84546875 0.5345833328125 0.84546875 0.49895833281249996 0.80953125 0.49895833281249996 0.80953125 0.5345833328125 0.84546875 0.5345833328125
1 0.95703125 0.5372916671875 0.95703125 0.49895833281249996 0.8703125 0.49895833281249996 0.8703125 0.5372916671875 0.95703125 0.5372916671875
1 0.8574999999999999 0.2816666671875 0.8574999999999999 0.2995833328125 0.87765625 0.2995833328125 0.87765625 0.2816666671875 0.8574999999999999 0.2816666671875
1 0.8582812499999999 0.2335416671875 0.8582812499999999 0.25666666718750003 0.875625 0.25666666718750003 0.875625 0.2335416671875 0.8582812499999999 0.2335416671875
2 0.9990625 0.49291666718749994 0.9990625 0.37374999999999997 0.95671875 0.37374999999999997 0.95671875 0.49291666718749994 0.9990625 0.49291666718749994
2 0.89609375 0.2941666671875 0.89609375 0.453125 0.95 0.453125 0.95 0.2941666671875 0.89609375 0.2941666671875
3 0.33921875 0.4341666671875 0.33921875 0.36062500000000003 0.20203125000000002 0.36062500000000003 0.20203125000000002 0.4341666671875 0.33921875 0.4341666671875
3 0.33515625 0.3960416671875 0.33515625 0.2710416671875 0.1940625 0.2710416671875 0.1940625 0.3960416671875 0.33515625 0.3960416671875
3 0.530625 0.3697916671875 0.530625 0.29874999999999996 0.40234375 0.29874999999999996 0.40234375 0.3697916671875 0.530625 0.3697916671875
3 0.525625 0.43562500000000004 0.525625 0.36062500000000003 0.3490625 0.36062500000000003 0.3490625 0.43562500000000004 0.525625 0.43562500000000004
3 0.58515625 0.41312499999999996 0.58515625 0.31604166718750004 0.5246875 0.31604166718750004 0.5246875 0.41312499999999996 0.58515625 0.41312499999999996
3 0.26609375 0.69875 0.26609375 0.5920833328125 0.16046875 0.5920833328125 0.16046875 0.69875 0.26609375 0.69875
3 0.12593749999999998 0.7183333328125 0.12593749999999998 0.5197916671875 0.0075 0.5197916671875 0.0075 0.7183333328125 0.12593749999999998 0.7183333328125
3 0.09828125 0.44333333281250004 0.09828125 0.3722916671875 0.025312499999999998 0.3722916671875 0.025312499999999998 0.44333333281250004 0.09828125 0.44333333281250004
3 0.03421875 0.403125 0.03421875 0.3289583328125 0.00125 0.3289583328125 0.00125 0.403125 0.03421875 0.403125