1 0.78296875 0.073125 0.78296875 0.16833333281250001 0.9276562500000001 0.16833333281250001 0.9276562500000001 0.073125 0.78296875 0.073125
1 0.26390625 0.1108333328125 0.26390625 0.017083332812499998 0.0625 0.017083332812499998 0.0625 0.1108333328125 0.26390625 0.1108333328125
1 0 0.13187500000000002 0.0625 0.13187500000000002 0.0625 0.06395833281249999 0 0.06395833281249999 0 0.13187500000000002
1 0.53171875 0.0652083328125 0.53171875 0.032708332812500004 0.32453125 0.032708332812500004 0.32453125 0.0652083328125 0.53171875 0.0652083328125
1 0.77421875 0.10958333281249999 0.77421875 0.0158333328125 0.55234375 0.0158333328125 0.55234375 0.10958333281249999 0.77421875 0.10958333281249999
3 0.77046875 0.46708333281250003 0.77046875 0.3933333328125 0.61640625 0.3933333328125 0.61640625 0.46708333281250003 0.77046875 0.46708333281250003
3 0.7732812499999999 0.5420833328125 0.7732812499999999 0.4658333328125 0.6559375000000001 0.4658333328125 0.6559375000000001 0.5420833328125 0.7732812499999999 0.5420833328125
3 0.65796875 0.5408333328125 0.65796875 0.4527083328125 0.48218750000000005 0.4527083328125 0.48218750000000005 0.5408333328125 0.65796875 0.5408333328125
3 0.48515625 0.5183333328125 0.48515625 0.4447916671875 0.40031249999999996 0.4447916671875 0.40031249999999996 0.5183333328125 0.48515625 0.5183333328125
3 0.40421874999999996 0.45125000000000004 0.40421874999999996 0.37374999999999997 0.263125 0.37374999999999997 0.263125 0.45125000000000004 0.40421874999999996 0.45125000000000004
3 0.40234375 0.5316666671875 0.40234375 0.44729166718749996 0.268125 0.44729166718749996 0.268125 0.5316666671875 0.40234375 0.5316666671875
3 0.230625 0.514375 0.230625 0.3341666671875 0.11421875 0.3341666671875 0.11421875 0.514375 0.230625 0.514375
3 0.1121875 0.44729166718749996 0.1121875 0.3802083328125 0.01640625 0.3802083328125 0.01640625 0.44729166718749996 0.1121875 0.44729166718749996
3 0.118125 0.5066666671875 0.118125 0.44729166718749996 0.02328125 0.44729166718749996 0.02328125 0.5066666671875 0.118125 0.5066666671875
3 0.17328125 0.660625 0.17328125 0.57375 0.059843749999999994 0.57375 0.059843749999999994 0.660625 0.17328125 0.660625
3 0.13 0.7289583328125 0.13 0.65125 0.05890625000000001 0.65125 0.05890625000000001 0.7289583328125 0.13 0.7289583328125
3 0.2621875 0.7433333328125 0.2621875 0.635625 0.12593749999999998 0.635625 0.12593749999999998 0.7433333328125 0.2621875 0.7433333328125
3 0.07671875 0.7079166671875 0.07671875 0.6066666671875 0.0017187500000000002 0.6066666671875 0.0017187500000000002 0.7079166671875 0.07671875 0.7079166671875
3 0.39546875 0.760625 0.39546875 0.6277083328125 0.26421875 0.6277083328125 0.26421875 0.760625 0.39546875 0.760625
3 0.58 0.7683333328125 0.58 0.6433333328125 0.436875 0.6433333328125 0.436875 0.7683333328125 0.58 0.7683333328125
3 0.7003125 0.7658333328125 0.7003125 0.6487499999999999 0.5582812500000001 0.6487499999999999 0.5582812500000001 0.7658333328125 0.7003125 0.7658333328125
3 0.7940625 0.6368750000000001 0.7940625 0.5710416671874999 0.6825 0.5710416671874999 0.6825 0.6368750000000001 0.7940625 0.6368750000000001
3 0.79609375 0.6933333328125 0.79609375 0.6420833328125 0.6815625 0.6420833328125 0.6815625 0.6933333328125 0.79609375 0.6933333328125
3 0.7892187500000001 0.7618750000000001 0.7892187500000001 0.688125 0.70125 0.688125 0.70125 0.7618750000000001 0.7892187500000001 0.7618750000000001
3 0.85421875 0.760625 0.85421875 0.686875 0.78515625 0.686875 0.78515625 0.760625 0.85421875 0.760625
3 0.78515625 0.639375 0.78515625 0.70125 0.8571875 0.70125 0.8571875 0.639375 0.78515625 0.639375
3 0.7931250000000001 0.5789583328125001 0.7931250000000001 0.6368750000000001 0.8621874999999999 0.6368750000000001 0.8621874999999999 0.5789583328125001 0.7931250000000001 0.5789583328125001
3 0.94703125 0.739375 0.94703125 0.57625 0.84828125 0.57625 0.84828125 0.739375 0.94703125 0.739375
3 0.89671875 0.536875 0.89671875 0.460625 0.78515625 0.460625 0.78515625 0.536875 0.89671875 0.536875
3 0.9509375 0.5447916671875 0.9509375 0.489375 0.8800000000000001 0.489375 0.8800000000000001 0.5447916671875 0.9509375 0.5447916671875
3 0.99828125 0.55 0.99828125 0.47375 0.95 0.47375 0.95 0.55 0.99828125 0.55
3 0.99828125 0.7170833328125 0.99828125 0.635625 0.961875 0.635625 0.961875 0.7170833328125 0.99828125 0.7170833328125