3 0.77046875 0.40125 0.77046875 0.1302083328125 0.47734375 0.1302083328125 0.47734375 0.40125 0.77046875 0.40125
3 0.17328125 0.1277083328125 0.17328125 0.3329166671875 0.5118750000000001 0.3329166671875 0.5118750000000001 0.1277083328125 0.17328125 0.1277083328125
3 0.37078125 0.764375 0.37078125 0.6033333328125 0.11968749999999999 0.6033333328125 0.11968749999999999 0.764375 0.37078125 0.764375
3 0.5353125000000001 0.7341666671875 0.5353125000000001 0.6166666671875001 0.36484375 0.6166666671875001 0.36484375 0.7341666671875 0.5353125000000001 0.7341666671875
3 0.8059375 0.6079166671875 0.8059375 0.5316666671875 0.5365624999999999 0.5316666671875 0.5365624999999999 0.6079166671875 0.8059375 0.6079166671875
3 0.7931250000000001 0.7183333328125 0.7931250000000001 0.6079166671875 0.53359375 0.6079166671875 0.53359375 0.7183333328125 0.7931250000000001 0.7183333328125
3 0.8907812500000001 0.725 0.8907812500000001 0.6027083328125 0.7892187500000001 0.6027083328125 0.7892187500000001 0.725 0.8907812500000001 0.725
3 0.5759375 0.6012500000000001 0.5759375 0.5131249999999999 0.41515625 0.5131249999999999 0.41515625 0.6012500000000001 0.5759375 0.6012500000000001
3 0.40234375 0.6131249999999999 0.40234375 0.4920833328125 0.2246875 0.4920833328125 0.2246875 0.6131249999999999 0.40234375 0.6131249999999999
3 0.22562500000000002 0.6027083328125 0.22562500000000002 0.488125 0.000625 0.488125 0.000625 0.6027083328125 0.22562500000000002 0.6027083328125
3 0.8770312499999999 0.42895833281250006 0.8770312499999999 0.32625000000000004 0.75171875 0.32625000000000004 0.75171875 0.42895833281250006 0.8770312499999999 0.42895833281250006
3 0.95390625 0.37374999999999997 0.95390625 0.27375 0.755625 0.27375 0.755625 0.37374999999999997 0.95390625 0.37374999999999997
3 0.95390625 0.43937499999999996 0.95390625 0.375 0.8651562500000001 0.375 0.8651562500000001 0.43937499999999996 0.95390625 0.43937499999999996
3 0.9971875000000001 0.3947916671875 0.9971875000000001 0.31062500000000004 0.9545312499999999 0.31062500000000004 0.9545312499999999 0.3947916671875 0.9971875000000001 0.3947916671875
3 0.9971875000000001 0.4652083328125 0.9971875000000001 0.3947916671875 0.9614062499999999 0.3947916671875 0.9614062499999999 0.4652083328125 0.9971875000000001 0.4652083328125