1 0.28265625 0.0204166671875 0.28265625 0.1383333328125 0.6134375000000001 0.1383333328125 0.6134375000000001 0.0204166671875 0.28265625 0.0204166671875
1 0.48171875000000003 0.06645833281249999 0.48171875000000003 0.17541666718749999 0.6875 0.17541666718749999 0.6875 0.06645833281249999 0.48171875000000003 0.06645833281249999
1 0.5393749999999999 0.135625 0.5393749999999999 0.21270833281249998 0.73265625 0.21270833281249998 0.73265625 0.135625 0.5393749999999999 0.135625
1 0.5856250000000001 0.1485416671875 0.5856250000000001 0.230625 0.76828125 0.230625 0.76828125 0.1485416671875 0.5856250000000001 0.1485416671875
1 0.6778125 0.205 0.6778125 0.2677083328125 0.7971874999999999 0.2677083328125 0.7971874999999999 0.205 0.6778125 0.205
1 0.8057812500000001 0.2522916671875 0.8057812500000001 0.2870833328125 0.8240624999999999 0.2870833328125 0.8240624999999999 0.2522916671875 0.8057812500000001 0.2522916671875
1 0.7692187500000001 0.2370833328125 0.7692187500000001 0.28312499999999996 0.8067187499999999 0.28312499999999996 0.8067187499999999 0.2370833328125 0.7692187500000001 0.2370833328125
1 0.6028125 0.005 0.6028125 0.0627083328125 0.75578125 0.0627083328125 0.75578125 0.005 0.6028125 0.005
2 0.9673437500000001 0.45125000000000004 0.9673437500000001 0.3647916671875 0.9337500000000001 0.3647916671875 0.9337500000000001 0.45125000000000004 0.9673437500000001 0.45125000000000004
2 0.923125 0.42374999999999996 0.923125 0.3583333328125 0.8846875000000001 0.3583333328125 0.8846875000000001 0.42374999999999996 0.923125 0.42374999999999996
3 0.55671875 0.6029166671875 0.55671875 0.448125 0.40703125 0.448125 0.40703125 0.6029166671875 0.55671875 0.6029166671875
3 0.53453125 0.3039583328125 0.53453125 0.25916666718750003 0.40234375 0.25916666718750003 0.40234375 0.3039583328125 0.53453125 0.3039583328125
3 0.5325 0.3341666671875 0.5325 0.3039583328125 0.41015625 0.3039583328125 0.41015625 0.3341666671875 0.5325 0.3341666671875
3 0.5375 0.3722916671875 0.5375 0.3341666671875 0.41015625 0.3341666671875 0.41015625 0.3722916671875 0.5375 0.3722916671875
3 0.5354687499999999 0.4170833328125 0.5354687499999999 0.3697916671875 0.4575 0.3697916671875 0.4575 0.4170833328125 0.5354687499999999 0.4170833328125
3 0.4565625 0.3710416671875 0.4565625 0.3289583328125 0.39546875 0.3289583328125 0.39546875 0.3710416671875 0.4565625 0.3710416671875
3 0.45562500000000006 0.40520833281249996 0.45562500000000006 0.3710416671875 0.39828125000000003 0.3710416671875 0.39828125000000003 0.40520833281249996 0.45562500000000006 0.40520833281249996
3 0.31578125 0.41770833281249997 0.31578125 0.35562499999999997 0.1928125 0.35562499999999997 0.1928125 0.41770833281249997 0.31578125 0.41770833281249997
3 0.159375 0.43208333281250005 0.159375 0.33479166718750003 0.00953125 0.33479166718750003 0.00953125 0.43208333281250005 0.159375 0.43208333281250005
3 0.2425 0.6920833328125 0.2425 0.560625 0.08359375 0.560625 0.08359375 0.6920833328125 0.2425 0.6920833328125
3 0.3615625 0.661875 0.3615625 0.5629166671875 0.20296875 0.5629166671875 0.20296875 0.661875 0.3615625 0.661875
3 0.6628125 0.5420833328125 0.6628125 0.47104166718749996 0.5482812499999999 0.47104166718749996 0.5482812499999999 0.5420833328125 0.6628125 0.5420833328125
3 0.70125 0.5210416671875 0.70125 0.4829166671875 0.65390625 0.4829166671875 0.65390625 0.5210416671875 0.70125 0.5210416671875
3 0.72 0.489375 0.72 0.45520833281249995 0.6746875 0.45520833281249995 0.6746875 0.489375 0.72 0.489375
3 0.59578125 0.4091666671875 0.59578125 0.2683333328125 0.5237499999999999 0.2683333328125 0.5237499999999999 0.4091666671875 0.59578125 0.4091666671875
3 0.645 0.40791666718749997 0.645 0.36583333281249997 0.60265625 0.36583333281249997 0.60265625 0.40791666718749997 0.645 0.40791666718749997
3 0.67265625 0.4066666671875 0.67265625 0.37625000000000003 0.6392187500000001 0.37625000000000003 0.6392187500000001 0.4066666671875 0.67265625 0.4066666671875
3 0.69828125 0.4158333328125 0.69828125 0.37625000000000003 0.66671875 0.37625000000000003 0.66671875 0.4158333328125 0.69828125 0.4158333328125
3 0.7259375 0.4027083328125 0.7259375 0.36833333281249997 0.6825 0.36833333281249997 0.6825 0.4027083328125 0.7259375 0.4027083328125
3 0.7446875000000001 0.40125 0.7446875000000001 0.3222916671875 0.65796875 0.3222916671875 0.65796875 0.40125 0.7446875000000001 0.40125
3 0.7615624999999999 0.40791666718749997 0.7615624999999999 0.37625000000000003 0.7378125 0.37625000000000003 0.7378125 0.40791666718749997 0.7615624999999999 0.40791666718749997
3 0.74515625 0.5166666671875 0.74515625 0.4810416671875 0.7196875 0.4810416671875 0.7196875 0.5166666671875 0.74515625 0.5166666671875
3 0.7498437499999999 0.5075000000000001 0.7498437499999999 0.4683333328125 0.7115625 0.4683333328125 0.7115625 0.5075000000000001 0.7498437499999999 0.5075000000000001
3 0.77390625 0.5020833328125 0.77390625 0.47291666718750003 0.7546875 0.47291666718750003 0.7546875 0.5020833328125 0.77390625 0.5020833328125
3 0.77734375 0.410625 0.77734375 0.38875000000000004 0.75671875 0.38875000000000004 0.75671875 0.410625 0.77734375 0.410625
3 0.79984375 0.410625 0.79984375 0.3852083328125 0.7731250000000001 0.3852083328125 0.7731250000000001 0.410625 0.79984375 0.410625
3 0.81015625 0.3960416671875 0.81015625 0.36583333281249997 0.7621875 0.36583333281249997 0.7621875 0.3960416671875 0.81015625 0.3960416671875
3 0.81015625 0.410625 0.81015625 0.3960416671875 0.7978125 0.3960416671875 0.7978125 0.410625 0.81015625 0.410625
3 0.786875 0.51125 0.786875 0.46458333281249997 0.7581249999999999 0.46458333281249997 0.7581249999999999 0.51125 0.786875 0.51125
3 0.7965625000000001 0.489375 0.7965625000000001 0.4627083328125 0.78203125 0.4627083328125 0.78203125 0.489375 0.7965625000000001 0.489375
3 0.8074999999999999 0.46187500000000004 0.8074999999999999 0.4308333328125 0.76359375 0.4308333328125 0.76359375 0.46187500000000004 0.8074999999999999 0.46187500000000004
3 0.8060937499999999 0.4847916671875 0.8060937499999999 0.46645833281250004 0.79578125 0.46645833281250004 0.79578125 0.4847916671875 0.8060937499999999 0.4847916671875
3 0.81640625 0.4783333328125 0.81640625 0.45729166718750003 0.8074999999999999 0.45729166718750003 0.8074999999999999 0.4783333328125 0.81640625 0.4783333328125
3 0.70921875 0.0985416671875 0.70921875 0.0591666671875 0.6678124999999999 0.0591666671875 0.6678124999999999 0.0985416671875 0.70921875 0.0985416671875
3 0.7032812500000001 0.12625 0.7032812500000001 0.0920833328125 0.68453125 0.0920833328125 0.68453125 0.12625 0.7032812500000001 0.12625
3 0.70828125 0.15375 0.70828125 0.1235416671875 0.67765625 0.1235416671875 0.67765625 0.15375 0.70828125 0.15375
3 0.7496875000000001 0.1183333328125 0.7496875000000001 0.0827083328125 0.7003125 0.0827083328125 0.7003125 0.1183333328125 0.7496875000000001 0.1183333328125
3 0.7496875000000001 0.1341666671875 0.7496875000000001 0.10645833281249999 0.7032812500000001 0.10645833281249999 0.7032812500000001 0.1341666671875 0.7496875000000001 0.1341666671875
3 0.74171875 0.1458333328125 0.74171875 0.12875 0.70421875 0.12875 0.70421875 0.1458333328125 0.74171875 0.1458333328125
3 0.74171875 0.18145833281249998 0.74171875 0.1485416671875 0.7071875000000001 0.1485416671875 0.7071875000000001 0.18145833281249998 0.74171875 0.18145833281249998
1 0.8839062500000001 0.4375 0.8839062500000001 0.45125000000000004 0.9303125 0.45125000000000004 0.9303125 0.4375 0.8839062500000001 0.4375
1 0.88546875 0.45625 0.88546875 0.47437500000000005 0.9296875 0.47437500000000005 0.9296875 0.45625 0.88546875 0.45625