1 0.8493229171875001 0.255277778125 0.8493229171875001 0.17898148125 0.7819791671874999 0.17898148125 0.7819791671874999 0.255277778125 0.8493229171875001 0.255277778125
1 0.8913541671875 0.17898148125 0.8913541671875 0.063796296875 0.7819791671874999 0.063796296875 0.7819791671874999 0.17898148125 0.8913541671875 0.17898148125
1 0.8552604171875 0.3591666671875 0.8552604171875 0.2828703703125 0.78125 0.2828703703125 0.78125 0.3591666671875 0.8552604171875 0.3591666671875
1 0.9591145828125001 0.34574074062500004 0.9591145828125001 0.2434259265625 0.8491145828125 0.2434259265625 0.8491145828125 0.34574074062500004 0.9591145828125001 0.34574074062500004
1 0.99875 0.3116666671875 0.99875 0.22518518593749998 0.9552604171875 0.22518518593749998 0.9552604171875 0.3116666671875 0.99875 0.3116666671875
1 0.9540104171875001 0.061481481250000004 0.9540104171875001 0.15925925937500002 0.99875 0.15925925937500002 0.99875 0.061481481250000004 0.9540104171875001 0.061481481250000004
1 0.9552604171875 0.22749999999999998 0.9552604171875 0.1001851859375 0.8529687499999999 0.1001851859375 0.8529687499999999 0.22749999999999998 0.9552604171875 0.22749999999999998
1 0.37078125 0.6662962968749999 0.37078125 0.5867592593750001 0.23140624999999998 0.5867592593750001 0.23140624999999998 0.6662962968749999 0.37078125 0.6662962968749999
1 0.37463541718750004 0.7459259265625 0.37463541718750004 0.657222221875 0.23781249999999998 0.657222221875 0.23781249999999998 0.7459259265625 0.37463541718750004 0.7459259265625
1 0.16875 0.7823148140625 0.16875 0.6662962968749999 0.0970833328125 0.6662962968749999 0.0970833328125 0.7823148140625 0.16875 0.7823148140625
1 0.09453125 0.8823148140624999 0.09453125 0.7276851859375 0.00375 0.7276851859375 0.00375 0.8823148140624999 0.09453125 0.8823148140624999
1 0.1610416671875 0.60944444375 0.1610416671875 0.5253703703125 0.0024479171875 0.5253703703125 0.0024479171875 0.60944444375 0.1610416671875 0.60944444375
1 0.24161458281249998 0.5753703703124999 0.24161458281249998 0.51851851875 0.16234375 0.51851851875 0.16234375 0.5753703703124999 0.24161458281249998 0.5753703703124999
1 0.16234375 0.3571296296875 0.16234375 0.27296296249999996 0.0983854171875 0.27296296249999996 0.0983854171875 0.3571296296875 0.16234375 0.3571296296875
1 0.1610416671875 0.1956481484375 0.1610416671875 0.113796296875 0.09453125 0.113796296875 0.09453125 0.1956481484375 0.1610416671875 0.1956481484375
1 0.253125 0.37305555625000003 0.253125 0.3184259265625 0.1610416671875 0.3184259265625 0.1610416671875 0.37305555625000003 0.253125 0.37305555625000003
1 0.7723958328125 0.3548148140625 0.7723958328125 0.2934259265625 0.7058854171875 0.2934259265625 0.7058854171875 0.3548148140625 0.7723958328125 0.3548148140625
1 0.9961979171875001 0.5116666671875 0.9961979171875001 0.44120370312499996 0.8414583328124999 0.44120370312499996 0.8414583328124999 0.5116666671875 0.9961979171875001 0.5116666671875
1 0.8376041671875001 0.5003703703125 0.8376041671875001 0.44120370312499996 0.7813541671875 0.44120370312499996 0.7813541671875 0.5003703703125 0.8376041671875001 0.5003703703125
1 0.7698437499999999 0.53444444375 0.7698437499999999 0.505277778125 0.6583333328125 0.505277778125 0.6583333328125 0.53444444375 0.7698437499999999 0.53444444375
1 0.7659895828125001 0.6026851859375 0.7659895828125001 0.557222221875 0.6598437500000001 0.557222221875 0.6598437500000001 0.6026851859375 0.7659895828125001 0.6026851859375
1 0.6572916671875 0.51851851875 0.6572916671875 0.48444444375 0.6329687500000001 0.48444444375 0.6329687500000001 0.51851851875 0.6572916671875 0.51851851875
1 0.6559895828125 0.58444444375 0.6559895828125 0.54805555625 0.6368229171875 0.54805555625 0.6368229171875 0.58444444375 0.6559895828125 0.58444444375
1 0.7613020828125 0.25398148125 0.7613020828125 0.1800925921875 0.6824479171875 0.1800925921875 0.6824479171875 0.25398148125 0.7613020828125 0.25398148125
1 0.6824479171875 0.2559259265625 0.6824479171875 0.21231481406250002 0.65578125 0.21231481406250002 0.65578125 0.2559259265625 0.6824479171875 0.2559259265625
1 0.7229166671875 0.2975925921875 0.7229166671875 0.2483333328125 0.6845833328125 0.2483333328125 0.6845833328125 0.2975925921875 0.7229166671875 0.2975925921875
1 0.6826041671875 0.3059259265625 0.6826041671875 0.2711111109375 0.6611458328125 0.2711111109375 0.6611458328125 0.3059259265625 0.6826041671875 0.3059259265625
1 0.6590104171875 0.3241666671875 0.6590104171875 0.289722221875 0.6386979171875 0.289722221875 0.6386979171875 0.3241666671875 0.6590104171875 0.3241666671875
1 0.6600520828125 0.37527777812499996 0.6600520828125 0.3468518515625 0.6408854171875 0.3468518515625 0.6408854171875 0.37527777812499996 0.6600520828125 0.37527777812499996
1 0.6845833328125 0.3676851859375 0.6845833328125 0.3278703703125 0.6611458328125 0.3278703703125 0.6611458328125 0.3676851859375 0.6845833328125 0.3676851859375
1 0.7144270828125 0.356296296875 0.7144270828125 0.31277777812499996 0.68671875 0.31277777812499996 0.68671875 0.356296296875 0.7144270828125 0.356296296875
1 0.6888541671875 0.1498148140625 0.6888541671875 0.070277778125 0.6590104171875 0.070277778125 0.6590104171875 0.1498148140625 0.6888541671875 0.1498148140625
1 0.6579166671875 0.1725925921875 0.6579166671875 0.1195370375 0.63875 0.1195370375 0.63875 0.1725925921875 0.6579166671875 0.1725925921875
1 0.656875 0.1195370375 0.656875 0.058888889062500005 0.6344791671875 0.058888889062500005 0.6344791671875 0.1195370375 0.656875 0.1195370375
1 0.6515104171874999 0.013425926562500001 0.6515104171874999 0.070277778125 0.6824479171875 0.070277778125 0.6824479171875 0.013425926562500001 0.6515104171874999 0.013425926562500001
2 0.9190104171875 0.8673148140625001 0.9190104171875 0.3865740734375 0.7675520828125 0.3865740734375 0.7675520828125 0.8673148140625001 0.9190104171875 0.8673148140625001
4 0.9976041671875 0.88398148125 0.9976041671875 0.47240740781249996 0.8346354171874999 0.47240740781249996 0.8346354171874999 0.88398148125 0.9976041671875 0.88398148125
4 0.8396874999999999 0.7609259265625 0.8396874999999999 0.4686111109375 0.7747395828125 0.4686111109375 0.7747395828125 0.7609259265625 0.8396874999999999 0.7609259265625
4 0.0023958328125 0.0019444437500000002 0.0023958328125 0.335277778125 0.1077083328125 0.335277778125 0.1077083328125 0.0019444437500000002 0.0023958328125 0.0019444437500000002
4 0.19567708281250001 0.004444443750000001 0.19567708281250001 0.103240740625 0.2547916671875 0.103240740625 0.2547916671875 0.004444443750000001 0.19567708281250001 0.004444443750000001
3 0.48520833281250003 0.394722221875 0.48520833281250003 0.3684259265625 0.45854166718749995 0.3684259265625 0.45854166718749995 0.394722221875 0.48520833281250003 0.394722221875