1 0.656875 0.22833333281249998 0.656875 0.0691666671875 0.44078125 0.0691666671875 0.44078125 0.22833333281249998 0.656875 0.22833333281249998
1 0.7732812499999999 0.30125 0.7732812499999999 0.193125 0.65 0.193125 0.65 0.30125 0.7732812499999999 0.30125
1 0.8603125 0.3404166671875 0.8603125 0.2633333328125 0.7693749999999999 0.2633333328125 0.7693749999999999 0.3404166671875 0.8603125 0.3404166671875
1 0.93359375 0.379375 0.93359375 0.3129166671875 0.8670312499999999 0.3129166671875 0.8670312499999999 0.379375 0.93359375 0.379375
1 0.63734375 0.7847916671874999 0.63734375 0.6283333328125 0.21796875 0.6283333328125 0.21796875 0.7847916671874999 0.63734375 0.7847916671874999
1 0.6471875 0.6010416671875001 0.6471875 0.5541666671875001 0.5131249999999999 0.5541666671875001 0.5131249999999999 0.6010416671875001 0.6471875 0.6010416671875001
1 0.91890625 0.7275 0.91890625 0.6427083328125 0.65109375 0.6427083328125 0.65109375 0.7275 0.91890625 0.7275
1 0.9628125000000001 0.6414583328125001 0.9628125000000001 0.5970833328125 0.90625 0.5970833328125 0.90625 0.6414583328125001 0.9628125000000001 0.6414583328125001
1 0.9824999999999999 0.41333333281250006 0.9824999999999999 0.346875 0.92671875 0.346875 0.92671875 0.41333333281250006 0.9824999999999999 0.41333333281250006
2 0.9106249999999999 0.5827083328125 0.9106249999999999 0.7120833328125 0.9990625 0.7120833328125 0.9990625 0.5827083328125 0.9106249999999999 0.5827083328125
4 0.001875 0.1941666671875 0.001875 0.6287499999999999 0.22015625 0.6287499999999999 0.22015625 0.1941666671875 0.001875 0.1941666671875