1 0.49468750000000006 0.13187500000000002 0.49468750000000006 0.0014583328125 0.12796875000000002 0.0014583328125 0.12796875000000002 0.13187500000000002 0.49468750000000006 0.13187500000000002
1 0.70578125 0.20729166718749997 0.70578125 0.0495833328125 0.4965625 0.0495833328125 0.4965625 0.20729166718749997 0.70578125 0.20729166718749997
1 0.8114062499999999 0.2660416671875 0.8114062499999999 0.1695833328125 0.71359375 0.1695833328125 0.71359375 0.2660416671875 0.8114062499999999 0.2660416671875
1 0.8759375 0.3025 0.8759375 0.2335416671875 0.8074999999999999 0.2335416671875 0.8074999999999999 0.3025 0.8759375 0.3025
1 0.9168749999999999 0.21916666718750002 0.9168749999999999 0.14750000000000002 0.85234375 0.14750000000000002 0.85234375 0.21916666718750002 0.9168749999999999 0.21916666718750002
1 0.9198437500000001 0.3260416671875 0.9198437500000001 0.27375 0.8748437499999999 0.27375 0.8748437499999999 0.3260416671875 0.9198437500000001 0.3260416671875
1 0.9589062500000001 0.3860416671875 0.9589062500000001 0.348125 0.921875 0.348125 0.921875 0.3860416671875 0.9589062500000001 0.3860416671875
1 0.8074999999999999 0.561875 0.8074999999999999 0.485 0.70375 0.485 0.70375 0.561875 0.8074999999999999 0.561875
1 0.8035937499999999 0.6870833328125 0.8035937499999999 0.5827083328125 0.701875 0.5827083328125 0.701875 0.6870833328125 0.8035937499999999 0.6870833328125
1 0.6853125 0.530625 0.6853125 0.42374999999999996 0.28828125 0.42374999999999996 0.28828125 0.530625 0.6853125 0.530625
1 0.28640625000000003 0.43166666718749996 0.28640625000000003 0.365 0.09578125 0.365 0.09578125 0.43166666718749996 0.28640625000000003 0.43166666718749996
1 0.656875 0.8733333328124999 0.656875 0.7247916671875 0.44578125 0.7247916671875 0.44578125 0.8733333328124999 0.656875 0.8733333328124999
1 0.436875 0.9712500000000001 0.436875 0.8525 0.13484374999999998 0.8525 0.13484374999999998 0.9712500000000001 0.436875 0.9712500000000001