1 0.9053125 0.4997916671875 0.9053125 0.4129166671875 0.61 0.4129166671875 0.61 0.4997916671875 0.9053125 0.4997916671875
1 0.8862500000000001 0.7577083328125 0.8862500000000001 0.6708333328125 0.74515625 0.6708333328125 0.74515625 0.7577083328125 0.8862500000000001 0.7577083328125
1 0.5821875000000001 0.6935416671875 0.5821875000000001 0.47895833281250005 0.46953125 0.47895833281250005 0.46953125 0.6935416671875 0.5821875000000001 0.6935416671875
1 0.9620312500000001 0.32458333281249996 0.9620312500000001 0.31437499999999996 0.9375 0.31437499999999996 0.9375 0.32458333281249996 0.9620312500000001 0.32458333281249996
1 0.98765625 0.3279166671875 0.98765625 0.31625000000000003 0.9634375000000001 0.31625000000000003 0.9634375000000001 0.3279166671875 0.98765625 0.3279166671875
1 0.9846875 0.36062500000000003 0.9846875 0.349375 0.9603125 0.349375 0.9603125 0.36062500000000003 0.9846875 0.36062500000000003
1 1 0.35375 0.9859375 0.35375 0.9859375 0.36312500000000003 1 0.36312500000000003 1 0.35375
1 0.9603125 0.371875 0.9603125 0.3639583328125 0.94046875 0.3639583328125 0.94046875 0.371875 0.9603125 0.371875
1 0.96125 0.3097916671875 0.96125 0.2995833328125 0.9371875 0.2995833328125 0.9371875 0.3097916671875 0.96125 0.3097916671875
1 0.9865625 0.3114583328125 0.9865625 0.303125 0.9625 0.303125 0.9625 0.3114583328125 0.9865625 0.3114583328125
1 0.95875 0.26208333281249996 0.95875 0.2533333328125 0.9354687500000001 0.2533333328125 0.9354687500000001 0.26208333281249996 0.95875 0.26208333281249996
1 0.98140625 0.2645833328125 0.98140625 0.2547916671875 0.9590624999999999 0.2547916671875 0.9590624999999999 0.2645833328125 0.98140625 0.2645833328125
1 0.9848437499999999 0.3760416671875 0.9848437499999999 0.36604166718750003 0.968125 0.36604166718750003 0.968125 0.3760416671875 0.9848437499999999 0.3760416671875
1 1 0.3702083328125 0.9857812499999999 0.3702083328125 0.9857812499999999 0.3783333328125 1 0.3783333328125 1 0.3702083328125
1 0.9846875 0.39 0.9846875 0.38229166718749996 0.9728125000000001 0.38229166718749996 0.9728125000000001 0.39 0.9846875 0.39
2 0.960625 0.5954166671875 0.960625 0.36854166718750003 0.8884375 0.36854166718750003 0.8884375 0.5954166671875 0.960625 0.5954166671875
2 0.9115624999999999 0.32375 0.9115624999999999 0.4839583328125 0.95671875 0.4839583328125 0.95671875 0.32375 0.9115624999999999 0.32375
3 0.37859375 0.45395833281250003 0.37859375 0.3920833328125 0.30453125000000003 0.3920833328125 0.30453125000000003 0.45395833281250003 0.37859375 0.45395833281250003