1 1 0.4341666671875 0.8465624999999999 0.4341666671875 0.8465624999999999 0.485 1 0.485 1 0.4341666671875
1 0.8504687499999999 0.4641666671875 0.8504687499999999 0.42104166718749997 0.8221875000000001 0.42104166718749997 0.8221875000000001 0.4641666671875 0.8504687499999999 0.4641666671875
1 0.8240624999999999 0.4485416671875 0.8240624999999999 0.41333333281250006 0.8006249999999999 0.41333333281250006 0.8006249999999999 0.4485416671875 0.8240624999999999 0.4485416671875
1 0 0.7470833328125 0.14171875 0.7470833328125 0.14171875 0.589375 0 0.589375 0 0.7470833328125
1 0.305 0.6714583328125 0.305 0.5241666671874999 0.136875 0.5241666671874999 0.136875 0.6714583328125 0.305 0.6714583328125
1 0.38609375 0.5670833328125 0.38609375 0.47729166718749994 0.30109375 0.47729166718749994 0.30109375 0.5670833328125 0.38609375 0.5670833328125
1 0.43499999999999994 0.5122916671875 0.43499999999999994 0.45375 0.3803125 0.45375 0.3803125 0.5122916671875 0.43499999999999994 0.5122916671875
1 0.5259375000000001 0.42895833281250006 0.5259375000000001 0.4002083328125 0.43984375 0.4002083328125 0.43984375 0.42895833281250006 0.5259375000000001 0.42895833281250006
1 0.68515625 0.11187499999999999 0.68515625 0.09375 0.63 0.09375 0.63 0.11187499999999999 0.68515625 0.11187499999999999
1 0.74171875 0.11000000000000001 0.74171875 0.0916666671875 0.6865625 0.0916666671875 0.6865625 0.11000000000000001 0.74171875 0.11000000000000001
1 0.745 0.1389583328125 0.745 0.11937500000000001 0.68796875 0.11937500000000001 0.68796875 0.1389583328125 0.745 0.1389583328125
1 0.6846875 0.1408333328125 0.6846875 0.1275 0.631875 0.1275 0.631875 0.1408333328125 0.6846875 0.1408333328125
1 0.795 0.22875 0.795 0.2125 0.73984375 0.2125 0.73984375 0.22875 0.795 0.22875
1 0.73375 0.22999999999999998 0.73375 0.21375000000000002 0.685625 0.21375000000000002 0.685625 0.22999999999999998 0.73375 0.22999999999999998
1 0.68140625 0.23125 0.68140625 0.21812499999999999 0.628125 0.21812499999999999 0.628125 0.23125 0.68140625 0.23125
1 0.79734375 0.25833333281250004 0.79734375 0.24333333281249997 0.74125 0.24333333281249997 0.74125 0.25833333281250004 0.79734375 0.25833333281250004
1 0.73703125 0.25833333281250004 0.73703125 0.24583333281250003 0.685625 0.24583333281250003 0.685625 0.25833333281250004 0.73703125 0.25833333281250004
1 0.6809375 0.2602083328125 0.6809375 0.2477083328125 0.62765625 0.2477083328125 0.62765625 0.2602083328125 0.6809375 0.2602083328125
1 0.73265625 0.34125 0.73265625 0.325 0.67703125 0.325 0.67703125 0.34125 0.73265625 0.34125
1 0.67421875 0.34249999999999997 0.67421875 0.32625000000000004 0.621875 0.32625000000000004 0.621875 0.34249999999999997 0.67421875 0.34249999999999997
1 0.72984375 0.3708333328125 0.72984375 0.3552083328125 0.6760937499999999 0.3552083328125 0.6760937499999999 0.3708333328125 0.72984375 0.3708333328125
1 0.67515625 0.3708333328125 0.67515625 0.35583333281249996 0.62375 0.35583333281249996 0.62375 0.3708333328125 0.67515625 0.3708333328125
1 0.86796875 0.2477083328125 0.86796875 0.2647916671875 0.9996875 0.2647916671875 0.9996875 0.2477083328125 0.86796875 0.2477083328125
1 0.86328125 0.1737916671875 0.86328125 0.21979166718749998 0.86796875 0.21979166718749998 0.86796875 0.2477083328125 0.98322265625 0.2477083328125 0.9848519734375 0.23854166718749997 0.991455078125 0.2477083328125 0.9922697375 0.24312499999999998 0.9996875 0.2477083328125 0.9996875 0.2010416671875 0.99140625 0.2010416671875 0.99140625 0.1358333328125 0.85875 0.1358333328125 0.85875 0.160625 0.8661677624999999 0.1652083328125 0.86328125 0.1737916671875