1 0.8308333328125 0.326296296875 0.8308333328125 0.2408333328125 0.733125 0.2408333328125 0.733125 0.326296296875 0.8308333328125 0.326296296875
1 0.7516666671875 0.26842592656250003 0.7516666671875 0.1974074078125 0.6991145828125 0.1974074078125 0.6991145828125 0.26842592656250003 0.7516666671875 0.26842592656250003
1 0.7738541671875 0.194722221875 0.7738541671875 0.11314814843750001 0.6983333328125 0.11314814843750001 0.6983333328125 0.194722221875 0.7738541671875 0.194722221875
1 0.696875 0.225 0.696875 0.16055555625 0.66359375 0.16055555625 0.66359375 0.225 0.696875 0.225
1 0.6991145828125 0.298703703125 0.6991145828125 0.2328703703125 0.6680208328125 0.2328703703125 0.6680208328125 0.298703703125 0.6991145828125 0.298703703125
1 0.6665104171875 0.3118518515625 0.6665104171875 0.2658333328125 0.63546875 0.2658333328125 0.63546875 0.3118518515625 0.6665104171875 0.3118518515625
1 0.6694791671875 0.37101851875 0.6694791671875 0.32898148125 0.6369270828125 0.32898148125 0.6369270828125 0.37101851875 0.6694791671875 0.37101851875
1 0.6991145828125 0.3631481484375 0.6991145828125 0.31055555625000003 0.6650520828125 0.31055555625000003 0.6650520828125 0.3631481484375 0.6991145828125 0.3631481484375
1 0.7413020828125 0.348703703125 0.7413020828125 0.28157407343749996 0.7005729171875 0.28157407343749996 0.7005729171875 0.348703703125 0.7413020828125 0.348703703125
1 0.84859375 0.2353703703125 0.84859375 0.32101851875 0.9784895828125 0.32101851875 0.9784895828125 0.2353703703125 0.84859375 0.2353703703125
1 0.31859375 0.7568518515625 0.31859375 0.6286111109375 0.10218750000000001 0.6286111109375 0.10218750000000001 0.7568518515625 0.31859375 0.7568518515625
1 0.3078645828125 0.86601851875 0.3078645828125 0.7268518515625 0.10984374999999999 0.7268518515625 0.10984374999999999 0.86601851875 0.3078645828125 0.86601851875
1 0.16359375 0.37759259218749996 0.16359375 0.2984259265625 0.0008854171875 0.2984259265625 0.0008854171875 0.37759259218749996 0.16359375 0.37759259218749996
1 0.9577083328124999 0.5206481484375 0.9577083328124999 0.4550925921875 0.8502604171874999 0.4550925921875 0.8502604171874999 0.5206481484375 0.9577083328124999 0.5206481484375
1 0.99453125 0.5206481484375 0.99453125 0.44148148125000003 0.9515625 0.44148148125000003 0.9515625 0.5206481484375 0.99453125 0.5206481484375
1 0.6659375 0.1268518515625 0.6659375 0.04944444375 0.6383854171875 0.04944444375 0.6383854171875 0.1268518515625 0.6659375 0.1268518515625
1 0.6641666671875 0.003703703125 0.6641666671875 0.074722221875 0.7005729171875 0.074722221875 0.7005729171875 0.003703703125 0.6641666671875 0.003703703125
1 0.6988020828125 0.00055555625 0.6988020828125 0.0178703703125 0.7121354171875 0.0178703703125 0.7121354171875 0.00055555625 0.6988020828125 0.00055555625
1 0.6644791671875 0.5177777781249999 0.6644791671875 0.551759259375 0.8257291671875 0.551759259375 0.8257291671875 0.5177777781249999 0.6644791671875 0.5177777781249999
1 0.66171875 0.5468518515625 0.66171875 0.50805555625 0.6330208328125 0.50805555625 0.6330208328125 0.5468518515625 0.66171875 0.5468518515625
1 0.8243750000000001 0.6295370375 0.8243750000000001 0.585740740625 0.6644791671875 0.585740740625 0.6644791671875 0.6295370375 0.8243750000000001 0.6295370375
1 0.63984375 0.57601851875 0.63984375 0.6100925921875 0.6671875 0.6100925921875 0.6671875 0.57601851875 0.63984375 0.57601851875
1 0.8571354171875001 0.0779629625 0.8571354171875001 0.19703703749999998 0.9760416671875 0.19703703749999998 0.9760416671875 0.0779629625 0.8571354171875001 0.0779629625
1 0.8489583328125001 0.0026851859375 0.8489583328125001 0.07074074062499999 0.9364062499999999 0.07074074062499999 0.9364062499999999 0.0026851859375 0.8489583328125001 0.0026851859375
2 0.9990625 0.99805555625 0.9990625 0.3673148140625 0.884375 0.3673148140625 0.884375 0.99805555625 0.9990625 0.99805555625
4 0.9579166671875001 0.8903703703125 0.9579166671875001 0.47759259218750005 0.8389583328124999 0.47759259218750005 0.8389583328124999 0.8903703703125 0.9579166671875001 0.8903703703125
4 0.9997395828125001 0.8609259265625001 0.9997395828125001 0.49805555625000003 0.9565104171875 0.49805555625000003 0.9565104171875 0.8609259265625001 0.9997395828125001 0.8609259265625001
3 0.4563541671875 0.3974074078125 0.4563541671875 0.36055555625 0.4252604171875 0.36055555625 0.4252604171875 0.3974074078125 0.4563541671875 0.3974074078125