1 0.89578125 0.5806250000000001 0.89578125 0.48520833281250003 0.6721874999999999 0.48520833281250003 0.6721874999999999 0.5806250000000001 0.89578125 0.5806250000000001
1 0.48312499999999997 0.055625 0.48312499999999997 0.0033333328125 0.28828125 0.0033333328125 0.28828125 0.055625 0.48312499999999997 0.055625
1 0.671875 0.42750000000000005 0.671875 0.5241666671874999 0.8965624999999999 0.5241666671874999 0.8965624999999999 0.42750000000000005 0.671875 0.42750000000000005
1 0.47984375 0.0870833328125 0.47984375 0.0333333328125 0.29500000000000004 0.0333333328125 0.29500000000000004 0.0870833328125 0.47984375 0.0870833328125
2 0.0028125 0.5429166671875 0.0028125 0.7070833328125 0.05 0.7070833328125 0.05 0.5429166671875 0.0028125 0.5429166671875
4 0.9984375 0.32458333281249996 0.9984375 0.1135416671875 0.9643750000000001 0.1135416671875 0.9643750000000001 0.32458333281249996 0.9984375 0.32458333281249996
4 0.9971875000000001 0.5545833328125 0.9971875000000001 0.325 0.9596875 0.325 0.9596875 0.5545833328125 0.9971875000000001 0.5545833328125
4 0.29609375 0.6216666671875 0.29609375 0.296875 0.09421874999999999 0.296875 0.09421874999999999 0.6216666671875 0.29609375 0.6216666671875
4 0.09718750000000001 0.0945833328125 0.09718750000000001 0.29625 0.22109375 0.29625 0.22109375 0.0945833328125 0.09718750000000001 0.0945833328125
4 0.074375 0.308125 0.074375 0.051875000000000004 0.00390625 0.051875000000000004 0.00390625 0.308125 0.074375 0.308125
4 0.08 0.6427083328125 0.08 0.3147916671875 0.00484375 0.3147916671875 0.00484375 0.6427083328125 0.08 0.6427083328125
1 0.47874999999999995 0.12291666718750001 0.47874999999999995 0.0691666671875 0.2815625 0.0691666671875 0.2815625 0.12291666718750001 0.47874999999999995 0.12291666718750001
1 0.47874999999999995 0.1558333328125 0.47874999999999995 0.09895833281250001 0.29171874999999997 0.09895833281250001 0.29171874999999997 0.1558333328125 0.47874999999999995 0.1558333328125
1 0.2815625 0.1647916671875 0.2815625 0.2139583328125 0.47203125 0.2139583328125 0.47203125 0.1870833328125 0.47640625 0.1870833328125 0.47640625 0.1304166671875 0.28609375 0.1304166671875 0.28609375 0.1647916671875 0.2815625 0.1647916671875
1 0.47531249999999997 0.2422916671875 0.47531249999999997 0.20208333281250002 0.28500000000000003 0.20208333281250002 0.28500000000000003 0.2422916671875 0.47531249999999997 0.2422916671875
1 0.47640625 0.2752083328125 0.47640625 0.2422916671875 0.28609375 0.2422916671875 0.28609375 0.2752083328125 0.47640625 0.2752083328125
1 0.28500000000000003 0.3020833328125 0.28500000000000003 0.346875 0.47765625 0.346875 0.47765625 0.3020833328125 0.47421875 0.3020833328125 0.47421875 0.2708333328125 0.29281250000000003 0.2708333328125 0.29281250000000003 0.3020833328125 0.28500000000000003 0.3020833328125
1 0.28265625 0.346875 0.28265625 0.3902083328125 0.48312499999999997 0.3902083328125 0.48312499999999997 0.346875 0.28265625 0.346875
1 0.29609375 0.3902083328125 0.29609375 0.42000000000000004 0.4809375 0.42000000000000004 0.4809375 0.3902083328125 0.29609375 0.3902083328125
1 0.2984375 0.4216666671875 0.2984375 0.4754166671875 0.48765625 0.4754166671875 0.48765625 0.4216666671875 0.2984375 0.4216666671875
1 0.29734375 0.45145833281250003 0.29734375 0.49020833281250004 0.484375 0.49020833281250004 0.484375 0.45145833281250003 0.29734375 0.45145833281250003
1 0.29953124999999997 0.4933333328125 0.29953124999999997 0.545625 0.4809375 0.545625 0.4809375 0.4933333328125 0.29953124999999997 0.4933333328125
1 0.69484375 0.18125 0.69484375 0.15270833281250001 0.51796875 0.15270833281250001 0.51796875 0.18125 0.69484375 0.18125
1 0.69484375 0.1975 0.69484375 0.18125 0.5235937500000001 0.18125 0.5235937500000001 0.1975 0.69484375 0.1975
1 0.6971875 0.2214583328125 0.6971875 0.1975 0.5235937500000001 0.1975 0.5235937500000001 0.2214583328125 0.6971875 0.2214583328125
1 0.6971875 0.2497916671875 0.6971875 0.2214583328125 0.5235937500000001 0.2214583328125 0.5235937500000001 0.2497916671875 0.6971875 0.2497916671875
1 0.62328125 0.2647916671875 0.62328125 0.2497916671875 0.5235937500000001 0.2497916671875 0.5235937500000001 0.2647916671875 0.62328125 0.2647916671875
1 0.62328125 0.2841666671875 0.62328125 0.2647916671875 0.52578125 0.2647916671875 0.52578125 0.2841666671875 0.62328125 0.2841666671875
1 0.62765625 0.32458333281249996 0.62765625 0.2841666671875 0.52578125 0.2841666671875 0.5235937500000001 0.32458333281249996 0.62765625 0.32458333281249996
1 0.63 0.3589583328125 0.63 0.32458333281249996 0.5235937500000001 0.32458333281249996 0.5235937500000001 0.3589583328125 0.63 0.3589583328125
1 0.63109375 0.3858333328125 0.63109375 0.3589583328125 0.5235937500000001 0.3589583328125 0.5235937500000001 0.3858333328125 0.63109375 0.3858333328125
1 0.63 0.41270833281249997 0.63 0.3872916671875 0.51234375 0.3872916671875 0.51234375 0.41270833281249997 0.63 0.41270833281249997
1 0.79453125 0.2827083328125 0.79453125 0.246875 0.62546875 0.246875 0.62546875 0.2827083328125 0.79453125 0.2827083328125
1 0.79453125 0.3020833328125 0.79453125 0.2827083328125 0.62328125 0.2827083328125 0.62328125 0.3020833328125 0.79453125 0.3020833328125
1 0.785625 0.32458333281249996 0.785625 0.3020833328125 0.62328125 0.3020833328125 0.62328125 0.32458333281249996 0.785625 0.32458333281249996
1 0.785625 0.339375 0.785625 0.32458333281249996 0.62328125 0.32458333281249996 0.62328125 0.339375 0.785625 0.339375
1 0.79234375 0.3633333328125 0.79234375 0.3304166671875 0.62765625 0.3304166671875 0.62765625 0.3633333328125 0.79234375 0.3633333328125
1 0.79015625 0.3902083328125 0.79015625 0.34249999999999997 0.63890625 0.34249999999999997 0.63890625 0.3902083328125 0.79015625 0.3902083328125
1 0.79796875 0.4170833328125 0.79796875 0.3722916671875 0.63890625 0.3722916671875 0.63890625 0.4170833328125 0.79796875 0.4170833328125
1 0.79796875 0.43499999999999994 0.79796875 0.4170833328125 0.6321875 0.4170833328125 0.6321875 0.43499999999999994 0.79796875 0.43499999999999994