1 0.26296875000000003 0.24125000000000002 0.26296875000000003 0.21000000000000002 0.2053125 0.21000000000000002 0.2053125 0.24125000000000002 0.26296875000000003 0.24125000000000002
1 0.4134375 0.254375 0.4134375 0.21125 0.2659375 0.21125 0.2659375 0.254375 0.4134375 0.254375
1 0.47109375 0.2504166671875 0.47109375 0.2295833328125 0.43890624999999994 0.2295833328125 0.43890624999999994 0.2504166671875 0.47109375 0.2504166671875
1 0.55421875 0.26729166718749997 0.55421875 0.23479166718750002 0.47890625 0.23479166718750002 0.47890625 0.26729166718749997 0.55421875 0.26729166718749997
1 0.7234375 0.2972916671875 0.7234375 0.2633333328125 0.6471875 0.2633333328125 0.6471875 0.2972916671875 0.7234375 0.2972916671875
1 0.5709375 0.13187500000000002 0.5709375 0.103125 0.49749999999999994 0.103125 0.49749999999999994 0.13187500000000002 0.5709375 0.13187500000000002
1 0.65 0.1435416671875 0.65 0.1135416671875 0.5728125000000001 0.1135416671875 0.5728125000000001 0.1435416671875 0.65 0.1435416671875
1 0.72828125 0.1552083328125 0.72828125 0.12395833281249999 0.65 0.12395833281249999 0.65 0.1552083328125 0.72828125 0.1552083328125
1 0.594375 0.528125 0.594375 0.4525 0.3909375 0.4525 0.3909375 0.528125 0.594375 0.528125
1 0.61390625 0.4954166671875 0.61390625 0.4485416671875 0.5923437500000001 0.4485416671875 0.5923437500000001 0.4954166671875 0.61390625 0.4954166671875
1 0.8631249999999999 0.635 0.8631249999999999 0.54625 0.8300000000000001 0.54625 0.8300000000000001 0.635 0.8631249999999999 0.635
1 0.90234375 0.7039583328125001 0.90234375 0.5958333328125 0.8612500000000001 0.5958333328125 0.8612500000000001 0.7039583328125001 0.90234375 0.7039583328125001
1 0.96484375 0.82 0.96484375 0.6714583328125 0.89453125 0.6714583328125 0.89453125 0.82 0.96484375 0.82
1 1 0.7691666671874999 0.9521875 0.7691666671874999 0.9521875 0.9385416671875 1 0.9385416671875 1 0.7691666671874999
1 0.70375 0.46020833281250006 0.70375 0.42895833281250006 0.6646875 0.42895833281250006 0.6646875 0.46020833281250006 0.70375 0.46020833281250006
2 0.49609375 0.425 0.49609375 0.25187499999999996 0.44328124999999996 0.25187499999999996 0.44328124999999996 0.425 0.49609375 0.425
4 0.24421875 0.27625 0.24421875 0.375 0.41734375 0.375 0.41734375 0.27625 0.24421875 0.27625
4 0.24140625 0.3339583328125 0.24140625 0.2660416671875 0.19515625 0.2660416671875 0.19515625 0.3339583328125 0.24140625 0.3339583328125
4 0.3990625 0.4891666671875 0.3990625 0.3620833328125 0.23937499999999998 0.3620833328125 0.23937499999999998 0.4891666671875 0.3990625 0.4891666671875
3 0.32218749999999996 0.2225 0.32218749999999996 0.1185416671875 0.2634375 0.1185416671875 0.2634375 0.2225 0.32218749999999996 0.2225
3 0.42312500000000003 0.2327083328125 0.42312500000000003 0.125 0.3096875 0.125 0.3096875 0.2327083328125 0.42312500000000003 0.2327083328125
3 0.36343749999999997 0.0339583328125 0.36343749999999997 0.14937499999999998 0.42781250000000004 0.14937499999999998 0.42781250000000004 0.0339583328125 0.36343749999999997 0.0339583328125
3 0.37312500000000004 0.1379166671875 0.37312500000000004 0.053125 0.325 0.053125 0.325 0.1379166671875 0.37312500000000004 0.1379166671875
3 0.23078125 0.001875 0.23078125 0.08645833281250001 0.31437499999999996 0.08645833281250001 0.31437499999999996 0.001875 0.23078125 0.001875
3 0.31437499999999996 0.148125 0.31437499999999996 0.0725 0.22218749999999998 0.0725 0.22218749999999998 0.148125 0.31437499999999996 0.148125
3 0.275 0.2147916671875 0.275 0.13916666718749998 0.20968749999999997 0.13916666718749998 0.20968749999999997 0.2147916671875 0.275 0.2147916671875
2 0.61984375 0.1795833328125 0.61984375 0.47083333281249995 0.67578125 0.47083333281249995 0.67578125 0.1795833328125 0.61984375 0.1795833328125