1 0.6990624999999999 0.20574074062499997 0.6990624999999999 0.1609259265625 0.62546875 0.1609259265625 0.62546875 0.20574074062499997 0.6990624999999999 0.20574074062499997
1 0.70984375 0.25194444374999997 0.70984375 0.1993518515625 0.62546875 0.1993518515625 0.62546875 0.25194444374999997 0.70984375 0.25194444374999997
1 0.9601041671875 0.7390740734375 0.9601041671875 0.6006481484374999 0.7934895828124999 0.6006481484374999 0.7934895828124999 0.7390740734375 0.9601041671875 0.7390740734375
1 0.2844270828125 0.4828703703125 0.2844270828125 0.45203703749999996 0.125 0.45203703749999996 0.125 0.4828703703125 0.2844270828125 0.4828703703125
1 0.2839583328125 0.548796296875 0.2839583328125 0.5171296296875 0.1271875 0.5171296296875 0.1271875 0.548796296875 0.2839583328125 0.548796296875
1 0.2853645828125 0.628703703125 0.2853645828125 0.5686111109375 0.130625 0.5686111109375 0.130625 0.628703703125 0.2853645828125 0.628703703125
1 0.4077083328125 0.4826851859375 0.4077083328125 0.4326851859375 0.2908854171875 0.4326851859375 0.2908854171875 0.4826851859375 0.4077083328125 0.4826851859375
1 0.3976041671875 0.5506481484375 0.3976041671875 0.5109259265625 0.2800520828125 0.5109259265625 0.2800520828125 0.5506481484375 0.3976041671875 0.5506481484375
1 0.3997395828125 0.6313888890625 0.3997395828125 0.5890740734375 0.2908854171875 0.5890740734375 0.2908854171875 0.6313888890625 0.3997395828125 0.6313888890625
2 0.3759895828125 0.625 0.3759895828125 0.3429629625 0.29359375 0.3429629625 0.29359375 0.625 0.3759895828125 0.625
2 0.10984374999999999 0.6313888890625 0.10984374999999999 0.3583333328125 0.0096354171875 0.3583333328125 0.0096354171875 0.6313888890625 0.10984374999999999 0.6313888890625
2 0.5684895828125 0.5583333328125 0.5684895828125 0.44037037031250004 0.5273958328125 0.44037037031250004 0.5273958328125 0.5583333328125 0.5684895828125 0.5583333328125
4 0.51828125 0.6224074078124999 0.51828125 0.3966666671875 0.3896875 0.3966666671875 0.3896875 0.6224074078124999 0.51828125 0.6224074078124999
4 0.31609375 0.423703703125 0.31609375 0.3649074078125 0.2382291671875 0.3649074078125 0.2382291671875 0.423703703125 0.31609375 0.423703703125
1 0.6285937500000001 0.5382407406249999 0.6285937500000001 0.5593518515625 0.7123437499999999 0.5593518515625 0.7123437499999999 0.5382407406249999 0.6285937500000001 0.5382407406249999
1 0.55859375 0.5406481484375 0.55859375 0.55694444375 0.6034375 0.55694444375 0.6034375 0.5406481484375 0.55859375 0.5406481484375
1 0.63453125 0.313703703125 0.63453125 0.33888888906250003 0.7105208328125 0.33888888906250003 0.7105208328125 0.313703703125 0.63453125 0.313703703125