1 0.39401041718749996 0.4813888890625 0.39401041718749996 0.4390740734375 0.2735416671875 0.4390740734375 0.2735416671875 0.4813888890625 0.39401041718749996 0.4813888890625
1 0.3990625 0.54805555625 0.3990625 0.5109259265625 0.2742708328125 0.5109259265625 0.2742708328125 0.54805555625 0.3990625 0.54805555625
1 0.396875 0.637777778125 0.396875 0.585277778125 0.2742708328125 0.585277778125 0.2742708328125 0.637777778125 0.396875 0.637777778125
1 0.20359375000000002 0.6173148140625 0.20359375000000002 0.5826851859375 0.1278645828125 0.5826851859375 0.1278645828125 0.6173148140625 0.20359375000000002 0.6173148140625
1 0.2851041671875 0.585277778125 0.2851041671875 0.5493518515625 0.1934895828125 0.5493518515625 0.1934895828125 0.585277778125 0.2851041671875 0.585277778125
1 0.27859375000000003 0.6147222218749999 0.27859375000000003 0.5890740734375 0.2425520828125 0.5890740734375 0.2425520828125 0.6147222218749999 0.27859375000000003 0.6147222218749999
1 0.9319791671875001 0.15324074062499998 0.9319791671875001 0.0634259265625 0.809375 0.0634259265625 0.809375 0.15324074062499998 0.9319791671875001 0.15324074062499998
1 0.9341145828125 0.203240740625 0.9341145828125 0.10574074062500001 0.81875 0.10574074062500001 0.81875 0.203240740625 0.9341145828125 0.203240740625
1 0.9644270828125 0.575 0.9644270828125 0.5211111109375001 0.8461458328125 0.5211111109375001 0.8461458328125 0.575 0.9644270828125 0.575
1 0.9160937499999999 0.30194444374999996 0.9160937499999999 0.264722221875 0.8172916671875001 0.264722221875 0.8172916671875001 0.30194444374999996 0.9160937499999999 0.30194444374999996
2 0.48557291718749995 0.003240740625 0.48557291718749995 0.7199074078125001 0.9261979171875 0.7199074078125001 0.9261979171875 0.003240740625 0.48557291718749995 0.003240740625
2 0.26057291718750003 0.623703703125 0.26057291718750003 0.346759259375 0.1653645828125 0.346759259375 0.1653645828125 0.623703703125 0.26057291718750003 0.623703703125
4 0.7077083328125 0.6865740734375 0.7077083328125 0.4493518515625 0.3896875 0.4493518515625 0.3896875 0.6865740734375 0.7077083328125 0.6865740734375
4 0.3860416671875 0.24805555625000003 0.3860416671875 0.48527777812500006 0.6961458328125001 0.48527777812500006 0.6961458328125001 0.24805555625000003 0.3860416671875 0.24805555625000003
4 0.378125 0.05444444375 0.378125 0.24555555624999997 0.6997395828124999 0.24555555624999997 0.6997395828124999 0.05444444375 0.378125 0.05444444375
4 0.3773958328125 0.0006481484375 0.3773958328125 0.05444444375 0.696875 0.05444444375 0.696875 0.0006481484375 0.3773958328125 0.0006481484375
4 0.14880208281250001 0.30962962968749996 0.14880208281250001 0.19037037031249998 0.0016666671875 0.19037037031249998 0.0016666671875 0.30962962968749996 0.14880208281250001 0.30962962968749996
4 0.1538541671875 0.39555555625 0.1538541671875 0.29675925937500003 0.0009375 0.29675925937500003 0.0009375 0.39555555625 0.1538541671875 0.39555555625
4 0.1502604171875 0.462222221875 0.1502604171875 0.38527777812499997 0.0009375 0.38527777812499997 0.0009375 0.462222221875 0.1502604171875 0.462222221875
4 0.1516666671875 0.5326851859375 0.1516666671875 0.44555555625 0.0009375 0.44555555625 0.0009375 0.5326851859375 0.1516666671875 0.5326851859375
4 0.14953125 0.6147222218749999 0.14953125 0.5160185187499999 0.0420833328125 0.5160185187499999 0.0420833328125 0.6147222218749999 0.14953125 0.6147222218749999
4 0.0434895828125 0.61601851875 0.0434895828125 0.525 0.0016666671875 0.525 0.0016666671875 0.61601851875 0.0434895828125 0.61601851875
4 0.2360416671875 0.353240740625 0.2360416671875 0.2673148140625 0.11708333281250001 0.2673148140625 0.11708333281250001 0.353240740625 0.2360416671875 0.353240740625
4 0.21515625 0.5326851859375 0.21515625 0.45194444375 0.1315104171875 0.45194444375 0.1315104171875 0.5326851859375 0.21515625 0.5326851859375
4 0.22088541718750002 0.4609259265625 0.22088541718750002 0.3429629625 0.11822916718750001 0.3429629625 0.11822916718750001 0.4609259265625 0.22088541718750002 0.4609259265625