1 0.48270833281250003 0.5800925921875 0.48270833281250003 0.553240740625 0.42281250000000004 0.553240740625 0.42281250000000004 0.5800925921875 0.48270833281250003 0.5800925921875
1 0.24973958281250003 0.605740740625 0.24973958281250003 0.5570370375 0.1740625 0.5570370375 0.1740625 0.605740740625 0.24973958281250003 0.605740740625
2 0.6738020828125 0.6288888890625 0.6738020828125 0.35194444375 0.46828125 0.35194444375 0.46828125 0.6288888890625 0.6738020828125 0.6288888890625
4 0.9990625 0.6903703703125 0.9990625 0.4711111109375 0.7949479171875 0.4711111109375 0.7949479171875 0.6903703703125 0.9990625 0.6903703703125
4 0.996875 0.6506481484375 0.996875 0.496759259375 0.7264583328125 0.496759259375 0.7264583328125 0.6506481484375 0.996875 0.6506481484375
4 0.72859375 0.36222222187500003 0.72859375 0.49935185156250006 0.9990625 0.49935185156250006 0.9990625 0.36222222187500003 0.72859375 0.36222222187500003
4 0.725 0.2211111109375 0.725 0.39805555625 0.9882291671875001 0.39805555625 0.9882291671875001 0.2211111109375 0.725 0.2211111109375
4 0.9875 0.262222221875 0.9875 0.094259259375 0.7242708328125 0.094259259375 0.7242708328125 0.262222221875 0.9875 0.262222221875
4 0.7228125000000001 0.0006481484375 0.7228125000000001 0.1711111109375 0.9867708328125 0.1711111109375 0.9867708328125 0.0006481484375 0.7228125000000001 0.0006481484375
4 0.72140625 0.004444443750000001 0.72140625 0.07370370312499999 0.9831770828125 0.07370370312499999 0.9831770828125 0.004444443750000001 0.72140625 0.004444443750000001
4 0.5192187500000001 0.40259259218750004 0.5192187500000001 0.6354629625 0.6965104171875 0.6354629625 0.6965104171875 0.40259259218750004 0.5192187500000001 0.40259259218750004
4 0.5148958328125001 0.178703703125 0.5148958328125001 0.4238888890625 0.688125 0.4238888890625 0.688125 0.178703703125 0.5148958328125001 0.178703703125
4 0.905625 0.6215740734375 0.905625 0.3983333328125 0.686875 0.3983333328125 0.686875 0.6215740734375 0.905625 0.6215740734375
4 0.6675520828125 0.4250925921875 0.6675520828125 0.248796296875 0.5043229171875 0.248796296875 0.5043229171875 0.4250925921875 0.6675520828125 0.4250925921875
4 0.6830729171875001 0.598703703125 0.6830729171875001 0.4233333328125 0.5118229171875 0.4233333328125 0.5118229171875 0.598703703125 0.6830729171875001 0.598703703125
4 0.41166666718749995 0.46962962968750005 0.41166666718749995 0.367222221875 0.3490625 0.367222221875 0.3490625 0.46962962968750005 0.41166666718749995 0.46962962968750005
4 0.4107291671875 0.573240740625 0.4107291671875 0.4651851859375 0.3485416671875 0.4651851859375 0.3485416671875 0.573240740625 0.4107291671875 0.573240740625
1 0.3468229171875 0.4375925921875 0.3468229171875 0.4129629625 0.27567708281250003 0.4129629625 0.27567708281250003 0.4375925921875 0.3468229171875 0.4375925921875
1 0.348125 0.58055555625 0.348125 0.5606481484375 0.31916666718750003 0.5606481484375 0.31916666718750003 0.58055555625 0.348125 0.58055555625
1 0.2605208328125 0.4458333328125 0.2605208328125 0.5828703703125 0.32046874999999997 0.5828703703125 0.32046874999999997 0.4458333328125 0.2605208328125 0.4458333328125
1 0.1716666671875 0.6221296296875 0.1716666671875 0.5441666671875 0.0029166671875000003 0.5441666671875 0.0029166671875000003 0.6221296296875 0.1716666671875 0.6221296296875
1 0.1694791671875 0.6938888890625 0.1694791671875 0.5995370375 0.0016666671875 0.5995370375 0.0016666671875 0.6938888890625 0.1694791671875 0.6938888890625
1 0.169375 0.7631481484375 0.169375 0.647777778125 0.0030729171875 0.647777778125 0.0030729171875 0.7631481484375 0.169375 0.7631481484375