1 0.44953125 0.5865740734375 0.44953125 0.553240740625 0.3809895828125 0.553240740625 0.3809895828125 0.5865740734375 0.44953125 0.5865740734375
1 0.1740625 0.6224074078124999 0.1740625 0.5686111109375 0.0016666671875 0.5686111109375 0.0016666671875 0.6224074078124999 0.1740625 0.6224074078124999
1 0.303125 0.5980555562500001 0.303125 0.5570370375 0.2375 0.5570370375 0.2375 0.5980555562500001 0.303125 0.5980555562500001
1 0.3038541671875 0.4326851859375 0.3038541671875 0.3903703703125 0.2071875 0.3903703703125 0.2071875 0.4326851859375 0.3038541671875 0.4326851859375
2 0.6730729171875 0.646759259375 0.6730729171875 0.3109259265625 0.4178125 0.3109259265625 0.4178125 0.646759259375 0.6730729171875 0.646759259375
4 0.6997395828124999 0.65444444375 0.6997395828124999 0.3673148140625 0.48484375 0.3673148140625 0.48484375 0.65444444375 0.6997395828124999 0.65444444375
4 0.6709375 0.6199074078125 0.6709375 0.40064814843749996 0.4726041671875 0.40064814843749996 0.4726041671875 0.6199074078125 0.6709375 0.6199074078125
4 0.9983333328124999 0.7570370375000001 0.9983333328124999 0.473703703125 0.8446875 0.473703703125 0.8446875 0.7570370375000001 0.9983333328124999 0.7570370375000001
4 0.996875 0.6903703703125 0.996875 0.487777778125 0.74015625 0.487777778125 0.74015625 0.6903703703125 0.996875 0.6903703703125
4 0.74015625 0.31222222187500004 0.74015625 0.5057407406250001 0.9990625 0.5057407406250001 0.9990625 0.31222222187500004 0.74015625 0.31222222187500004
4 0.7408854171875 0.1429629625 0.7408854171875 0.3583333328125 0.9983333328124999 0.3583333328125 0.9983333328124999 0.1429629625 0.7408854171875 0.1429629625
4 0.7372395828125 0.0006481484375 0.7372395828125 0.2326851859375 0.9990625 0.2326851859375 0.9990625 0.0006481484375 0.7372395828125 0.0006481484375
4 0.7365625 0.0006481484375 0.7365625 0.094259259375 0.8273958328125 0.094259259375 0.8273958328125 0.0006481484375 0.7365625 0.0006481484375
4 0.7502604171875 0.376296296875 0.7502604171875 0.19555555625 0.6377604171875 0.19555555625 0.6377604171875 0.376296296875 0.7502604171875 0.376296296875
4 0.8886979171875 0.6403703703125 0.8886979171875 0.3916666671875 0.6839062499999999 0.3916666671875 0.6839062499999999 0.6403703703125 0.8886979171875 0.6403703703125
4 0.48197916718749995 0.09675925937499999 0.48197916718749995 0.3903703703125 0.6903645828125 0.3903703703125 0.6903645828125 0.09675925937499999 0.48197916718749995 0.09675925937499999
4 0.48630208281250004 0.4096296296875 0.48630208281250004 0.21601851875000003 0.47765625 0.21601851875000003 0.47765625 0.4096296296875 0.48630208281250004 0.4096296296875
4 0.37093750000000003 0.462222221875 0.37093750000000003 0.3493518515625 0.30026041718749996 0.3493518515625 0.30026041718749996 0.462222221875 0.37093750000000003 0.462222221875
4 0.3730729171875 0.5762962968750001 0.3730729171875 0.4583333328125 0.30026041718749996 0.4583333328125 0.30026041718749996 0.5762962968750001 0.3730729171875 0.5762962968750001
1 0.3828125 0.564259259375 0.3828125 0.420277778125 0.3658854171875 0.420277778125 0.3658854171875 0.564259259375 0.3828125 0.564259259375
1 0.2563020828125 0.5884259265625 0.2563020828125 0.4313888890625 0.18307291718750002 0.4313888890625 0.18307291718750002 0.5884259265625 0.2563020828125 0.5884259265625