1 0.63125 0.305740740625 0.63125 0.1634259265625 0.4415625 0.1634259265625 0.4415625 0.305740740625 0.63125 0.305740740625
1 0.6297916671875 0.6800925921875 0.6297916671875 0.5826851859375 0.4545833328125 0.5826851859375 0.4545833328125 0.6800925921875 0.6297916671875 0.6800925921875
1 0.43796875 0.6673148140625 0.43796875 0.58398148125 0.35578125 0.58398148125 0.35578125 0.6673148140625 0.43796875 0.6673148140625
1 0.3571875 0.805740740625 0.3571875 0.637777778125 0.0016666671875 0.637777778125 0.0016666671875 0.805740740625 0.3571875 0.805740740625
1 0.9997395828125001 0.7173148140625 0.9997395828125001 0.5813888890625 0.865625 0.5813888890625 0.865625 0.7173148140625 0.9997395828125001 0.7173148140625
4 0.7704166671875 0.6300925921875 0.7704166671875 0.3596296296875 0.6261979171875 0.3596296296875 0.6261979171875 0.6300925921875 0.7704166671875 0.6300925921875
4 0.6297916671875 0.1070370375 0.6297916671875 0.38527777812499997 0.7696875000000001 0.38527777812499997 0.7696875000000001 0.1070370375 0.6297916671875 0.1070370375
1 0.8300520828125 0.4220370375 0.8300520828125 0.3713888890625 0.786875 0.3713888890625 0.786875 0.4220370375 0.8300520828125 0.4220370375
1 0.8104687500000001 0.457777778125 0.8104687500000001 0.42555555624999997 0.7784895828125 0.42555555624999997 0.7784895828125 0.457777778125 0.8104687500000001 0.457777778125
1 0.84140625 0.49259259218749996 0.84140625 0.431759259375 0.7846875 0.431759259375 0.7846875 0.49259259218749996 0.84140625 0.49259259218749996
1 0.79609375 0.4921296296875 0.79609375 0.4700925921875 0.7827083328125 0.4700925921875 0.7827083328125 0.4921296296875 0.79609375 0.4921296296875
1 0.7978125 0.5124074078125 0.7978125 0.49259259218749996 0.7772395828125 0.49259259218749996 0.7772395828125 0.5124074078125 0.7978125 0.5124074078125
1 0.7933333328125001 0.543240740625 0.7933333328125001 0.5154629625 0.7775000000000001 0.5154629625 0.7775000000000001 0.543240740625 0.7933333328125001 0.543240740625
1 0.7869270828125 0.60305555625 0.7869270828125 0.5536111109374999 0.7651041671875001 0.5536111109374999 0.7651041671875001 0.60305555625 0.7869270828125 0.60305555625
1 0.57640625 0.695277778125 0.57640625 0.274722221875 0.3871875 0.274722221875 0.3871875 0.695277778125 0.57640625 0.695277778125