1 0.3040625 0.644259259375 0.3040625 0.5806481484375 0.1084375 0.5806481484375 0.1084375 0.644259259375 0.3040625 0.644259259375
1 0.49135416718749997 0.37759259218749996 0.49135416718749997 0.3186111109375 0.3702083328125 0.3186111109375 0.3702083328125 0.37759259218749996 0.49135416718749997 0.37759259218749996
1 0.7300520828125 0.60194444375 0.7300520828125 0.54555555625 0.6125 0.54555555625 0.6125 0.60194444375 0.7300520828125 0.60194444375
1 0.4516666671875 0.6134259265625001 0.4516666671875 0.376296296875 0.3492708328125 0.376296296875 0.3492708328125 0.6134259265625001 0.4516666671875 0.6134259265625001
2 0.37666666718749997 0.0019444437500000002 0.37666666718749997 0.6826851859375 0.7235416671875 0.6826851859375 0.7235416671875 0.0019444437500000002 0.37666666718749997 0.0019444437500000002
4 0.9997395828125001 0.6890740734375 0.9997395828125001 0.225 0.9190104171875 0.225 0.9190104171875 0.6890740734375 0.9997395828125001 0.6890740734375
4 0.9160937499999999 0.0019444437500000002 0.9160937499999999 0.2993518515625 0.9990625 0.2993518515625 0.9990625 0.0019444437500000002 0.9160937499999999 0.0019444437500000002
4 0.5252604171875 0.3903703703125 0.5252604171875 0.26342592656249997 0.4877604171875 0.26342592656249997 0.4877604171875 0.3903703703125 0.5252604171875 0.3903703703125
1 0.7939583328125 0.3754629625 0.7939583328125 0.3056481484375 0.5652604171875 0.3056481484375 0.5652604171875 0.3754629625 0.7939583328125 0.3754629625
1 0.8043229171874999 0.4175 0.8043229171874999 0.3609259265625 0.5667708328125001 0.3609259265625 0.5667708328125001 0.4175 0.8043229171874999 0.4175
1 0.8006249999999999 0.4543518515625 0.8006249999999999 0.4175 0.5667708328125001 0.4175 0.5667708328125001 0.4543518515625 0.8006249999999999 0.4543518515625
1 0.8730729171875 0.5878703703125 0.8730729171875 0.6468518515625 0.93 0.6468518515625 0.93 0.5878703703125 0.8730729171875 0.5878703703125
1 0.8722916671875 0.5414814812500001 0.8722916671875 0.5934259265625 0.9276562500000001 0.5934259265625 0.9276562500000001 0.5414814812500001 0.8722916671875 0.5414814812500001
1 0.8707291671874999 0.5006481484374999 0.8707291671874999 0.5358333328125 0.9276562500000001 0.5358333328125 0.9276562500000001 0.5006481484374999 0.8707291671874999 0.5006481484374999
1 0.8738541671875 0.46694444375 0.8738541671875 0.49648148125 0.9292187500000001 0.49648148125 0.9292187500000001 0.46694444375 0.8738541671875 0.46694444375
1 0.8738541671875 0.41351851875 0.8738541671875 0.46694444375 0.9331770828125 0.46694444375 0.9331770828125 0.41351851875 0.8738541671875 0.41351851875
1 0.8738541671875 0.358703703125 0.8738541671875 0.42194444375 0.9284375 0.42194444375 0.9284375 0.358703703125 0.8738541671875 0.358703703125
1 0.8715104171875 0.3178703703125 0.8715104171875 0.37694444374999997 0.9268750000000001 0.37694444374999997 0.9268750000000001 0.3178703703125 0.8715104171875 0.3178703703125
1 0.8746875 0.27435185156249997 0.8746875 0.33898148125 0.9165625000000001 0.33898148125 0.9165625000000001 0.27435185156249997 0.8746875 0.27435185156249997
1 0.8730729171875 0.223703703125 0.8730729171875 0.3024074078125 0.9189583328125 0.3024074078125 0.9189583328125 0.223703703125 0.8730729171875 0.223703703125
1 0.8754687499999999 0.1843518515625 0.8754687499999999 0.2518518515625 0.91734375 0.2518518515625 0.91734375 0.1843518515625 0.8754687499999999 0.1843518515625
1 0.8691145828125 0.133703703125 0.8691145828125 0.2166666671875 0.9181770828125 0.2166666671875 0.9181770828125 0.133703703125 0.8691145828125 0.133703703125
1 0.8722916671875 0.0915740734375 0.8722916671875 0.1716666671875 0.91578125 0.1716666671875 0.91578125 0.0915740734375 0.8722916671875 0.0915740734375
1 0.8683333328125 0.0479629625 0.8683333328125 0.1323148140625 0.9142187500000001 0.1323148140625 0.9142187500000001 0.0479629625 0.8683333328125 0.0479629625
1 0.8643750000000001 0.0015740734374999998 0.8643750000000001 0.0971296296875 0.9102604171875001 0.0971296296875 0.9102604171875001 0.0015740734374999998 0.8643750000000001 0.0015740734374999998
1 0.73546875 0.5484259265625 0.73546875 0.5765740734375 0.8707291671874999 0.5765740734375 0.8707291671874999 0.5484259265625 0.73546875 0.5484259265625
1 0.7283333328125 0.5203703703125 0.7283333328125 0.5484259265625 0.8707291671874999 0.5484259265625 0.8707291671874999 0.5203703703125 0.7283333328125 0.5203703703125
1 0.7283333328125 0.4865740734375 0.7283333328125 0.5203703703125 0.8715104171875 0.5203703703125 0.8715104171875 0.4865740734375 0.7283333328125 0.4865740734375
1 0.7252083328125 0.46268518593749997 0.7252083328125 0.4865740734375 0.8715104171875 0.4865740734375 0.8715104171875 0.46268518593749997 0.7252083328125 0.46268518593749997
1 0.7299479171875001 0.43462962968749996 0.7299479171875001 0.469722221875 0.8794270828125 0.469722221875 0.8794270828125 0.43462962968749996 0.7299479171875001 0.43462962968749996
1 0.7315104171875 0.5147222218749999 0.7315104171875 0.49925925937500004 0.6991145828125 0.49925925937500004 0.6991145828125 0.5147222218749999 0.7315104171875 0.5147222218749999
1 0.7315104171875 0.5301851859375 0.7315104171875 0.5147222218749999 0.6991145828125 0.5147222218749999 0.6991145828125 0.5301851859375 0.7315104171875 0.5301851859375
1 0.6975 0.4865740734375 0.6975 0.5020370375 0.7291666671875 0.5020370375 0.7291666671875 0.4865740734375 0.6975 0.4865740734375
1 0.8485416671875001 0.334722221875 0.8485416671875001 0.36990740781250003 0.8754687499999999 0.36990740781250003 0.8754687499999999 0.334722221875 0.8485416671875001 0.334722221875