1 0.43510416718749995 0.6186111109375 0.43510416718749995 0.5699074078125 0.3190104171875 0.5699074078125 0.3190104171875 0.6186111109375 0.43510416718749995 0.6186111109375
1 0.1711458328125 0.3634259265625 0.1711458328125 0.2699074078125 0.0478125 0.2699074078125 0.0478125 0.3634259265625 0.1711458328125 0.3634259265625
1 0.15671875 0.6416666671875 0.15671875 0.5711111109375 0.01828125 0.5711111109375 0.01828125 0.6416666671875 0.15671875 0.6416666671875
1 0.10338541718750001 0.66601851875 0.10338541718750001 0.3083333328125 0.0240625 0.3083333328125 0.0240625 0.66601851875 0.10338541718750001 0.66601851875
2 0.6961458328125001 0.0006481484375 0.6961458328125001 0.9622222218750001 0.9983333328124999 0.9622222218750001 0.9983333328124999 0.0006481484375 0.6961458328125001 0.0006481484375
2 0.0377604171875 0.003240740625 0.0377604171875 0.6865740734375 0.4733333328125 0.6865740734375 0.4733333328125 0.003240740625 0.0377604171875 0.003240740625
4 0.9990625 0.8006481484375 0.9990625 0.005740740625 0.7358333328125 0.005740740625 0.7358333328125 0.8006481484375 0.9990625 0.8006481484375
4 0.7329166671875 0.0006481484375 0.7329166671875 0.2006481484375 0.996875 0.2006481484375 0.996875 0.0006481484375 0.7329166671875 0.0006481484375
4 0.575 0.0006481484375 0.575 0.3224074078125 0.74734375 0.3224074078125 0.74734375 0.0006481484375 0.575 0.0006481484375
4 0.9867708328125 0.7352777781250001 0.9867708328125 0.2313888890625 0.584375 0.2313888890625 0.584375 0.7352777781250001 0.9867708328125 0.7352777781250001
4 0.2757291671875 0.4173148140625 0.2757291671875 0.23009259218749997 0.1675520828125 0.23009259218749997 0.1675520828125 0.4173148140625 0.2757291671875 0.4173148140625
4 0.18411458281249998 0.4865740734375 0.18411458281249998 0.40833333281249995 0.1690104171875 0.40833333281249995 0.1690104171875 0.4865740734375 0.18411458281249998 0.4865740734375
1 0.5494270828125 0.5846296296875 0.5494270828125 0.6399074078125 0.5873958328125 0.6399074078125 0.5873958328125 0.5846296296875 0.5494270828125 0.5846296296875
1 0.55078125 0.551296296875 0.55078125 0.5968518515625 0.5869791671875 0.5968518515625 0.5869791671875 0.551296296875 0.55078125 0.551296296875
1 0.5535416671875 0.5146296296874999 0.5535416671875 0.55694444375 0.5869791671875 0.55694444375 0.5869791671875 0.5146296296874999 0.5535416671875 0.5146296296874999
1 0.5535416671875 0.48370370312500005 0.5535416671875 0.512222221875 0.59109375 0.512222221875 0.59109375 0.48370370312500005 0.5535416671875 0.48370370312500005
1 0.5535416671875 0.43814814843749994 0.5535416671875 0.48370370312500005 0.590625 0.48370370312500005 0.590625 0.43814814843749994 0.5535416671875 0.43814814843749994
1 0.5498958328125 0.39101851875000004 0.5498958328125 0.4446296296875 0.5873958328125 0.4446296296875 0.5873958328125 0.39101851875000004 0.5498958328125 0.39101851875000004
1 0.5521874999999999 0.352777778125 0.5521874999999999 0.3999074078125 0.5860416671875 0.3999074078125 0.5860416671875 0.352777778125 0.5521874999999999 0.352777778125
1 0.55125 0.31851851875000003 0.55125 0.3641666671875 0.5855729171874999 0.3641666671875 0.5855729171874999 0.31851851875000003 0.55125 0.31851851875000003
1 0.5521874999999999 0.27953703750000003 0.5521874999999999 0.32592592656249997 0.5782812500000001 0.32592592656249997 0.5782812500000001 0.27953703750000003 0.5521874999999999 0.27953703750000003
1 0.43776041718750003 0.5553703703124999 0.43776041718750003 0.5829629625 0.5530729171875 0.5829629625 0.5530729171875 0.5553703703124999 0.43776041718750003 0.5553703703124999
1 0.43869791718749995 0.5292592593750001 0.43869791718749995 0.5553703703124999 0.5530729171875 0.5553703703124999 0.5530729171875 0.5292592593750001 0.43869791718749995 0.5292592593750001
1 0.43869791718749995 0.5008333328125001 0.43869791718749995 0.5292592593750001 0.5535416671875 0.5292592593750001 0.5535416671875 0.5008333328125001 0.43869791718749995 0.5008333328125001
1 0.441875 0.4763888890625 0.441875 0.5024074078125 0.5567708328125 0.5024074078125 0.5567708328125 0.4763888890625 0.441875 0.4763888890625
1 0.44234375000000004 0.45601851875 0.44234375000000004 0.48370370312500005 0.5567708328125 0.48370370312500005 0.5567708328125 0.45601851875 0.44234375000000004 0.45601851875
1 0.44369791718749996 0.426759259375 0.44369791718749996 0.46342592656250003 0.55265625 0.46342592656250003 0.55265625 0.426759259375 0.44369791718749996 0.426759259375
1 0.441875 0.4056481484375 0.441875 0.426759259375 0.55265625 0.426759259375 0.55265625 0.4056481484375 0.441875 0.4056481484375
1 0.41302083281249996 0.5292592593750001 0.41302083281249996 0.5406481484375 0.44140625 0.5406481484375 0.44140625 0.5292592593750001 0.41302083281249996 0.5292592593750001
1 0.4080208328125 0.5137962968750001 0.4080208328125 0.5268518515625 0.441875 0.5268518515625 0.441875 0.5137962968750001 0.4080208328125 0.5137962968750001
1 0.41119791718750004 0.5 0.41119791718750004 0.51305555625 0.44140625 0.51305555625 0.44140625 0.5 0.41119791718750004 0.5
1 0.4080208328125 0.48212962968750006 0.4080208328125 0.5008333328125001 0.44322916718750005 0.5008333328125001 0.44322916718750005 0.48212962968750006 0.4080208328125 0.48212962968750006
1 0.4107291671875 0.46824074062500004 0.4107291671875 0.48370370312500005 0.43958333281249995 0.48370370312500005 0.43958333281249995 0.46824074062500004 0.4107291671875 0.46824074062500004
1 0.4103125 0.45361111093749995 0.4103125 0.46749999999999997 0.4409375 0.46749999999999997 0.4409375 0.45361111093749995 0.4103125 0.45361111093749995
1 0.40848958281250003 0.4365740734375 0.40848958281250003 0.45203703749999996 0.4409375 0.45203703749999996 0.4409375 0.4365740734375 0.40848958281250003 0.4365740734375
1 0.41119791718750004 0.420277778125 0.41119791718750004 0.43898148125 0.44369791718749996 0.43898148125 0.44369791718749996 0.420277778125 0.41119791718750004 0.420277778125
1 0.41119791718750004 0.4048148140625 0.41119791718750004 0.41944444374999995 0.4409375 0.41944444374999995 0.4409375 0.4048148140625 0.41119791718750004 0.4048148140625
1 0.4034375 0.37305555625000003 0.4034375 0.38935185156249996 0.46244791718749995 0.38935185156249996 0.46244791718749995 0.37305555625000003 0.4034375 0.37305555625000003
1 0.320625 0.031666667187500004 0.320625 0.12398148125 0.5475 0.12398148125 0.5475 0.031666667187500004 0.320625 0.031666667187500004
1 0.3233854171875 0.0025 0.3233854171875 0.05601851875 0.5488541671875 0.05601851875 0.5488541671875 0.0025 0.3233854171875 0.0025
1 0.55171875 0.20101851874999999 0.55171875 0.2658333328125 0.58015625 0.2658333328125 0.58015625 0.20101851874999999 0.55171875 0.20101851874999999
1 0.5494270828125 0.15851851875 0.5494270828125 0.21314814843750002 0.5790104171875 0.21314814843750002 0.5790104171875 0.15851851875 0.5494270828125 0.15851851875
1 0.5494270828125 0.07148148125 0.5494270828125 0.1524074078125 0.5790104171875 0.1524074078125 0.5790104171875 0.07148148125 0.5494270828125 0.07148148125