1 0.9319791671875001 0.6083333328125 0.9319791671875001 0.5493518515625 0.74734375 0.5493518515625 0.74734375 0.6083333328125 0.9319791671875001 0.6083333328125
1 0.9918229171874999 0.56601851875 0.9918229171874999 0.5096296296875 0.9247395828125 0.5096296296875 0.9247395828125 0.56601851875 0.9918229171874999 0.56601851875
1 0.9976041671875 0.603240740625 0.9976041671875 0.5596296296875 0.9103125000000001 0.5596296296875 0.9103125000000001 0.603240740625 0.9976041671875 0.603240740625
1 0.9983333328124999 0.214722221875 0.9983333328124999 0.1775925921875 0.9514583328124999 0.1775925921875 0.9514583328124999 0.214722221875 0.9983333328124999 0.214722221875
1 0.9983333328124999 0.2429629625 0.9983333328124999 0.21601851875000003 0.9507291671875 0.21601851875000003 0.9507291671875 0.2429629625 0.9983333328124999 0.2429629625
2 0.4805208328125 0.7583333328124999 0.4805208328125 0.114722221875 0.3305208328125 0.114722221875 0.3305208328125 0.7583333328124999 0.4805208328125 0.7583333328124999
2 0.9413541671875001 0.40703703750000003 0.9413541671875001 0.6044444437500001 0.9997395828125001 0.6044444437500001 0.9997395828125001 0.40703703750000003 0.9413541671875001 0.40703703750000003
4 0.75890625 0.623703703125 0.75890625 0.47759259218750005 0.6125 0.47759259218750005 0.6125 0.623703703125 0.75890625 0.623703703125
4 0.6196875000000001 0.63398148125 0.6196875000000001 0.4813888890625 0.48270833281250003 0.4813888890625 0.48270833281250003 0.63398148125 0.6196875000000001 0.63398148125
4 0.48484375 0.3711111109375 0.48484375 0.496759259375 0.61828125 0.496759259375 0.61828125 0.3711111109375 0.48484375 0.3711111109375
4 0.490625 0.25833333281250004 0.490625 0.3686111109375 0.6132291671875 0.3686111109375 0.6132291671875 0.25833333281250004 0.490625 0.25833333281250004
4 0.490625 0.1300925921875 0.490625 0.2596296296875 0.6110416671875 0.2596296296875 0.6110416671875 0.1300925921875 0.490625 0.1300925921875
4 0.48411458281249997 0.0109259265625 0.48411458281249997 0.1326851859375 0.6081770828125 0.1326851859375 0.6081770828125 0.0109259265625 0.48411458281249997 0.0109259265625
4 0.48411458281249997 0.003240740625 0.48411458281249997 0.0109259265625 0.603125 0.0109259265625 0.603125 0.003240740625 0.48411458281249997 0.003240740625
4 0.2858333328125 0.003240740625 0.2858333328125 0.29555555624999996 0.490625 0.29555555624999996 0.490625 0.003240740625 0.2858333328125 0.003240740625
4 0.5086458328125001 0.7275925921875 0.5086458328125001 0.2826851859375 0.28796875 0.2826851859375 0.28796875 0.7275925921875 0.5086458328125001 0.7275925921875
4 0.3103125 0.75194444375 0.3103125 0.29555555624999996 0.0190104171875 0.29555555624999996 0.0190104171875 0.75194444375 0.3103125 0.75194444375
4 0.0117708328125 0.004444443750000001 0.0117708328125 0.3211111109375 0.3023958328125 0.3211111109375 0.3023958328125 0.004444443750000001 0.0117708328125 0.004444443750000001