1 0.8129687499999999 0.587777778125 0.8129687499999999 0.54555555625 0.6759375000000001 0.54555555625 0.6759375000000001 0.587777778125 0.8129687499999999 0.587777778125
1 0.8706770828125 0.553240740625 0.8706770828125 0.5134259265625001 0.8021874999999999 0.5134259265625001 0.8021874999999999 0.553240740625 0.8706770828125 0.553240740625
1 0.8678125 0.5826851859375 0.8678125 0.5583333328125 0.8071875000000001 0.5583333328125 0.8071875000000001 0.5826851859375 0.8678125 0.5826851859375
1 0.9773958328125 0.25194444374999997 0.9773958328125 0.223703703125 0.8865624999999999 0.223703703125 0.8865624999999999 0.25194444374999997 0.9773958328125 0.25194444374999997
1 0.9738020828125 0.2890740734375 0.9738020828125 0.2570370375 0.8908854171874999 0.2570370375 0.8908854171874999 0.2890740734375 0.9738020828125 0.2890740734375
2 0.25625 0.0019444437500000002 0.25625 0.7390740734375 0.7019270828125 0.7390740734375 0.7019270828125 0.0019444437500000002 0.25625 0.0019444437500000002
2 0.9139583328124999 0.585277778125 0.9139583328124999 0.3416666671875 0.8288541671875 0.3416666671875 0.8288541671875 0.585277778125 0.9139583328124999 0.585277778125
4 0.42354166718749997 0.6429629625 0.42354166718749997 0.38527777812499997 0.3601041671875 0.38527777812499997 0.3601041671875 0.6429629625 0.42354166718749997 0.6429629625
4 0.3615625 0.1326851859375 0.3615625 0.3916666671875 0.5540625 0.3916666671875 0.5540625 0.1326851859375 0.3615625 0.1326851859375
4 0.36875 0.3890740734375 0.36875 0.126296296875 0.2065104171875 0.126296296875 0.2065104171875 0.3890740734375 0.36875 0.3890740734375
4 0.36515624999999996 0.6519444437499999 0.36515624999999996 0.3890740734375 0.1971354171875 0.3890740734375 0.1971354171875 0.6519444437499999 0.36515624999999996 0.6519444437499999
1 0.0494270828125 0.6052777781249999 0.0494270828125 0.6519444437499999 0.20031249999999998 0.6519444437499999 0.20031249999999998 0.6052777781249999 0.0494270828125 0.6052777781249999
1 0.0494270828125 0.573240740625 0.0494270828125 0.61694444375 0.19869791718750002 0.61694444375 0.19869791718750002 0.573240740625 0.0494270828125 0.573240740625
1 0.05598958281250001 0.54694444375 0.05598958281250001 0.573240740625 0.1166666671875 0.573240740625 0.1166666671875 0.54694444375 0.05598958281250001 0.54694444375
1 0.05598958281250001 0.5090740734375 0.05598958281250001 0.54694444375 0.1199479171875 0.54694444375 0.1199479171875 0.5090740734375 0.05598958281250001 0.5090740734375
1 0.05927083281249999 0.47407407343749997 0.05927083281249999 0.5149074078125 0.12322916718750002 0.5149074078125 0.12322916718750002 0.47407407343749997 0.05927083281249999 0.47407407343749997
1 0.05109375000000001 0.43333333281249997 0.05109375000000001 0.47407407343749997 0.1359375 0.47407407343749997 0.1359375 0.43333333281249997 0.05109375000000001 0.43333333281249997
1 0.0484895828125 0.3983333328125 0.0484895828125 0.4303703703125 0.14359375000000002 0.4303703703125 0.14359375000000002 0.3983333328125 0.0484895828125 0.3983333328125
1 0.05015625 0.3691666671875 0.05015625 0.40120370312500003 0.14359375000000002 0.40120370312500003 0.14359375000000002 0.3691666671875 0.05015625 0.3691666671875
1 0.05015625 0.3283333328125 0.05015625 0.36037037031249997 0.1321354171875 0.36037037031249997 0.1321354171875 0.3283333328125 0.05015625 0.3283333328125
1 0.058333332812500006 0.29333333281249996 0.058333332812500006 0.3254629625 0.1222916671875 0.3254629625 0.1222916671875 0.29333333281249996 0.058333332812500006 0.29333333281249996
1 0.046875 0.2525 0.046875 0.2875 0.11739583281249999 0.2875 0.11739583281249999 0.2525 0.046875 0.2525
1 0.05015625 0.2204629625 0.05015625 0.2525 0.11739583281249999 0.2525 0.11739583281249999 0.2204629625 0.05015625 0.2204629625
1 0.0452083328125 0.17962962968750001 0.0452083328125 0.2234259265625 0.13703125 0.2234259265625 0.13703125 0.17962962968750001 0.0452083328125 0.17962962968750001
1 0.0452083328125 0.1475925921875 0.0452083328125 0.18842592656249998 0.14359375000000002 0.18842592656249998 0.14359375000000002 0.1475925921875 0.0452083328125 0.1475925921875
1 0.04359375 0.1213888890625 0.04359375 0.1475925921875 0.13703125 0.1475925921875 0.13703125 0.1213888890625 0.04359375 0.1213888890625
1 0.0484895828125 0.0688888890625 0.0484895828125 0.109722221875 0.1288541671875 0.109722221875 0.1288541671875 0.0688888890625 0.0484895828125 0.0688888890625
1 0.12557291718750002 0.06305555625 0.12557291718750002 0.0338888890625 0.04359375 0.0338888890625 0.04359375 0.06305555625 0.12557291718750002 0.06305555625
1 0.001875 0.5848148140625 0.001875 0.6111111109375 0.0371875 0.6111111109375 0.0371875 0.5848148140625 0.001875 0.5848148140625
1 0.0041666671875 0.56055555625 0.0041666671875 0.5848148140625 0.0429166671875 0.5848148140625 0.0429166671875 0.56055555625 0.0041666671875 0.56055555625
1 0.0041666671875 0.5341666671875 0.0041666671875 0.56055555625 0.0417708328125 0.56055555625 0.0417708328125 0.5341666671875 0.0041666671875 0.5341666671875
1 0.00078125 0.5078703703125 0.00078125 0.5341666671875 0.0417708328125 0.5341666671875 0.0417708328125 0.5078703703125 0.00078125 0.5078703703125
1 0.00078125 0.48361111093750003 0.00078125 0.5078703703125 0.0429166671875 0.5078703703125 0.0429166671875 0.48361111093750003 0.00078125 0.48361111093750003
1 0.00078125 0.45722222187500006 0.00078125 0.48361111093750003 0.0429166671875 0.48361111093750003 0.0429166671875 0.45722222187500006 0.00078125 0.45722222187500006
1 0.00078125 0.4390740734375 0.00078125 0.45722222187500006 0.0371875 0.45722222187500006 0.0371875 0.4390740734375 0.00078125 0.4390740734375
1 0.001875 0.4066666671875 0.001875 0.43499999999999994 0.040625 0.43499999999999994 0.040625 0.4066666671875 0.001875 0.4066666671875
1 0.001875 0.3823148140625 0.001875 0.4106481484375 0.0371875 0.4106481484375 0.0371875 0.3823148140625 0.001875 0.3823148140625
1 0.0030208328124999998 0.35805555624999996 0.0030208328124999998 0.3843518515625 0.0348958328125 0.3843518515625 0.0348958328125 0.35805555624999996 0.0030208328124999998 0.35805555624999996
1 0.8998958328125 0.6862962968749999 0.8998958328125 0.822777778125 0.99828125 0.822777778125 0.99828125 0.6862962968749999 0.8998958328125 0.6862962968749999
1 0.9077604171875 0.5988888890624999 0.9077604171875 0.7143518515625 0.99828125 0.7143518515625 0.99828125 0.5988888890624999 0.9077604171875 0.5988888890624999
1 0.9963541671874999 0.5953703703125 0.9963541671874999 0.5149074078125 0.9176041671874999 0.5149074078125 0.9176041671874999 0.5953703703125 0.9963541671874999 0.5953703703125