1 0.9327083328124999 0.596759259375 0.9327083328124999 0.5493518515625 0.7834375 0.5493518515625 0.7834375 0.596759259375 0.9327083328124999 0.596759259375
1 0.9903645828125001 0.5596296296875 0.9903645828125001 0.5224074078125 0.9269270828125 0.5224074078125 0.9269270828125 0.5596296296875 0.9903645828125001 0.5596296296875
1 0.98171875 0.5916666671875 0.98171875 0.5634259265625 0.9319791671875001 0.5634259265625 0.9319791671875001 0.5916666671875 0.98171875 0.5916666671875
1 0.0680208328125 0.6826851859375 0.0680208328125 0.6211111109375 0.003125 0.6211111109375 0.003125 0.6826851859375 0.0680208328125 0.6826851859375
1 0.22161458281250002 0.2211111109375 0.22161458281250002 0.19805555625 0.1408854171875 0.19805555625 0.1408854171875 0.2211111109375 0.22161458281250002 0.2211111109375
1 0.11921875 0.24037037031250003 0.11921875 0.1993518515625 0.044947917187500006 0.1993518515625 0.044947917187500006 0.24037037031250003 0.11921875 0.24037037031250003
1 0.042812499999999996 0.25194444374999997 0.042812499999999996 0.20962962968749999 0.0002604171875 0.20962962968749999 0.0002604171875 0.25194444374999997 0.042812499999999996 0.25194444374999997
2 0.584375 0.637777778125 0.584375 0.31601851875000003 0.5035937500000001 0.31601851875000003 0.5035937500000001 0.637777778125 0.584375 0.637777778125
2 0.95 0.44037037031250004 0.95 0.5929629624999999 0.9983333328124999 0.5929629624999999 0.9983333328124999 0.44037037031250004 0.95 0.44037037031250004
2 0.2684895828125 0.076296296875 0.2684895828125 0.6737037031249999 0.43869791718749995 0.6737037031249999 0.43869791718749995 0.076296296875 0.2684895828125 0.076296296875
4 0.575 0.076296296875 0.575 0.1775925921875 0.6709375 0.1775925921875 0.6709375 0.076296296875 0.575 0.076296296875
4 0.67234375 0.25574074062499996 0.67234375 0.162222221875 0.5829166671875 0.162222221875 0.5829166671875 0.25574074062499996 0.67234375 0.25574074062499996
4 0.6773958328125 0.3429629625 0.6773958328125 0.25444444375 0.5829166671875 0.25444444375 0.5829166671875 0.3429629625 0.6773958328125 0.3429629625
4 0.6773958328125 0.4275925921875 0.6773958328125 0.32370370312499996 0.5872395828125 0.32370370312499996 0.5872395828125 0.4275925921875 0.6773958328125 0.4275925921875
4 0.6809895828125 0.5070370375000001 0.6809895828125 0.42629629687500004 0.5886979171875 0.42629629687500004 0.5886979171875 0.5070370375000001 0.6809895828125 0.5070370375000001
4 0.6803125 0.6044444437500001 0.6803125 0.5070370375000001 0.5872395828125 0.5070370375000001 0.5872395828125 0.6044444437500001 0.6803125 0.6044444437500001
4 0.790625 0.6006481484374999 0.790625 0.49296296249999993 0.6773958328125 0.49296296249999993 0.6773958328125 0.6006481484374999 0.790625 0.6006481484374999
4 0.603125 0.63398148125 0.603125 0.396759259375 0.47838541718750005 0.396759259375 0.47838541718750005 0.63398148125 0.603125 0.63398148125
4 0.47765625 0.1570370375 0.47765625 0.4096296296875 0.58796875 0.4096296296875 0.58796875 0.1570370375 0.47765625 0.1570370375
4 0.4797916671875 0.412222221875 0.4797916671875 0.173703703125 0.33703125 0.173703703125 0.33703125 0.412222221875 0.4797916671875 0.412222221875
4 0.48343749999999996 0.6455555562499999 0.48343749999999996 0.40703703750000003 0.4141666671875 0.40703703750000003 0.4141666671875 0.6455555562499999 0.48343749999999996 0.6455555562499999
1 0.20546875 0.37101851875 0.20546875 0.33259259218750004 0.044895832812499994 0.33259259218750004 0.044895832812499994 0.37101851875 0.20546875 0.37101851875
1 0.2009375 0.3933333328125 0.2009375 0.3568518515625 0.0369270828125 0.3568518515625 0.0369270828125 0.3933333328125 0.2009375 0.3933333328125
1 0.20546875 0.423703703125 0.20546875 0.381203703125 0.044895832812499994 0.381203703125 0.044895832812499994 0.423703703125 0.20546875 0.423703703125
1 0.20437500000000003 0.4438888890625 0.20437500000000003 0.41351851875 0.0859375 0.41351851875 0.0859375 0.4438888890625 0.20437500000000003 0.4438888890625
1 0.19979166718750002 0.46212962968750004 0.19979166718750002 0.4378703703125 0.10984374999999999 0.4378703703125 0.10984374999999999 0.46212962968750004 0.19979166718750002 0.46212962968750004
1 0.20661458281249998 0.48842592656250006 0.20661458281249998 0.4561111109375 0.12119791718749999 0.4561111109375 0.12119791718749999 0.48842592656250006 0.20661458281249998 0.48842592656250006
1 0.20661458281249998 0.5026851859375 0.20661458281249998 0.48842592656250006 0.11895833281249998 0.48842592656250006 0.11895833281249998 0.5026851859375 0.20661458281249998 0.5026851859375
1 0.20661458281249998 0.5269444437499999 0.20661458281249998 0.5066666671875 0.1155208328125 0.5066666671875 0.1155208328125 0.5269444437499999 0.20661458281249998 0.5269444437499999
1 0.20661458281249998 0.5573148140625 0.20661458281249998 0.5269444437499999 0.1120833328125 0.5269444437499999 0.1120833328125 0.5573148140625 0.20661458281249998 0.5573148140625
1 0.2077604171875 0.5775925921875 0.2077604171875 0.5573148140625 0.1120833328125 0.5573148140625 0.1120833328125 0.5775925921875 0.2077604171875 0.5775925921875
1 0.2009375 0.6018518515625 0.2009375 0.5775925921875 0.1166666671875 0.5775925921875 0.1166666671875 0.6018518515625 0.2009375 0.6018518515625
1 0.0699479171875 0.589722221875 0.0699479171875 0.6180555562500001 0.1041145828125 0.6180555562500001 0.1041145828125 0.589722221875 0.0699479171875 0.589722221875
1 0.0050520828125 0.57148148125 0.0050520828125 0.589722221875 0.10640625 0.589722221875 0.10640625 0.57148148125 0.0050520828125 0.57148148125
1 0.0050520828125 0.5349999999999999 0.0050520828125 0.57148148125 0.10984374999999999 0.57148148125 0.10984374999999999 0.5349999999999999 0.0050520828125 0.5349999999999999
1 0.0016666671875 0.5148148140625 0.0016666671875 0.5349999999999999 0.10984374999999999 0.5349999999999999 0.10984374999999999 0.5148148140625 0.0016666671875 0.5148148140625
1 0.0005208328124999999 0.48842592656250006 0.0005208328124999999 0.5148148140625 0.10187500000000001 0.5148148140625 0.10187500000000001 0.48842592656250006 0.0005208328124999999 0.48842592656250006
1 0.0027604171875 0.4561111109375 0.0027604171875 0.48842592656250006 0.114375 0.48842592656250006 0.114375 0.4561111109375 0.0027604171875 0.4561111109375