1 0.3081770828125 0.9147222218750001 0.3081770828125 0.6903703703125 0.0023958328125 0.6903703703125 0.0023958328125 0.9147222218750001 0.3081770828125 0.9147222218750001
1 0.64640625 0.6224074078124999 0.64640625 0.562222221875 0.48125 0.562222221875 0.48125 0.6224074078124999 0.64640625 0.6224074078124999
1 0.41203124999999996 0.6916666671875 0.41203124999999996 0.28398148125 0.2908854171875 0.28398148125 0.2908854171875 0.6916666671875 0.41203124999999996 0.6916666671875
1 0.3954166671875 0.305740740625 0.3954166671875 0.21861111093750002 0.27786458281250004 0.21861111093750002 0.27786458281250004 0.305740740625 0.3954166671875 0.305740740625
1 0.7603125000000001 0.13138888906249999 0.7603125000000001 0.1570370375 0.78703125 0.1570370375 0.78703125 0.13138888906249999 0.7603125000000001 0.13138888906249999
1 0.7596354171875 0.21601851875000003 0.7596354171875 0.1493518515625 0.6831770828125 0.1493518515625 0.6831770828125 0.21601851875000003 0.7596354171875 0.21601851875000003
1 0.6565104171875 0.246759259375 0.6565104171875 0.2109259265625 0.6009375 0.2109259265625 0.6009375 0.246759259375 0.6565104171875 0.246759259375
1 0.5988020828125 0.2813888890625 0.5988020828125 0.23777777812499998 0.5396875 0.23777777812499998 0.5396875 0.2813888890625 0.5988020828125 0.2813888890625
4 0.9586458328124999 0.346759259375 0.9586458328124999 0.6506481484375 0.9983333328124999 0.6506481484375 0.9983333328124999 0.346759259375 0.9586458328124999 0.346759259375
4 0.37453125 0.40703703750000003 0.37453125 0.6211111109375 0.42786458281249995 0.6211111109375 0.42786458281249995 0.40703703750000003 0.37453125 0.40703703750000003
4 0.3875 0.2109259265625 0.3875 0.4096296296875 0.41994791718749996 0.4096296296875 0.41994791718749996 0.2109259265625 0.3875 0.2109259265625
1 0.79171875 0.581203703125 0.79171875 0.6200925921875 0.9557291671874999 0.6200925921875 0.9557291671874999 0.581203703125 0.79171875 0.581203703125
1 0.7903645828125 0.5447222218750001 0.7903645828125 0.5836111109375001 0.9611979171874999 0.5836111109375001 0.9611979171874999 0.5447222218750001 0.7903645828125 0.5447222218750001
1 0.7931250000000001 0.51805555625 0.7931250000000001 0.5447222218750001 0.9611979171874999 0.5447222218750001 0.9611979171874999 0.51805555625 0.7931250000000001 0.51805555625
1 0.7931250000000001 0.474259259375 0.7931250000000001 0.51805555625 0.9611979171874999 0.51805555625 0.9611979171874999 0.474259259375 0.7931250000000001 0.474259259375
1 0.7780729171874999 0.440277778125 0.7780729171874999 0.474259259375 0.9611979171874999 0.474259259375 0.9611979171874999 0.440277778125 0.7780729171874999 0.440277778125
1 0.7780729171874999 0.39416666718750004 0.7780729171874999 0.440277778125 0.9653124999999999 0.440277778125 0.9653124999999999 0.39416666718750004 0.7780729171874999 0.39416666718750004
1 0.78625 0.365 0.78625 0.39898148125 0.9625520828124999 0.39898148125 0.9625520828124999 0.365 0.78625 0.365
1 0.7835416671875 0.32370370312499996 0.7835416671875 0.365 0.9625520828124999 0.365 0.9625520828124999 0.32370370312499996 0.7835416671875 0.32370370312499996
1 0.7871875 0.27953703750000003 0.7871875 0.3423148140625 0.9705208328125 0.3423148140625 0.9705208328125 0.27953703750000003 0.7871875 0.27953703750000003
1 0.7871875 0.2411111109375 0.7871875 0.31194444374999997 0.9716666671875 0.31194444374999997 0.9716666671875 0.2411111109375 0.7871875 0.2411111109375
1 0.7894791671875 0.20259259218749998 0.7894791671875 0.27953703750000003 0.9819270828125 0.27953703750000003 0.9819270828125 0.20259259218749998 0.7894791671875 0.20259259218749998
1 0.7860416671875 0.1661111109375 0.7860416671875 0.24305555625 0.9796354171875 0.24305555625 0.9796354171875 0.1661111109375 0.7860416671875 0.1661111109375
1 0.7871875 0.1256481484375 0.7871875 0.2066666671875 0.9682812500000001 0.2066666671875 0.9682812500000001 0.1256481484375 0.7871875 0.1256481484375
1 0.7848958328125 0.089259259375 0.7848958328125 0.1701851859375 0.9682812500000001 0.1701851859375 0.9682812500000001 0.089259259375 0.7848958328125 0.089259259375
1 0.7860416671875 0.052777778124999994 0.7860416671875 0.1256481484375 0.9682812500000001 0.1256481484375 0.9682812500000001 0.052777778124999994 0.7860416671875 0.052777778124999994
1 0.7837500000000001 0.008240740625 0.7837500000000001 0.10546296250000001 0.9636979171875 0.10546296250000001 0.9636979171875 0.008240740625 0.7837500000000001 0.008240740625
1 0.6551041671875 0.5508333328125 0.6551041671875 0.5750925921875 0.739375 0.5750925921875 0.739375 0.5508333328125 0.6551041671875 0.5508333328125
1 0.65734375 0.5265740734375 0.65734375 0.5508333328125 0.739375 0.5508333328125 0.739375 0.5265740734375 0.65734375 0.5265740734375
1 0.65734375 0.504259259375 0.65734375 0.5265740734375 0.74046875 0.5265740734375 0.74046875 0.504259259375 0.65734375 0.504259259375
1 0.6516666671875 0.48 0.6516666671875 0.504259259375 0.74046875 0.504259259375 0.74046875 0.48 0.6516666671875 0.48
1 0.6516666671875 0.4556481484375 0.6516666671875 0.48 0.74046875 0.48 0.74046875 0.4556481484375 0.6516666671875 0.4556481484375
1 0.6619270828125 0.43546296250000005 0.6619270828125 0.4556481484375 0.74046875 0.4556481484375 0.74046875 0.43546296250000005 0.6619270828125 0.43546296250000005
1 0.66078125 0.41518518593750003 0.66078125 0.43546296250000005 0.7370833328125 0.43546296250000005 0.7370833328125 0.41518518593750003 0.66078125 0.41518518593750003
1 0.6698958328125 0.3726851859375 0.6698958328125 0.41518518593750003 0.7370833328125 0.41518518593750003 0.7370833328125 0.3726851859375 0.6698958328125 0.3726851859375
1 0.62546875 0.3463888890625 0.62546875 0.3706481484375 0.7370833328125 0.3706481484375 0.7370833328125 0.3463888890625 0.62546875 0.3463888890625
1 0.6038541671875 0.31398148125 0.6038541671875 0.34435185156250003 0.7382291671875 0.34435185156250003 0.7382291671875 0.31398148125 0.6038541671875 0.31398148125
1 0.7769270828125 0.5549074078125 0.7769270828125 0.5791666671875 0.7928645828125 0.5791666671875 0.7928645828125 0.5549074078125 0.7769270828125 0.5549074078125
1 0.77578125 0.5346296296874999 0.77578125 0.5549074078125 0.7928645828125 0.5549074078125 0.7928645828125 0.5346296296874999 0.77578125 0.5346296296874999
1 0.77578125 0.5103703703125 0.77578125 0.5346296296874999 0.7974479171875 0.5346296296874999 0.7974479171875 0.5103703703125 0.77578125 0.5103703703125
1 0.7780729171874999 0.48194444374999995 0.7780729171874999 0.5103703703125 0.79859375 0.5103703703125 0.79859375 0.48194444374999995 0.7780729171874999 0.48194444374999995
1 0.546875 0.5103703703125 0.546875 0.538703703125 0.6551041671875 0.538703703125 0.6551041671875 0.5103703703125 0.546875 0.5103703703125
1 0.546875 0.48194444374999995 0.546875 0.5103703703125 0.6505208328125 0.5103703703125 0.6505208328125 0.48194444374999995 0.546875 0.48194444374999995
1 0.5480208328125 0.463796296875 0.5480208328125 0.48194444374999995 0.6505208328125 0.48194444374999995 0.6505208328125 0.463796296875 0.5480208328125 0.463796296875
1 0.5480208328125 0.43342592656249995 0.5480208328125 0.463796296875 0.6619270828125 0.463796296875 0.6619270828125 0.43342592656249995 0.5480208328125 0.43342592656249995
1 0.5605729171875 0.4050925921875 0.5605729171875 0.43342592656249995 0.6630729171875 0.43342592656249995 0.6630729171875 0.4050925921875 0.5605729171875 0.4050925921875