1 0.6910937500000001 0.0109259265625 0.6910937500000001 0.0903703703125 0.79421875 0.0903703703125 0.79421875 0.0109259265625 0.6910937500000001 0.0109259265625
1 0.6882291671874999 0.1493518515625 0.6882291671874999 0.0724074078125 0.5988020828125 0.0724074078125 0.5988020828125 0.1493518515625 0.6882291671874999 0.1493518515625
1 0.5764583328125 0.2006481484375 0.5764583328125 0.1365740734375 0.5028645828125 0.1365740734375 0.5028645828125 0.2006481484375 0.5764583328125 0.2006481484375
1 0.43151041718750005 0.1800925921875 0.43151041718750005 0.2429629625 0.5346354171875001 0.2429629625 0.5346354171875001 0.1800925921875 0.43151041718750005 0.1800925921875
1 0.2367708328125 0.5160185187499999 0.2367708328125 0.4390740734375 0.20505208281249998 0.4390740734375 0.20505208281249998 0.5160185187499999 0.2367708328125 0.5160185187499999
1 0.5865625 0.7096296296875 0.5865625 0.6109259265625 0.3153645828125 0.6109259265625 0.3153645828125 0.7096296296875 0.5865625 0.7096296296875
1 0.6305208328125 0.275 0.6305208328125 0.3211111109375 0.69328125 0.3211111109375 0.69328125 0.275 0.6305208328125 0.275
1 0.6940104171875 0.2800925921875 0.6940104171875 0.3070370375 0.7242708328125 0.3070370375 0.7242708328125 0.2800925921875 0.6940104171875 0.2800925921875
1 0.7300520828125 0.523703703125 0.7300520828125 0.494259259375 0.6925520828125 0.494259259375 0.6925520828125 0.523703703125 0.7300520828125 0.523703703125
1 0.69328125 0.5365740734375 0.69328125 0.49555555625 0.6658854171875 0.49555555625 0.6658854171875 0.5365740734375 0.69328125 0.5365740734375
4 0.21296875 0.7429629624999999 0.21296875 0.3275925921875 0.0117708328125 0.3275925921875 0.0117708328125 0.7429629624999999 0.21296875 0.7429629624999999
4 0.0175520828125 0.0006481484375 0.0175520828125 0.355740740625 0.2071875 0.355740740625 0.2071875 0.0006481484375 0.0175520828125 0.0006481484375
1 0.7946875 0.6198148140625 0.7946875 0.685277778125 0.9958854171875 0.685277778125 0.9958854171875 0.6198148140625 0.7946875 0.6198148140625
1 0.7975 0.5694444437499999 0.7975 0.6198148140625 0.9958854171875 0.6198148140625 0.9958854171875 0.5694444437499999 0.7975 0.5694444437499999
1 0.7946875 0.5190740734375 0.7946875 0.5694444437499999 0.9958854171875 0.5694444437499999 0.9958854171875 0.5190740734375 0.7946875 0.5190740734375
1 0.7946875 0.45351851875 0.7946875 0.5190740734375 0.9930208328125 0.5190740734375 0.9930208328125 0.45351851875 0.7946875 0.45351851875
1 0.7975 0.38805555625 0.7975 0.468703703125 0.9958854171875 0.468703703125 0.9958854171875 0.38805555625 0.7975 0.38805555625
1 0.7946875 0.30740740781250003 0.7946875 0.41324074062499994 0.9930208328125 0.41324074062499994 0.9930208328125 0.30740740781250003 0.7946875 0.30740740781250003
1 0.7918229171875 0.2671296296875 0.7918229171875 0.347777778125 0.9902083328125 0.347777778125 0.9902083328125 0.2671296296875 0.7918229171875 0.2671296296875
1 0.7918229171875 0.1915740734375 0.7918229171875 0.3125 0.9930208328125 0.3125 0.9930208328125 0.1915740734375 0.7918229171875 0.1915740734375
1 0.7805208328125001 0.146203703125 0.7805208328125001 0.2570370375 0.9902083328125 0.2570370375 0.9902083328125 0.146203703125 0.7805208328125001 0.146203703125
1 0.7946875 0.075740740625 0.7946875 0.1965740734375 0.9930208328125 0.1965740734375 0.9930208328125 0.075740740625 0.7946875 0.075740740625
1 0.7918229171875 0.015277778124999999 0.7918229171875 0.13620370312500002 0.98734375 0.13620370312500002 0.98734375 0.015277778124999999 0.7918229171875 0.015277778124999999
1 0.73625 0.570740740625 0.73625 0.6093518515625 0.79890625 0.6093518515625 0.79890625 0.570740740625 0.73625 0.570740740625
1 0.73625 0.5343518515625 0.73625 0.570740740625 0.79625 0.570740740625 0.79625 0.5343518515625 0.73625 0.5343518515625
1 0.7329687500000001 0.5038888890625 0.7329687500000001 0.5343518515625 0.79625 0.5343518515625 0.79625 0.5038888890625 0.7329687500000001 0.5038888890625
1 0.7329687500000001 0.4675925921875 0.7329687500000001 0.5038888890625 0.7969270828125 0.5038888890625 0.7969270828125 0.4675925921875 0.7329687500000001 0.4675925921875
1 0.7336458328125001 0.4348148140625 0.7336458328125001 0.4675925921875 0.7969270828125 0.4675925921875 0.7969270828125 0.4348148140625 0.7336458328125001 0.4348148140625
1 0.7336458328125001 0.3961111109375 0.7336458328125001 0.4348148140625 0.7975520828125 0.4348148140625 0.7975520828125 0.3961111109375 0.7336458328125001 0.3961111109375
1 0.7296875 0.3550925921875 0.7296875 0.40083333281250005 0.79296875 0.40083333281250005 0.79296875 0.3550925921875 0.7296875 0.3550925921875
1 0.72703125 0.31759259218749997 0.72703125 0.3656481484375 0.7903125 0.3656481484375 0.7903125 0.31759259218749997 0.72703125 0.31759259218749997
1 0.7244270828125 0.27777777812500004 0.7244270828125 0.33638888906250003 0.79296875 0.33638888906250003 0.79296875 0.27777777812500004 0.7244270828125 0.27777777812500004
1 0.72703125 0.24851851875 0.72703125 0.30361111093750004 0.7903125 0.30361111093750004 0.7903125 0.24851851875 0.72703125 0.24851851875
1 0.7184895828125 0.21453703750000003 0.7184895828125 0.274259259375 0.7876562500000001 0.274259259375 0.7876562500000001 0.21453703750000003 0.7184895828125 0.21453703750000003
1 0.7145312500000001 0.1770370375 0.7145312500000001 0.2391666671875 0.7922916671875 0.2391666671875 0.7922916671875 0.1770370375 0.7145312500000001 0.1770370375
1 0.58140625 0.5648148140625 0.58140625 0.5941666671875 0.6670833328125 0.5941666671875 0.6670833328125 0.5648148140625 0.58140625 0.5648148140625
1 0.58140625 0.5273148140624999 0.58140625 0.5648148140625 0.6696875 0.5648148140625 0.6696875 0.5273148140624999 0.58140625 0.5273148140624999
1 0.5774479171875 0.502777778125 0.5774479171875 0.5273148140624999 0.6651041671875 0.5273148140624999 0.6651041671875 0.502777778125 0.5774479171875 0.502777778125
1 0.5774479171875 0.4699074078125 0.5774479171875 0.502777778125 0.6696875 0.502777778125 0.6696875 0.4699074078125 0.5774479171875 0.4699074078125
1 0.5794270828125 0.43944444374999997 0.5794270828125 0.4699074078125 0.6696875 0.4699074078125 0.6696875 0.43944444374999997 0.5794270828125 0.43944444374999997
1 0.5794270828125 0.417222221875 0.5794270828125 0.4406481484375 0.6683854171875 0.4406481484375 0.6683854171875 0.417222221875 0.5794270828125 0.417222221875
1 0.5794270828125 0.386759259375 0.5794270828125 0.41601851874999995 0.6591666671875 0.41601851874999995 0.6591666671875 0.386759259375 0.5794270828125 0.386759259375
1 0.5715104171875 0.35981481406250004 0.5715104171875 0.39148148125 0.66578125 0.39148148125 0.66578125 0.35981481406250004 0.5715104171875 0.35981481406250004
1 0.5761458328125 0.33055555625 0.5761458328125 0.3645370375 0.6651041671875 0.3645370375 0.6651041671875 0.33055555625 0.5761458328125 0.33055555625
1 0.5484375 0.2976851859375 0.5484375 0.3399074078125 0.663125 0.3399074078125 0.663125 0.2976851859375 0.5484375 0.2976851859375
1 0.6696875 0.3140740734375 0.6696875 0.24731481406250003 0.5168229171875 0.24731481406250003 0.5168229171875 0.3140740734375 0.6696875 0.3140740734375
1 0.5715104171875 0.56601851875 0.5715104171875 0.5343518515625 0.4370833328125 0.5343518515625 0.4370833328125 0.56601851875 0.5715104171875 0.56601851875
1 0.5715104171875 0.5390740734375 0.5715104171875 0.5015740734375 0.43046875 0.5015740734375 0.43046875 0.5390740734375 0.5715104171875 0.5390740734375
1 0.4318229171875 0.4699074078125 0.4318229171875 0.5156481484375 0.5747916671875 0.5156481484375 0.5747916671875 0.4699074078125 0.4318229171875 0.4699074078125
1 0.42984375 0.4406481484375 0.42984375 0.4828703703125 0.5728125000000001 0.4828703703125 0.5728125000000001 0.4406481484375 0.42984375 0.4406481484375
1 0.4291666671875 0.40546296249999997 0.4291666671875 0.45592592656250003 0.5734895828125001 0.45592592656250003 0.5734895828125001 0.40546296249999997 0.4291666671875 0.40546296249999997
1 0.42848958281250005 0.36805555624999997 0.42848958281250005 0.4184259265625 0.5675520828125 0.4184259265625 0.5675520828125 0.36805555624999997 0.42848958281250005 0.36805555624999997