1 0.56921875 0.8083333328125001 0.56921875 0.64805555625 0.2165625 0.64805555625 0.2165625 0.8083333328125001 0.56921875 0.8083333328125001
1 0.1271875 0.4570370375 0.1271875 0.37240740781250004 0.05 0.37240740781250004 0.05 0.4570370375 0.1271875 0.4570370375
1 0.1293229171875 0.562222221875 0.1293229171875 0.44037037031250004 0.060833332812499995 0.44037037031250004 0.060833332812499995 0.562222221875 0.1293229171875 0.562222221875
1 0.5425520828125 0.1775925921875 0.5425520828125 0.1070370375 0.4596354171875 0.1070370375 0.4596354171875 0.1775925921875 0.5425520828125 0.1775925921875
1 0.3694791671875 0.1609259265625 0.3694791671875 0.235277778125 0.5 0.235277778125 0.5 0.1609259265625 0.3694791671875 0.1609259265625
1 0.5613020828125 0.0390740734375 0.5613020828125 0.1173148140625 0.659375 0.1173148140625 0.659375 0.0390740734375 0.5613020828125 0.0390740734375
1 0.6716145828125 0.0006481484375 0.6716145828125 0.05444444375 0.7553124999999999 0.05444444375 0.7553124999999999 0.0006481484375 0.6716145828125 0.0006481484375
1 0.7271875 0.5365740734375 0.7271875 0.49805555625000003 0.6839062499999999 0.49805555625000003 0.6839062499999999 0.5365740734375 0.7271875 0.5365740734375
1 0.6846354171875 0.5377777781249999 0.6846354171875 0.5083333328124999 0.6485416671875 0.5083333328124999 0.6485416671875 0.5377777781249999 0.6846354171875 0.5377777781249999
1 0.6456770828125 0.25444444375 0.6456770828125 0.3134259265625 0.6795833328125 0.3134259265625 0.6795833328125 0.25444444375 0.6456770828125 0.25444444375
1 0.6694791671875 0.25833333281250004 0.6694791671875 0.29805555625 0.7091145828125 0.29805555625 0.7091145828125 0.25833333281250004 0.6694791671875 0.25833333281250004
4 0.0709375 0.776296296875 0.0709375 0.2865740734375 0.003125 0.2865740734375 0.003125 0.776296296875 0.0709375 0.776296296875
4 0.0023958328125 0.0019444437500000002 0.0023958328125 0.3083333328125 0.0615625 0.3083333328125 0.0615625 0.0019444437500000002 0.0023958328125 0.0019444437500000002
1 0.8289583328125 0.656203703125 0.8289583328125 0.7363888890625 0.9956770828125 0.7363888890625 0.9956770828125 0.656203703125 0.8289583328125 0.656203703125
1 0.8303125 0.5881481484375 0.8303125 0.656203703125 0.9915625 0.656203703125 0.9915625 0.5881481484375 0.8303125 0.5881481484375
1 0.8221354171874999 0.50555555625 0.8221354171874999 0.5881481484375 0.9915625 0.5881481484375 0.9915625 0.50555555625 0.8221354171874999 0.50555555625
1 0.8276041671875 0.447222221875 0.8276041671875 0.525 0.99296875 0.525 0.99296875 0.447222221875 0.8276041671875 0.447222221875
1 0.8221354171874999 0.37194444375 0.8221354171874999 0.447222221875 0.99296875 0.447222221875 0.99296875 0.37194444375 0.8221354171874999 0.37194444375
1 0.8221354171874999 0.2966666671875 0.8221354171874999 0.3840740734375 0.9956770828125 0.3840740734375 0.9956770828125 0.2966666671875 0.8221354171874999 0.2966666671875
1 0.7241145828125 0.586296296875 0.7241145828125 0.6325000000000001 0.8280208328124999 0.6325000000000001 0.8280208328124999 0.586296296875 0.7241145828125 0.586296296875
1 0.7311979171874999 0.54851851875 0.7311979171874999 0.586296296875 0.81859375 0.586296296875 0.81859375 0.54851851875 0.7311979171874999 0.54851851875
1 0.7217708328125 0.5191666671874999 0.7217708328125 0.54851851875 0.81859375 0.54851851875 0.81859375 0.5191666671874999 0.7217708328125 0.5191666671874999
1 0.7217708328125 0.468796296875 0.7217708328125 0.5191666671874999 0.81859375 0.5191666671874999 0.81859375 0.468796296875 0.7217708328125 0.468796296875
1 0.7264583328125 0.43518518593750005 0.7264583328125 0.468796296875 0.8209375 0.468796296875 0.8209375 0.43518518593750005 0.7264583328125 0.43518518593750005
1 0.7288541671875 0.38898148125 0.7288541671875 0.4393518515625 0.81859375 0.4393518515625 0.81859375 0.38898148125 0.7288541671875 0.38898148125
1 0.7146874999999999 0.35120370312500004 0.7146874999999999 0.38898148125 0.8161979171875 0.38898148125 0.8161979171875 0.35120370312500004 0.7146874999999999 0.35120370312500004
1 0.719375 0.3008333328125 0.719375 0.3553703703125 0.81859375 0.3553703703125 0.81859375 0.3008333328125 0.719375 0.3008333328125
1 0.7217708328125 0.26305555625 0.7217708328125 0.3134259265625 0.8115104171875 0.3134259265625 0.8115104171875 0.26305555625 0.7217708328125 0.26305555625
1 0.7122916671875 0.225277778125 0.7122916671875 0.2756481484375 0.8161979171875 0.2756481484375 0.8161979171875 0.225277778125 0.7122916671875 0.225277778125
1 0.71703125 0.1706481484375 0.71703125 0.22944444375 0.8091145828125 0.22944444375 0.8091145828125 0.1706481484375 0.71703125 0.1706481484375
1 0.7028645828125 0.13287037031249999 0.7028645828125 0.20425925937499997 0.80203125 0.20425925937499997 0.80203125 0.13287037031249999 0.7028645828125 0.13287037031249999
1 0.8209375 0.21685185156250003 0.8209375 0.3134259265625 0.9838541671875 0.3134259265625 0.9838541671875 0.21685185156250003 0.8209375 0.21685185156250003
1 0.8115104171875 0.149722221875 0.8115104171875 0.267222221875 0.9933333328125 0.267222221875 0.9933333328125 0.149722221875 0.8115104171875 0.149722221875
1 0.8161979171875 0.0699074078125 0.8161979171875 0.1916666671875 0.98859375 0.1916666671875 0.98859375 0.0699074078125 0.8161979171875 0.0699074078125
1 0.8209375 0.0111111109375 0.8209375 0.1245370375 0.9838541671875 0.1245370375 0.9838541671875 0.0111111109375 0.8209375 0.0111111109375
1 0.5635416671875 0.5695370375000001 0.5635416671875 0.6156481484375 0.6461979171875 0.6156481484375 0.6461979171875 0.5695370375000001 0.5635416671875 0.5695370375000001
1 0.65328125 0.565277778125 0.65328125 0.5275000000000001 0.55171875 0.5275000000000001 0.55171875 0.565277778125 0.65328125 0.565277778125
1 0.6485416671875 0.531759259375 0.6485416671875 0.5023148140625 0.5469791671875 0.5023148140625 0.5469791671875 0.531759259375 0.6485416671875 0.531759259375
1 0.5469791671875 0.47712962968749995 0.5469791671875 0.5065740734374999 0.65328125 0.5065740734374999 0.65328125 0.47712962968749995 0.5469791671875 0.47712962968749995
1 0.5564583328125 0.447777778125 0.5564583328125 0.47712962968749995 0.65328125 0.47712962968749995 0.65328125 0.447777778125 0.5564583328125 0.447777778125
1 0.5564583328125 0.4141666671875 0.5564583328125 0.447777778125 0.6485416671875 0.447777778125 0.6485416671875 0.4141666671875 0.5564583328125 0.4141666671875
1 0.5541145828125 0.38055555625 0.5541145828125 0.4141666671875 0.6485416671875 0.4141666671875 0.6485416671875 0.38055555625 0.5541145828125 0.38055555625
1 0.6461979171875 0.38055555625 0.6461979171875 0.3470370375 0.5564583328125 0.3470370375 0.5564583328125 0.38055555625 0.6461979171875 0.38055555625
1 0.5564583328125 0.3134259265625 0.5564583328125 0.3596296296875 0.6391145828125 0.3596296296875 0.6391145828125 0.3134259265625 0.5564583328125 0.3134259265625
1 0.6391145828125 0.3218518515625 0.6391145828125 0.2756481484375 0.5611979171875 0.2756481484375 0.5611979171875 0.3218518515625 0.6391145828125 0.3218518515625
1 0.6461979171875 0.2756481484375 0.6461979171875 0.22101851875 0.48562500000000003 0.22101851875 0.48562500000000003 0.2756481484375 0.6461979171875 0.2756481484375
1 0.5422916671875 0.38898148125 0.5422916671875 0.3470370375 0.3769791671875 0.3470370375 0.3769791671875 0.38898148125 0.5422916671875 0.38898148125
1 0.5422916671875 0.447777778125 0.5422916671875 0.38898148125 0.37223958281249997 0.38898148125 0.37223958281249997 0.447777778125 0.5422916671875 0.447777778125
1 0.5422916671875 0.47712962968749995 0.5422916671875 0.447777778125 0.37223958281249997 0.447777778125 0.37223958281249997 0.47712962968749995 0.5422916671875 0.47712962968749995
1 0.5446354171875 0.5149074078125 0.5446354171875 0.47712962968749995 0.38171875 0.47712962968749995 0.38171875 0.5149074078125 0.5446354171875 0.5149074078125
1 0.55171875 0.54851851875 0.55171875 0.5149074078125 0.38171875 0.5149074078125 0.38171875 0.54851851875 0.55171875 0.54851851875
1 0.55171875 0.586296296875 0.55171875 0.54851851875 0.41713541718749997 0.54851851875 0.41713541718749997 0.586296296875 0.55171875 0.586296296875
1 0.8142708328125 0.128796296875 0.8142708328125 0.043796296875 0.7049479171875 0.043796296875 0.7049479171875 0.128796296875 0.8142708328125 0.128796296875