1 0.5670833328125 0.65444444375 0.5670833328125 0.5800925921875 0.36875 0.5800925921875 0.36875 0.65444444375 0.5670833328125 0.65444444375
1 0.0016666671875 0.0826851859375 0.0016666671875 0.23009259218749997 0.22380208281249997 0.23009259218749997 0.22380208281249997 0.0826851859375 0.0016666671875 0.0826851859375
1 0.6846354171875 0.3570370375 0.6846354171875 0.30194444374999996 0.6601041671875 0.30194444374999996 0.6601041671875 0.3570370375 0.6846354171875 0.3570370375
1 0.70625 0.5403703703125 0.70625 0.50194444375 0.6809895828125 0.50194444375 0.6809895828125 0.5403703703125 0.70625 0.5403703703125
1 0.6867708328125001 0.5326851859375 0.6867708328125001 0.49935185156250006 0.6658854171875 0.49935185156250006 0.6658854171875 0.5326851859375 0.6867708328125001 0.5326851859375
1 0.5209374999999999 0.39935185156249997 0.5209374999999999 0.36472222187500003 0.4884375 0.36472222187500003 0.4884375 0.39935185156249997 0.5209374999999999 0.39935185156249997
1 0.5194791671875 0.28398148125 0.5194791671875 0.2275925921875 0.45385416718749994 0.2275925921875 0.45385416718749994 0.28398148125 0.5194791671875 0.28398148125
1 0.5324479171875 0.185277778125 0.5324479171875 0.2416666671875 0.5901562499999999 0.2416666671875 0.5901562499999999 0.185277778125 0.5324479171875 0.185277778125
1 0.5973437500000001 0.1300925921875 0.5973437500000001 0.1929629625 0.6803125 0.1929629625 0.6803125 0.1300925921875 0.5973437500000001 0.1300925921875
1 0.6839062499999999 0.112222221875 0.6839062499999999 0.144259259375 0.7178125 0.144259259375 0.7178125 0.112222221875 0.6839062499999999 0.112222221875
4 0.9976041671875 0.6788888890625 0.9976041671875 0.2800925921875 0.9327083328124999 0.2800925921875 0.9327083328124999 0.6788888890625 0.9976041671875 0.6788888890625
4 0.21588541718749998 0.394259259375 0.21588541718749998 0.662222221875 0.303125 0.662222221875 0.303125 0.394259259375 0.21588541718749998 0.394259259375
4 0.21875 0.146759259375 0.21875 0.40703703750000003 0.2988020828125 0.40703703750000003 0.2988020828125 0.146759259375 0.21875 0.146759259375
1 0.7244270828125 0.5856481484375 0.7244270828125 0.6463888890625 0.9226041671875 0.6463888890625 0.9226041671875 0.5856481484375 0.7244270828125 0.5856481484375
1 0.7221354171875001 0.5491666671875 0.7221354171875001 0.593703703125 0.9157291671875001 0.593703703125 0.9157291671875001 0.5491666671875 0.7221354171875001 0.5491666671875
1 0.7244270828125 0.5228703703125 0.7244270828125 0.5491666671875 0.9168749999999999 0.5491666671875 0.9168749999999999 0.5228703703125 0.7244270828125 0.5228703703125
1 0.72328125 0.470277778125 0.72328125 0.5228703703125 0.92484375 0.5228703703125 0.92484375 0.470277778125 0.72328125 0.470277778125
1 0.9305729171875001 0.476296296875 0.9305729171875001 0.423703703125 0.7255729171875 0.423703703125 0.7255729171875 0.476296296875 0.9305729171875001 0.476296296875
1 0.9282812500000001 0.429722221875 0.9282812500000001 0.3771296296875 0.7176041671875 0.3771296296875 0.7176041671875 0.429722221875 0.9282812500000001 0.429722221875
1 0.9236979171874999 0.391296296875 0.9236979171874999 0.33055555625 0.7244270828125 0.33055555625 0.7244270828125 0.391296296875 0.9236979171874999 0.391296296875
1 0.9226041671875 0.3568518515625 0.9226041671875 0.28194444375 0.7244270828125 0.28194444375 0.7244270828125 0.3568518515625 0.9226041671875 0.3568518515625
1 0.9157291671875001 0.32851851875000004 0.9157291671875001 0.24953703749999998 0.7267187500000001 0.24953703749999998 0.7267187500000001 0.32851851875000004 0.9157291671875001 0.32851851875000004
1 0.9203125 0.2759259265625 0.9203125 0.2029629625 0.7278645828125 0.2029629625 0.7278645828125 0.2759259265625 0.9203125 0.2759259265625
1 0.9203125 0.24148148125 0.9203125 0.1524074078125 0.71875 0.1524074078125 0.71875 0.24148148125 0.9203125 0.24148148125
1 0.91234375 0.1949074078125 0.91234375 0.1099074078125 0.7244270828125 0.1099074078125 0.7244270828125 0.1949074078125 0.91234375 0.1949074078125
1 0.9203125 0.12 0.9203125 0.06731481406249999 0.7209895828125 0.06731481406249999 0.7209895828125 0.12 0.9203125 0.12
1 0.6640625 0.33259259218750004 0.6640625 0.29407407343749997 0.5353645828125 0.29407407343749997 0.5353645828125 0.33259259218750004 0.6640625 0.33259259218750004
1 0.6640625 0.3670370375 0.6640625 0.32648148125 0.52515625 0.32648148125 0.52515625 0.3670370375 0.6640625 0.3670370375
1 0.6640104171875 0.3888888890625 0.6640104171875 0.3656481484375 0.5298437500000001 0.3656481484375 0.5298437500000001 0.3888888890625 0.6640104171875 0.3888888890625
1 0.6655729171875 0.4058333328125 0.6655729171875 0.3916666671875 0.5733854171874999 0.3916666671875 0.5733854171874999 0.4058333328125 0.6655729171875 0.4058333328125
1 0.6636979171874999 0.43231481406250005 0.6636979171874999 0.4091666671875 0.5972395828125 0.4091666671875 0.5972395828125 0.43231481406250005 0.6636979171874999 0.43231481406250005
1 0.6636979171874999 0.4561111109375 0.6636979171874999 0.43351851874999997 0.60234375 0.43351851874999997 0.60234375 0.4561111109375 0.6636979171874999 0.4561111109375
1 0.6696875 0.479259259375 0.6696875 0.4561111109375 0.6058333328125001 0.4561111109375 0.6058333328125001 0.479259259375 0.6696875 0.479259259375
1 0.6665104171875 0.5058333328125 0.6665104171875 0.4798148140625 0.6052083328125 0.4798148140625 0.6052083328125 0.5058333328125 0.6665104171875 0.5058333328125
1 0.6652604171875 0.5351851859375001 0.6652604171875 0.505277778125 0.6067708328125 0.505277778125 0.6067708328125 0.5351851859375001 0.6652604171875 0.5351851859375001
1 0.6684375 0.5606481484375 0.6684375 0.52898148125 0.6077604171875 0.52898148125 0.6077604171875 0.5606481484375 0.6684375 0.5606481484375
1 0.7247916671875 0.2906481484375 0.7247916671875 0.259722221875 0.693125 0.259722221875 0.693125 0.2906481484375 0.7247916671875 0.2906481484375
1 0.7247916671875 0.3229629625 0.7247916671875 0.2906481484375 0.6979166671875 0.2906481484375 0.6979166671875 0.3229629625 0.7247916671875 0.3229629625
1 0.7279687499999999 0.349722221875 0.7279687499999999 0.3174074078125 0.6970833328125 0.3174074078125 0.6970833328125 0.349722221875 0.7279687499999999 0.349722221875
1 0.7271354171875 0.3708333328125 0.7271354171875 0.3426851859375 0.7010416671875 0.3426851859375 0.7010416671875 0.3708333328125 0.7271354171875 0.3708333328125
1 0.7255729171875 0.3975 0.7255729171875 0.3708333328125 0.6970833328125 0.3708333328125 0.6970833328125 0.3975 0.7255729171875 0.3975
1 0.7263541671875 0.4270370375 0.7263541671875 0.39888888906250003 0.7002604171875 0.39888888906250003 0.7002604171875 0.4270370375 0.7263541671875 0.4270370375
1 0.7279687499999999 0.4593518515625 0.7279687499999999 0.4270370375 0.7018229171875 0.4270370375 0.7018229171875 0.4593518515625 0.7279687499999999 0.4593518515625
1 0.7255729171875 0.49175925937500004 0.7255729171875 0.462222221875 0.7034374999999999 0.462222221875 0.7034374999999999 0.49175925937500004 0.7255729171875 0.49175925937500004
1 0.7263541671875 0.5113888890625 0.7263541671875 0.490277778125 0.7073958328125001 0.490277778125 0.7073958328125001 0.5113888890625 0.7263541671875 0.5113888890625
1 0.7263541671875 0.5409259265624999 0.7263541671875 0.512777778125 0.70578125 0.512777778125 0.70578125 0.5409259265624999 0.7263541671875 0.5409259265624999
1 0.7231770828124999 0.5620370375 0.7231770828124999 0.5423148140625 0.7073958328125001 0.5423148140625 0.7073958328125001 0.5620370375 0.7231770828124999 0.5620370375
1 0.5942708328124999 0.4298148140625 0.5942708328124999 0.40453703750000003 0.4535416671875 0.40453703750000003 0.4535416671875 0.4298148140625 0.5942708328124999 0.4298148140625
1 0.5942708328124999 0.4593518515625 0.5942708328124999 0.4298148140625 0.4622395828125 0.4298148140625 0.4622395828125 0.4593518515625 0.5942708328124999 0.4593518515625
1 0.5824479171875 0.4818518515625 0.5824479171875 0.4663888890625 0.4677604171875 0.4663888890625 0.4677604171875 0.4818518515625 0.5824479171875 0.4818518515625
1 0.5824479171875 0.512777778125 0.5824479171875 0.4818518515625 0.4677604171875 0.4818518515625 0.4677604171875 0.512777778125 0.5824479171875 0.512777778125
1 0.5832291671875 0.5338888890625 0.5832291671875 0.512777778125 0.4677604171875 0.512777778125 0.4677604171875 0.5338888890625 0.5832291671875 0.5338888890625
1 0.5832291671875 0.5549999999999999 0.5832291671875 0.5338888890625 0.4804166671875 0.5338888890625 0.4804166671875 0.5549999999999999 0.5832291671875 0.5549999999999999
1 0.2230208328125 0.7805555562500001 0.2230208328125 0.23898148125000002 0.0038020828125000005 0.23898148125000002 0.0038020828125000005 0.7805555562500001 0.2230208328125 0.7805555562500001