1 0.6565104171875 0.5813888890625 0.6565104171875 0.5429629625 0.5432812499999999 0.5429629625 0.5432812499999999 0.5813888890625 0.6565104171875 0.5813888890625
1 0.6910937500000001 0.544259259375 0.6910937500000001 0.5186111109375 0.6428125 0.5186111109375 0.6428125 0.544259259375 0.6910937500000001 0.544259259375
1 0.7055208328125 0.5788888890624999 0.7055208328125 0.5506481484375 0.65 0.5506481484375 0.65 0.5788888890624999 0.7055208328125 0.5788888890624999
1 0.7235416671875 0.294259259375 0.7235416671875 0.2711111109375 0.6543229171875 0.2711111109375 0.6543229171875 0.294259259375 0.7235416671875 0.294259259375
1 0.7199479171875 0.3288888890625 0.7199479171875 0.29675925937500003 0.6608333328125 0.29675925937500003 0.6608333328125 0.3288888890625 0.7199479171875 0.3288888890625
1 0.7596354171875 0.4673148140625 0.7596354171875 0.435277778125 0.6954166671875 0.435277778125 0.6954166671875 0.4673148140625 0.7596354171875 0.4673148140625
1 0.7596354171875 0.5186111109375 0.7596354171875 0.4890740734375 0.7047916671875 0.4890740734375 0.7047916671875 0.5186111109375 0.7596354171875 0.5186111109375
1 0.7625 0.5762962968750001 0.7625 0.5365740734375 0.7040625 0.5365740734375 0.7040625 0.5762962968750001 0.7625 0.5762962968750001
1 0.8577083328124999 0.475 0.8577083328124999 0.4390740734375 0.7538541671875 0.4390740734375 0.7538541671875 0.475 0.8577083328124999 0.475
1 0.8569791671875 0.5147222218749999 0.8569791671875 0.48527777812500006 0.7603125000000001 0.48527777812500006 0.7603125000000001 0.5147222218749999 0.8569791671875 0.5147222218749999
1 0.8591145828125001 0.5634259265625 0.8591145828125001 0.5390740734375 0.7603125000000001 0.5390740734375 0.7603125000000001 0.5634259265625 0.8591145828125001 0.5634259265625
2 0.8800520828125 0.5583333328125 0.8800520828125 0.3711111109375 0.7776562499999999 0.3711111109375 0.7776562499999999 0.5583333328125 0.8800520828125 0.5583333328125
2 0.7321875 0.5826851859375 0.7321875 0.3596296296875 0.6601041671875 0.3596296296875 0.6601041671875 0.5826851859375 0.7321875 0.5826851859375
2 0.3954166671875 0.70444444375 0.3954166671875 0.20444444375 0.2663541671875 0.20444444375 0.2663541671875 0.70444444375 0.3954166671875 0.70444444375
4 0.4452083328125 0.49296296249999993 0.4452083328125 0.6152777781250001 0.5505729171875 0.6152777781250001 0.5505729171875 0.49296296249999993 0.4452083328125 0.49296296249999993
4 0.34421875 0.5006481484374999 0.34421875 0.6147222218749999 0.4574479171875 0.6147222218749999 0.4574479171875 0.5006481484374999 0.34421875 0.5006481484374999
4 0.3449479171875 0.403240740625 0.3449479171875 0.503240740625 0.453125 0.503240740625 0.453125 0.403240740625 0.3449479171875 0.403240740625
4 0.34781249999999997 0.29555555624999996 0.34781249999999997 0.40194444375 0.453125 0.40194444375 0.453125 0.29555555624999996 0.34781249999999997 0.29555555624999996
4 0.340625 0.1916666671875 0.340625 0.303240740625 0.4516666671875 0.303240740625 0.4516666671875 0.1916666671875 0.340625 0.1916666671875
4 0.31828124999999996 0.08777777812500001 0.31828124999999996 0.20444444375 0.44734375000000004 0.20444444375 0.44734375000000004 0.08777777812500001 0.31828124999999996 0.08777777812500001
4 0.3196875 0.0006481484375 0.3196875 0.14555555625 0.44375 0.14555555625 0.44375 0.0006481484375 0.3196875 0.0006481484375
4 0.2108333328125 0.0006481484375 0.2108333328125 0.344259259375 0.4047916671875 0.344259259375 0.4047916671875 0.0006481484375 0.2108333328125 0.0006481484375
4 0.4105729171875 0.6993518515625 0.4105729171875 0.3288888890625 0.2086458328125 0.3288888890625 0.2086458328125 0.6993518515625 0.4105729171875 0.6993518515625
4 0.1891666671875 0.7211111109375 0.1891666671875 0.30962962968749996 0.0009375 0.30962962968749996 0.0009375 0.7211111109375 0.1891666671875 0.7211111109375
4 0.0391666671875 0.10574074062500001 0.0391666671875 0.3865740734375 0.2 0.3865740734375 0.2 0.10574074062500001 0.0391666671875 0.10574074062500001
4 0.2007291671875 0.6313888890625 0.2007291671875 0.3788888890625 0.031979167187500004 0.3788888890625 0.031979167187500004 0.6313888890625 0.2007291671875 0.6313888890625