1 0.7452083328125 0.47240740781249996 0.7452083328125 0.44296296249999995 0.6413541671874999 0.44296296249999995 0.6413541671874999 0.47240740781249996 0.7452083328125 0.47240740781249996
1 0.7480729171875 0.5224074078125 0.7480729171875 0.494259259375 0.6514583328125 0.494259259375 0.6514583328125 0.5224074078125 0.7480729171875 0.5224074078125
1 0.7351041671874999 0.573703703125 0.7351041671874999 0.54805555625 0.6565104171875 0.54805555625 0.6565104171875 0.573703703125 0.7351041671874999 0.573703703125
1 0.6550520828125 0.5890740734375 0.6550520828125 0.54805555625 0.6038541671875 0.54805555625 0.6038541671875 0.5890740734375 0.6550520828125 0.5890740734375
1 0.6507291671875 0.5275925921875 0.6507291671875 0.4916666671875 0.5980729171875 0.4916666671875 0.5980729171875 0.5275925921875 0.6507291671875 0.5275925921875
1 0.6471354171875 0.47240740781249996 0.6471354171875 0.43777777812499996 0.5894270828125 0.43777777812499996 0.5894270828125 0.47240740781249996 0.6471354171875 0.47240740781249996
1 0.5403645828125 0.6173148140625 0.5403645828125 0.5634259265625 0.40697916718749994 0.5634259265625 0.40697916718749994 0.6173148140625 0.5403645828125 0.6173148140625
1 0.5922916671875 0.5686111109375 0.5922916671875 0.5313888890625 0.53390625 0.5313888890625 0.53390625 0.5686111109375 0.5922916671875 0.5686111109375
1 0.57859375 0.6006481484374999 0.57859375 0.564722221875 0.5367708328125 0.564722221875 0.5367708328125 0.6006481484374999 0.57859375 0.6006481484374999
1 0.6002604171875 0.2993518515625 0.6002604171875 0.2775925921875 0.5375 0.2775925921875 0.5375 0.2993518515625 0.6002604171875 0.2993518515625
1 0.603125 0.326296296875 0.603125 0.29805555625 0.5432812499999999 0.29805555625 0.5432812499999999 0.326296296875 0.603125 0.326296296875
1 0.9983333328124999 0.555740740625 0.9983333328124999 0.526296296875 0.9290625 0.526296296875 0.9290625 0.555740740625 0.9983333328124999 0.555740740625
2 0.7675520828125 0.56601851875 0.7675520828125 0.376296296875 0.6622395828125 0.376296296875 0.6622395828125 0.56601851875 0.7675520828125 0.56601851875
2 0.6261979171875 0.6006481484374999 0.6261979171875 0.3403703703125 0.55625 0.3403703703125 0.55625 0.6006481484374999 0.6261979171875 0.6006481484374999
2 0.0023958328125 0.653240740625 0.0023958328125 0.8519444437500001 0.06296874999999999 0.8519444437500001 0.06296874999999999 0.653240740625 0.0023958328125 0.653240740625
4 0.4134375 0.646759259375 0.4134375 0.4903703703125 0.21515625 0.4903703703125 0.21515625 0.646759259375 0.4134375 0.646759259375
4 0.2757291671875 0.6724074078125 0.2757291671875 0.496759259375 0.0672916671875 0.496759259375 0.0672916671875 0.6724074078125 0.2757291671875 0.6724074078125
4 0.0016666671875 0.1916666671875 0.0016666671875 0.8300925921875001 0.1293229171875 0.8300925921875001 0.1293229171875 0.1916666671875 0.0016666671875 0.1916666671875
4 0.0016666671875 0.0006481484375 0.0016666671875 0.2224074078125 0.1206770828125 0.2224074078125 0.1206770828125 0.0006481484375 0.0016666671875 0.0006481484375
4 0.1011979171875 0.0006481484375 0.1011979171875 0.1916666671875 0.2627604171875 0.1916666671875 0.2627604171875 0.0006481484375 0.1011979171875 0.0006481484375
4 0.265625 0.25833333281250004 0.265625 0.0313888890625 0.1019270828125 0.0313888890625 0.1019270828125 0.25833333281250004 0.265625 0.25833333281250004
4 0.27067708281249997 0.3711111109375 0.27067708281249997 0.185277778125 0.10479166718749999 0.185277778125 0.10479166718749999 0.3711111109375 0.27067708281249997 0.3711111109375
4 0.2735416671875 0.50444444375 0.2735416671875 0.344259259375 0.0773958328125 0.344259259375 0.0773958328125 0.50444444375 0.2735416671875 0.50444444375