1 0.9074479171875 0.3686111109375 0.9074479171875 0.4686111109375 0.9983333328124999 0.4686111109375 0.9983333328124999 0.3686111109375 0.9074479171875 0.3686111109375
1 0.471875 0.4813888890625 0.471875 0.435277778125 0.3327083328125 0.435277778125 0.3327083328125 0.4813888890625 0.471875 0.4813888890625
1 0.47906250000000006 0.56601851875 0.47906250000000006 0.5109259265625 0.3398958328125 0.5109259265625 0.3398958328125 0.56601851875 0.47906250000000006 0.56601851875
1 0.47546875 0.6455555562499999 0.47546875 0.5890740734375 0.34421875 0.5890740734375 0.34421875 0.6455555562499999 0.47546875 0.6455555562499999
1 0.34640624999999997 0.7096296296875 0.34640624999999997 0.6109259265625 0.22593749999999999 0.6109259265625 0.22593749999999999 0.7096296296875 0.34640624999999997 0.7096296296875
1 0.34421875 0.5800925921875 0.34421875 0.5070370375000001 0.22593749999999999 0.5070370375000001 0.22593749999999999 0.5800925921875 0.34421875 0.5800925921875
1 0.33703125 0.4583333328125 0.33703125 0.3903703703125 0.20505208281249998 0.3903703703125 0.20505208281249998 0.4583333328125 0.33703125 0.4583333328125
1 0.1430208328125 0.7186111109375 0.1430208328125 0.6186111109375 0.0009375 0.6186111109375 0.0009375 0.7186111109375 0.1430208328125 0.7186111109375
1 0.0045833328125 0.7083333328125 0.0045833328125 0.812222221875 0.1011979171875 0.812222221875 0.1011979171875 0.7083333328125 0.0045833328125 0.7083333328125
2 0.5065104171875 0.6288888890625 0.5065104171875 0.337777778125 0.34421875 0.337777778125 0.34421875 0.6288888890625 0.5065104171875 0.6288888890625
2 0.2721354171875 0.775 0.2721354171875 0.137777778125 0.07234375 0.137777778125 0.07234375 0.775 0.2721354171875 0.775
1 0.7238020828125 0.5781481484375 0.7238020828125 0.5561111109375 0.6505729171875 0.5561111109375 0.6505729171875 0.5781481484375 0.7238020828125 0.5781481484375