1 0.6297916671875 0.462222221875 0.6297916671875 0.41472222187499996 0.5425520828125 0.41472222187499996 0.5425520828125 0.462222221875 0.6297916671875 0.462222221875
1 0.7466145828124999 0.4813888890625 0.7466145828124999 0.43398148125 0.6269270828125 0.43398148125 0.6269270828125 0.4813888890625 0.7466145828124999 0.4813888890625
1 0.7422916671875 0.5288888890625 0.7422916671875 0.50194444375 0.6269270828125 0.50194444375 0.6269270828125 0.5288888890625 0.7422916671875 0.5288888890625
1 0.7408854171875 0.596759259375 0.7408854171875 0.562222221875 0.6341145828125 0.562222221875 0.6341145828125 0.596759259375 0.7408854171875 0.596759259375
1 0.5375 0.6096296296875 0.5375 0.555740740625 0.46901041718750003 0.555740740625 0.46901041718750003 0.6096296296875 0.5375 0.6096296296875
1 0.5303125 0.6429629625 0.5303125 0.603240740625 0.48484375 0.603240740625 0.48484375 0.6429629625 0.5303125 0.6429629625
1 0.48270833281250003 0.6788888890625 0.48270833281250003 0.59555555625 0.25046875 0.59555555625 0.25046875 0.6788888890625 0.48270833281250003 0.6788888890625
1 0.6370312499999999 0.6275925921875001 0.6370312499999999 0.5673148140625 0.5735416671875 0.5673148140625 0.5735416671875 0.6275925921875001 0.6370312499999999 0.6275925921875001
1 0.6327083328125 0.55194444375 0.6327083328125 0.5006481484374999 0.5728125000000001 0.5006481484374999 0.5728125000000001 0.55194444375 0.6327083328125 0.55194444375
1 0.996875 0.573703703125 0.996875 0.5416666671875 0.95 0.5416666671875 0.95 0.573703703125 0.996875 0.573703703125
2 0.603125 0.6455555562499999 0.603125 0.275 0.5 0.275 0.5 0.6455555562499999 0.603125 0.6455555562499999
2 0.7776562499999999 0.6044444437500001 0.7776562499999999 0.34555555625 0.6428125 0.34555555625 0.6428125 0.6044444437500001 0.7776562499999999 0.6044444437500001
4 0.24973958281250003 0.7788888890625 0.24973958281250003 0.49555555625 0.0009375 0.49555555625 0.0009375 0.7788888890625 0.24973958281250003 0.7788888890625