1 0.6752604171875001 0.0775925921875 0.6752604171875001 0.004444443750000001 0.5461458328125001 0.004444443750000001 0.5461458328125001 0.0775925921875 0.6752604171875001 0.0775925921875
1 0.6824479171875 0.15194444375 0.6824479171875 0.0686111109375 0.5504687500000001 0.0686111109375 0.5504687500000001 0.15194444375 0.6824479171875 0.15194444375
1 0.6766666671875 0.287777778125 0.6766666671875 0.20962962968749999 0.5577083328125 0.20962962968749999 0.5577083328125 0.287777778125 0.6766666671875 0.287777778125
1 0.5605729171875 0.31601851875000003 0.5605729171875 0.2570370375 0.5446875 0.2570370375 0.5446875 0.31601851875000003 0.5605729171875 0.31601851875000003
1 0.5418229171875 0.33398148125 0.5418229171875 0.2903703703125 0.528125 0.2903703703125 0.528125 0.33398148125 0.5418229171875 0.33398148125
1 0.5511979171875 0.35194444375 0.5511979171875 0.4109259265625 0.6940104171875 0.4109259265625 0.6940104171875 0.35194444375 0.5511979171875 0.35194444375
1 0.5627604171875 0.4326851859375 0.5627604171875 0.37759259218749996 0.5288541671875 0.37759259218749996 0.5288541671875 0.4326851859375 0.5627604171875 0.4326851859375
1 0.0709375 0.36601851875 0.0709375 0.18398148125 0.0023958328125 0.18398148125 0.0023958328125 0.36601851875 0.0709375 0.36601851875
1 0.06515625 0.69555555625 0.06515625 0.5147222218749999 0.003125 0.5147222218749999 0.003125 0.69555555625 0.06515625 0.69555555625
1 0.06875 0.99805555625 0.06875 0.79555555625 0.0002604171875 0.79555555625 0.0002604171875 0.99805555625 0.06875 0.99805555625
1 0.5367708328125 0.596759259375 0.5367708328125 0.562222221875 0.4422916671875 0.562222221875 0.4422916671875 0.596759259375 0.5367708328125 0.596759259375
1 0.7278645828125 0.6044444437500001 0.7278645828125 0.5634259265625 0.5483333328125 0.5634259265625 0.5483333328125 0.6044444437500001 0.7278645828125 0.6044444437500001
1 0.9261979171875 0.23777777812499998 0.9261979171875 0.19037037031249998 0.8836458328125 0.19037037031249998 0.8836458328125 0.23777777812499998 0.9261979171875 0.23777777812499998
1 0.9175520828125 0.1724074078125 0.9175520828125 0.1993518515625 0.9773958328125 0.1993518515625 0.9773958328125 0.1724074078125 0.9175520828125 0.1724074078125
1 0.9680208328125 0.10444444374999999 0.9680208328125 0.0416666671875 0.9038541671875 0.0416666671875 0.9038541671875 0.10444444374999999 0.9680208328125 0.10444444374999999
1 0.9766666671875001 0.3403703703125 0.9766666671875001 0.30194444374999996 0.92546875 0.30194444374999996 0.92546875 0.3403703703125 0.9766666671875001 0.3403703703125
1 0.9261979171875 0.3596296296875 0.9261979171875 0.3186111109375 0.875 0.3186111109375 0.875 0.3596296296875 0.9261979171875 0.3596296296875
2 0.41166666718749995 0.4063888890625 0.41166666718749995 0.5878703703125 0.4451041671875 0.5878703703125 0.4451041671875 0.4063888890625 0.41166666718749995 0.4063888890625