1 0.7278645828125 0.70444444375 0.7278645828125 0.605740740625 0.45531249999999995 0.605740740625 0.45531249999999995 0.70444444375 0.7278645828125 0.70444444375
1 0.4516666671875 0.5865740734375 0.4516666671875 0.54555555625 0.42213541718750003 0.54555555625 0.42213541718750003 0.5865740734375 0.4516666671875 0.5865740734375
1 0.6319791671874999 0.3711111109375 0.6319791671874999 0.2813888890625 0.44734375000000004 0.2813888890625 0.44734375000000004 0.3711111109375 0.6319791671874999 0.3711111109375
1 0.4452083328125 0.403240740625 0.4452083328125 0.325 0.42213541718750003 0.325 0.42213541718750003 0.403240740625 0.4452083328125 0.403240740625
1 0.42281250000000004 0.4109259265625 0.42281250000000004 0.37240740781250004 0.4019270828125 0.37240740781250004 0.4019270828125 0.4109259265625 0.42281250000000004 0.4109259265625
1 0.40625 0.6634259265625 0.40625 0.5980555562500001 0.25338541718749996 0.5980555562500001 0.25338541718749996 0.6634259265625 0.40625 0.6634259265625
1 0.6233333328125 0.1916666671875 0.6233333328125 0.0506481484375 0.43656249999999996 0.0506481484375 0.43656249999999996 0.1916666671875 0.6233333328125 0.1916666671875
1 0.4639583328125 0.25194444374999997 0.4639583328125 0.155740740625 0.41994791718749996 0.155740740625 0.41994791718749996 0.25194444374999997 0.4639583328125 0.25194444374999997
1 0.43723958281249997 0.2724074078125 0.43723958281249997 0.212222221875 0.396875 0.212222221875 0.396875 0.2724074078125 0.43723958281249997 0.2724074078125
1 0.43656249999999996 0.114722221875 0.43656249999999996 0.0313888890625 0.39328124999999997 0.0313888890625 0.39328124999999997 0.114722221875 0.43656249999999996 0.114722221875
1 0.1740625 0.5865740734375 0.1740625 0.5583333328125 0.1336458328125 0.5583333328125 0.1336458328125 0.5865740734375 0.1740625 0.5865740734375
1 0.9997395828125001 0.3224074078125 0.9997395828125001 0.26342592656249997 0.9045833328124999 0.26342592656249997 0.9045833328124999 0.3224074078125 0.9997395828125001 0.3224074078125
1 0.9990625 0.2173148140625 0.9990625 0.1775925921875 0.9658854171875 0.1775925921875 0.9658854171875 0.2173148140625 0.9990625 0.2173148140625
1 0.9665625 0.246759259375 0.9665625 0.1929629625 0.9016666671875001 0.1929629625 0.9016666671875001 0.246759259375 0.9665625 0.246759259375
2 0.2546354171875 0.6506481484375 0.2546354171875 0.33851851875 0.1992708328125 0.33851851875 0.1992708328125 0.6506481484375 0.2546354171875 0.6506481484375
4 0.8966145828125001 0.0403703703125 0.8966145828125001 0.155740740625 0.9983333328124999 0.155740740625 0.9983333328124999 0.0403703703125 0.8966145828125001 0.0403703703125